13 0.8603686827487506 0.6370388985519144 0.2672277868534724 0.20617946403563464
21 0.8319332518029519 0.556879231222187 0.2906652868534724 0.20645218403881635
11 0.7681253249412158 0.5685621658975502 0.06824346656500016 0.11326361600890866
11 0.5175434434823268 0.5464711792648214 0.05814111474138883 0.08190452800763595
13 0.9017905037028129 0.5029269805458692 0.059123039703263915 0.12409202800763594
20 0.2600407212177435 0.5963551899665924 0.4994973858272919 0.31978962006681505
27 0.2692871282278476 0.5235716706317743 0.1727868026210418 0.17540108402290802
19 0.5311149810013893 0.5252137972629123 0.09033667211208343 0.12289315467854482
19 0.5456314226807644 0.5109785745942306 0.053744555470833434 0.09434998400699968
19 0.5969029819513199 0.4978785905872309 0.03415810087368065 0.05819430800445424
14 0.8714665708571531 0.4759286758832326 0.06486519984750032 0.1694590720082724
14 0.973460256268264 0.694986663868597 0.05307948746347187 0.4694954346753633