13 0.8538791017411302 0.636314324032195 0.25858069279472173 0.1978140533834914
21 0.8303984861434394 0.5551425784808192 0.28197272868809903 0.19720655832640724
11 0.7665178425699302 0.5640029253247894 0.06255748746358769 0.1117943458553869
11 0.5176340616911178 0.5319066442216004 0.05388116943775678 0.08178851087441501
13 0.9032305808914476 0.5044621461615856 0.05193823620994635 0.12228617688202625
20 0.255952415610326 0.5707276995822581 0.48635400329870526 0.30229460083548376
27 0.27029004875899404 0.49896544612221694 0.16414873119538154 0.170556533611828
19 0.5319095103583342 0.5117705577577536 0.08309730799670109 0.120434516805914
19 0.5471480654520414 0.49785263779580974 0.047949418184115446 0.0924713428896375
19 0.5992190308123054 0.4863447934232976 0.031324207838416565 0.05745967292769336
14 0.8750230128656167 0.4758888185949875 0.05486465940862715 0.16922484387822045
14 0.9761151852728744 0.7003702123594773 0.04776962945425112 0.46973417984777566