8 0.69326383290013 0.5542322917136905 0.05731791673534044 0.14357313176151507
8 0.7803748514964065 0.5198254814225105 0.05808001938304247 0.11865802108977448
24 0.6572474092702498 0.5037813055538549 0.0572838452737028 0.14148979842818196
13 0.2213831383464987 0.19411791564090244 0.057769856214916704 0.3142366864383302
13 0.8884646695383416 0.0584289498622111 0.06382007544322309 0.1168578997244222
13 0.9206928956806102 0.30747217252380366 0.14924652713995062 0.6149443450476073
12 0.300929517678289 0.22892799665514801 0.046131917278043 0.10322579447384914
12 0.49096578264595314 0.19434259214382613 0.048337551806199995 0.09506223979703421
13 0.3903098084868536 0.27708337974716785 0.10986779929292832 0.5541667594943357
12 0.3912467736818877 0.21301651837919047 0.04003861610981169 0.0882180144992199
12 0.5197016839703671 0.6542110229677912 0.0921921716194234 0.41661358762958733
24 0.37146223540023876 0.7076154116617824 0.30378272042237936 0.4818936667162414
24 0.13553452383750755 0.7585208359447678 0.2710690476750151 0.48261877079742777