7 0.8594847775175644 0.5572916666666666 0.02107728337236534 0.03958333333333333
24 0.12002341920374707 0.48541666666666666 0.24004683840749413 0.4125
24 0.4274004683840749 0.5802083333333333 0.11475409836065574 0.20625
4 0.8255269320843092 0.7583333333333333 0.3372365339578454 0.475
13 0.7763466042154566 0.31145833333333334 0.03981264637002342 0.45208333333333334
13 0.8507025761124122 0.27395833333333336 0.01990632318501171 0.39375
23 0.9121779859484778 0.29583333333333334 0.17330210772833723 0.5708333333333333
11 0.2933255269320843 0.2864583333333333 0.5866510538641686 0.5729166666666666
2 0.6124121779859485 0.51875 0.01639344262295082 0.025
12 0.2898126463700234 0.559375 0.02459016393442623 0.13125
12 0.5848946135831382 0.51875 0.00819672131147541 0.029166666666666667