7 0.8499986206839409 0.40990779688898715 0.02654476773944489 0.048183317199668826
24 0.1337655530648021 0.6493347626830871 0.2675311061296042 0.5070028586995075
24 0.430315127915965 0.6139323000185818 0.14343283769159476 0.251442336973966
4 0.8173174698363397 0.6179381182529998 0.3553480506058644 0.609825541237983
13 0.7383279896014887 0.22017832330258377 0.1064821940991304 0.42603024069569
13 0.8064759154536251 0.17087525083202112 0.07791467963139158 0.3257514696839151
23 0.8687708003756868 0.22882142335242026 0.2530907177497973 0.4421286338756263
11 0.2968384074941452 0.39578087470224416 0.5936768149882904 0.7915617494044883
2 0.6041435832929914 0.476124616825467 0.019246434922222045 0.03144392766036527
12 0.2932679440489714 0.6510619309082145 0.04440328321281274 0.1379363372358218
12 0.5770241059448511 0.4873041791470254 0.012220673798100398 0.031371204787728264