11 0.5093099594116257 0.5577833947158919 0.028943206168510115 0.04802100593149916
11 0.41258100973593737 0.6148875819780415 0.04988299756436802 0.08478617688202625
11 0.5276235827884204 0.5320193907615592 0.019186376623205346 0.025764003954332714
13 0.9738404691541536 0.5222133788613801 0.05231906169169278 0.13842051285158127
21 0.8068205645277711 0.6539939139560829 0.38635887094445776 0.5426065830409866
14 0.4042639492653561 0.5862996669590134 0.05319891233702041 0.09585101087441501
14 0.9357382715070601 0.3535562207624342 0.038645488635914306 0.06715300790866544
17 0.8671752321397971 0.4118581520930847 0.1326524074657563 0.26459569368794006
20 0.23327138514132678 0.6886473700384935 0.3842149074657565 0.2748460800752371
15 0.05889908197764145 0.4182114891255851 0.11141615584090336 0.47920202174882987
6 0.8872677694784652 0.712497480648266 0.22546446104306953 0.306488716425353