11 0.4904577871090501 0.5574999821198183 0.02528384288963732 0.04599446159934022
11 0.38068353908621644 0.5700802016367174 0.04549818380210837 0.0824775308788123
11 0.5179779506452034 0.5418378782006101 0.01814250494291585 0.02393760517284953
13 0.9523516561589606 0.7293579809326841 0.09529668768207884 0.13402331050398358
21 0.7519231636105154 0.754822296846944 0.41202242790779026 0.45989445486891556
14 0.3841295326604258 0.5394750593168494 0.0475063527754692 0.093460494985435
14 0.9593669545995361 0.547767000133014 0.03392401384016423 0.06653428213245363
17 0.8743526260443548 0.5729237759972614 0.11525622136826925 0.26242109514371953
20 0.1980792861204669 0.5613142700582597 0.3592317144481868 0.2367464598834806
15 0.10339554992345032 0.23619591277383917 0.13491609984690064 0.47239182554767833
6 0.8004654343707621 0.8519640698081975 0.26181288638729683 0.2588822211662517