21 0.7446477125369029 0.7845149163942102 0.45288696405730133 0.43097016721157966
11 0.8627677407598713 0.8719212333576133 0.1735020205032381 0.2561575332847735
11 0.46499496198874885 0.5858121838440805 0.03381449400955035 0.07398297077900687
11 0.517475121244576 0.582819597398917 0.025347229581580068 0.055096603084255055
11 0.4455827630772079 0.5596763778377262 0.020004965153609788 0.036264782467404014
11 0.5400396020072822 0.6082287004831721 0.03515873920022674 0.06776024431795716
13 0.7514830442954011 0.6869651753193686 0.06550100362819719 0.08702844155801355
27 0.6985911680718658 0.7689049220729578 0.16877482576804842 0.18252394805083547
3 0.08796375835270248 0.6337085726454459 0.17592751670540496 0.33616714529089187
24 0.3353570804077358 0.47019904626382647 0.02814484736759475 0.04577615016215582
14 0.44356639529119307 0.5502604675293006 0.02518353847458741 0.05040910308425506
15 0.68944935808255 0.35912081898870263 0.1566369905509891 0.6398455243497293