21 0.7558575028913874 0.77993513737268 0.43383376091159587 0.44012972525463995
11 0.8783917360854735 0.8611316880569518 0.16015222729976805 0.2777366238860964
11 0.4655375449061724 0.5830345073997242 0.029554848821136303 0.07374658267027243
11 0.5181359628909499 0.5773935820734966 0.024103344866803766 0.054942038669636165
11 0.44464938334718535 0.558561218730088 0.018588173916276672 0.034574994668999895
11 0.5421491244499368 0.6019032334102237 0.03236151384016459 0.06597044533736351
13 0.756758111104064 0.6677116887730405 0.06281301779449713 0.08506589067472685
27 0.7079757598114697 0.7523406801002227 0.16019203657757758 0.17521927068745366
3 0.08606619809938335 0.6550244020130449 0.1721323961987667 0.3256738040260897
24 0.33077256714929376 0.4759476187141797 0.02528384288963732 0.0455852200031817
14 0.4426558018262545 0.5499401967297699 0.023912343878220454 0.05025453866963616
15 0.6792485123201086 0.34478217142740475 0.1275386344473116 0.638681786680454