21 0.7634874320297487 0.6762775163394474 0.47302513594050277 0.5691440297743924
11 0.2901941214194506 0.6212027961138398 0.10472495735199913 0.14230312406898663
11 0.548795867401315 0.4754920740307146 0.03186816534054522 0.05458049214211709
10 0.7612515087523597 0.5961362520714238 0.2383930747135432 0.3562286910658786
6 0.5188378367679498 0.7223328407799375 0.3449714334022696 0.5236045897419711
6 0.15751852876349554 0.7063312750213906 0.25690562269254424 0.20248726095825464
6 0.9203879620464523 0.7666926929324147 0.1592240759070954 0.2577868829603268
6 0.6047298834340863 0.7144239873891154 0.16819075739972417 0.49663105913900907
19 0.39975093475490503 0.6317335736164298 0.17872717337681623 0.32846325599585596
19 0.44940494207508747 0.5324933988854894 0.09242495202099903 0.1589084272121397
15 0.6705783187062254 0.26033149276579887 0.13127146538827006 0.4105822431755744
14 0.27404186274663267 0.5766180421848984 0.08143290802036267 0.15371150496239885