7 0.8132555564360263 0.46653384557718264 0.1880775875166658 0.3144150356461061
8 0.3258107250857541 0.7434267237891317 0.09372627938712114 0.24469539734428025
8 0.4052227360952159 0.5853290452840721 0.0394592536266145 0.08373330913283657
19 0.725836703369709 0.724704246954879 0.45120474953418965 0.5212845690791125
13 0.5685262070025681 0.29311834608822085 0.09948154384029716 0.5862366921764417
13 0.6694127357898678 0.27379868358589815 0.08037827549286387 0.5475973671717963
13 0.6559058152631038 0.27814109719477076 0.1214436387946355 0.5562821943895415
23 0.8373812418269515 0.21526795005321878 0.16792599409847064 0.28920898750696816
23 0.9284036220693229 0.1319252742722973 0.11040587061545258 0.2638505485445946
2 0.42072114754314444 0.5570464790600255 0.02627210377424524 0.05234998386633549
12 0.49667004623234146 0.5729253146064586 0.01825933513765743 0.07101514051492568
11 0.1490112752822072 0.41928797228979836 0.2980225505644144 0.7280907220870699