21 0.821875 0.6459898564017506 0.35625 0.5374202713695834
11 0.42890625 0.6040844759168831 0.065625 0.07062676051544958
11 0.5046875 0.5376129488930902 0.025 0.0372476944820761
11 0.64609375 0.5262959113538477 0.0390625 0.058297178878243726
11 0.56953125 0.5607771319552054 0.03125 0.04538774310259512
27 0.61484375 0.5990274044564426 0.0828125 0.0996525192218769
10 0.328125 0.604678697422752 0.046875 0.06495661465389269
27 0.33984375 0.584533293759279 0.0484375 0.06972600180902226
6 0.9390625 0.7281295697670191 0.121875 0.2516996981001206
20 0.18515625 0.7270151221171244 0.3109375 0.2787955438708206
15 0.7890625 0.37951492311249263 0.253125 0.7590298462249853
14 0.421875 0.584921718114967 0.046875 0.08214411465389251
14 0.30078125 0.6225179726375227 0.0234375 0.04497830732694617