11 0.4565311146756482 0.5488044107256337 0.045179848821136306 0.07392839600572695
11 0.6331373770329379 0.6094253794159508 0.04030134783255317 0.06918635200509068
11 0.4991178626984819 0.5399293973981333 0.016707338935304607 0.02674431333545435
11 0.5298213760443546 0.6035379114019513 0.030035009885831698 0.047202264003817974
13 0.5637918108350463 0.6898299474060876 0.10997186068413445 0.13090564934754473
27 0.29468768927649686 0.5055345740372255 0.07030718281352515 0.07734429734245403
6 0.7223722678688592 0.8786726293761798 0.12112421939110263 0.24265474124764025
20 0.11384886615852301 0.5518448580124085 0.19115287650146526 0.206814716024817
15 0.17475855536065776 0.2644090400222717 0.13389211072131552 0.526309056015272
14 0.34161838049297905 0.6224317200429527 0.1438905573378241 0.27342041335136286
21 0.7740210677179474 0.8241300327020893 0.4519578645641051 0.3517399345958214