27 0.43125 0.578125 0.05625 0.140625
11 0.67890625 0.5953125 0.0421875 0.1
11 0.48515625 0.55 0.0078125 0.025
11 0.5140625 0.55078125 0.0125 0.0296875
11 0.5828125 0.61015625 0.071875 0.1078125
27 0.6296875 0.72890625 0.121875 0.1515625
27 0.30546875 0.54453125 0.0609375 0.0734375
27 0.1671875 0.5625 0.065625 0.090625
27 0.5 0.5328125 0.021875 0.040625
6 0.0984375 0.69140625 0.196875 0.0859375
6 0.47109375 0.546875 0.0296875 0.025
15 0.1265625 0.28359375 0.021875 0.5671875
21 0.84140625 0.8328125 0.3171875 0.325