27 0.4435003874124509 0.5701052821989606 0.06729768268618094 0.14565949247815269
11 0.6919378874124509 0.5628764892459543 0.049637468013999354 0.10453438730530315
11 0.4954714200747693 0.5365509846271008 0.009665901336727244 0.025272784639736125
11 0.5235873294079966 0.5349513807078925 0.014426126670908878 0.031659176959604095
11 0.5976520854153143 0.5867208176966265 0.08099655601527189 0.11481866943775679
27 0.6536850040976774 0.7007545739648326 0.1346669960216353 0.16323944906292792
27 0.3158657360757238 0.5488106068887092 0.06653406667727228 0.08003449247815268
27 0.1794742500795418 0.5809137162181937 0.07298406134627218 0.0974038489046432
27 0.5085435847389966 0.518195789720808 0.02549089600572696 0.042914925705962934
6 0.1208634134309046 0.715476584323167 0.20428860534690846 0.10591033386094857
6 0.4806003980744512 0.5346391436400163 0.03155908267027243 0.027471782132453625
15 0.11610899470877079 0.306882834323167 0.06753732407699645 0.5689606001582845
21 0.8505658107097253 0.7831709542105069 0.29886837858054954 0.35578596489804537