27 0.39276854836621344 0.5730309523616332 0.09204953163466154 0.15250052586424748
11 0.6273398665412715 0.6518164965682807 0.0683918557412186 0.10811402837152997
11 0.45199896832815745 0.5591108563599837 0.013582338935304606 0.026926212852981378
11 0.4798374668452826 0.5669604602791919 0.02002333992388792 0.03179556927947225
11 0.5307513680241462 0.6419664719576745 0.09871602570316255 0.12460284639736088
27 0.5443443413324005 0.7690745412371467 0.16025570357377178 0.1794554824490227
27 0.28040781121779473 0.5087518405248661 0.08006418479069151 0.08816524122451135
27 0.14191831418354423 0.4906430350354475 0.08857702174882984 0.10558006175762494
27 0.47129013779580975 0.5463751756394559 0.03147017589344294 0.044613818025830906
6 0.07433286064695345 0.5977902938109361 0.1486657212939069 0.13308058762187222
6 0.43897238631293495 0.552474411453691 0.03564833992388792 0.03225021034569906
15 0.1752878655898693 0.2475749966347877 0.16817426882026137 0.4886940901291547
21 0.7222690700778622 0.8613540032987054 0.39478189528454555 0.2772919934025893