21 0.9252205936709125 0.777140041360838 0.1495588126581751 0.3536815798171736
21 0.7995998554577367 0.7383579853222008 0.40080028908452653 0.4636174677398991
11 0.2606680578961549 0.6040367208447801 0.035359611248705035 0.05621576674922295
11 0.47611112137839023 0.5900875750641719 0.034524857319763666 0.07176799214211708
11 0.6336860268789083 0.5608259524429273 0.01337329528527036 0.019332196856846905
11 0.6867254437519656 0.6405648023190927 0.08954199710451576 0.11486732878371626
27 0.8730802049196175 0.835155902609543 0.253839590160765 0.2509633023145838
27 0.5401329259692854 0.51898951695862 0.03921235731976367 0.07198631596343467
27 0.1820507522718024 0.5802953138965201 0.1161044971045159 0.11610449710451576
27 0.360391922040344 0.5430199840793465 0.06955482878371626 0.0874315334984459
6 0.10487828432250632 0.7052461180731305 0.14164815260503386 0.09546666542531543
15 0.7400985769216895 0.2745054245260526 0.095822153843379 0.5490108490521052
15 0.07025911186787756 0.29816136414418914 0.05854047766469652 0.5873929921421172