21 0.8834094999256379 0.7533161402300866 0.18326607513232104 0.36312603558899426
21 0.7583113408381089 0.7225356669218324 0.44110243285070627 0.48906508897248563
11 0.21480803304317425 0.6237890325860638 0.03829317885919252 0.059276840912471054
11 0.4312288704956041 0.5954717371112377 0.0388661818249421 0.07333934091247105
11 0.5888158774156864 0.5562925374917985 0.014890170950527092 0.02088550296574958
11 0.6403200276059667 0.6321891926249948 0.09689885771838505 0.1193813527754692
27 0.830208904070251 0.8147603176064043 0.28075388737588014 0.26726439034162974
27 0.4959081358186433 0.5203006407615592 0.043617348821136305 0.07509284190105418
27 0.13682495448799292 0.6043479658938805 0.12358869171077376 0.1235886917107738
27 0.3158558798871443 0.5557155118258171 0.07387785178688588 0.09036501482874755
6 0.06525830233913668 0.7339346482131142 0.13051660467827336 0.10266869665368965
15 0.700195023688815 0.26941059730108063 0.13085995262236985 0.5388211946021613
15 0.039047912547570104 0.330248574106557 0.07809582509514021 0.588866181824942