21 0.77578125 0.778125 0.4390625 0.4375
11 0.6640625 0.678125 0.115625 0.165625
11 0.8671875 0.6671875 0.06875 0.146875
11 0.55234375 0.5734375 0.0140625 0.034375
11 0.525 0.58515625 0.028125 0.0578125
11 0.59375 0.5875 0.0125 0.01875
13 0.909375 0.95390625 0.178125 0.0890625
10 0.7765625 0.71328125 0.128125 0.2828125
27 0.10546875 0.57890625 0.1328125 0.1203125
27 0.47734375 0.534375 0.0546875 0.109375
27 0.3125 0.55390625 0.071875 0.0828125
15 0.7625 0.28984375 0.0625 0.5796875
14 0.225 0.5671875 0.009375 0.040625