21 0.77890625 0.7490582557964924 0.4421875 0.46341702830409764
11 0.6703125 0.657054553383541 0.121875 0.1731491721120836
11 0.87265625 0.6335949503256589 0.0734375 0.1501467767854862
11 0.5546875 0.5589645051309022 0.015625 0.03473867591180557
11 0.528125 0.5720827541809717 0.0296875 0.06006598423243048
11 0.596875 0.5704825801690273 0.0125 0.01904094072944442
13 0.9171875 0.9169334739770131 0.165625 0.099167464665139
10 0.78359375 0.6848866530229507 0.1375 0.29070034802388883
27 0.10859375 0.5904412024129513 0.1375 0.128200348023889
27 0.47890625 0.5240095833031593 0.0578125 0.11228310087368065
27 0.31484375 0.5528281803771178 0.075 0.08768314437666688
15 0.75390625 0.27686443921083304 0.0828125 0.5537288784216661
14 0.22734375 0.571271015483229 0.0109375 0.04087957313826394