21 0.7701439411575671 0.7425200340036808 0.4432389001588605 0.5149599319926385
11 0.6808962548745592 0.6629858428929867 0.14537850405718977 0.18612195079743082
11 0.8801383242735943 0.6215107769729175 0.09647735389503395 0.15843205547083344
11 0.5542303892084025 0.576409950416181 0.020939791395857908 0.03641027868534721
11 0.5289440170494238 0.5922343189572921 0.03859094155801372 0.06337282218833344
11 0.5978712950526012 0.5836782429692366 0.0159795560063543 0.020676175911805574
13 0.9276955681878096 0.8969478412774661 0.11613528896022593 0.12140483415618064
10 0.797824656254531 0.6805571622315284 0.18023651947846525 0.30407317021222224
27 0.11372239164403442 0.6490031572944446 0.15404439204448095 0.1457151563445141
27 0.47421165260108306 0.5487557694703824 0.07548301542127547 0.11889677678548623
27 0.3147724228936225 0.5935019589655559 0.08757391233702042 0.09575021751493047
15 0.7171839513005416 0.28555182712541727 0.17188209739891694 0.5412822294827779
14 0.22990649919251638 0.6196631090418058 0.01636138555165916 0.04255117591180557