21 0.7522119482116623 0.7788932918874656 0.3753916621427578 0.44221341622506893
11 0.5335836996820003 0.607785930564549 0.03838747060135787 0.07736258700597229
11 0.9680644227717787 0.7400620616421884 0.06387115445644262 0.2083593202884723
11 0.9405021271477064 0.7058864301832994 0.11899574570458711 0.2783458183886111
10 0.8654079890302653 0.8002523399494794 0.21652127317860562 0.39949532010104105
27 0.09925628731209993 0.5688058578075348 0.14610479534115867 0.1376117156150695
6 0.9717853052907813 0.9112733000555906 0.05642938941843738 0.1774533998888188
27 0.405188704770383 0.5252072070656948 0.2168687539567289 0.32653005167111127
6 0.5037833350281078 0.5602744977188893 0.03773901741285464 0.03521145459715278
15 0.826001414517607 0.3212003460271188 0.12182400610443551 0.5974218202884722
14 0.5635235051999243 0.5835132823881601 0.025641809135968606 0.07238414627652787