21 0.8419024381639932 0.746279783470972 0.3161951236720135 0.4371812539567287
11 0.7377117795383686 0.5753674971749249 0.024673998100139018 0.05435330732694617
9 0.917411911045712 0.7284504743350034 0.165176177908576 0.24626192559888338
27 0.11839742866468797 0.5499413670287417 0.20392769984750014 0.17923155585660827
6 0.13300609574277827 0.6062765762101389 0.23931837955902785 0.09057184757972223
6 0.910386213333959 0.5671002165330872 0.09393314437666689 0.07983134215265544
15 0.06837336597565993 0.25156582202626737 0.07737173195131988 0.5031316440525347
15 0.12513251225218774 0.2679953262101389 0.0652341014423615 0.4559910504295413
14 0.34301622216767413 0.5553780602676224 0.020241071238402776 0.06504514586155707
14 0.5909634128971186 0.5548989461795567 0.028344511967847198 0.07795458163720585
20 0.551864545305938 0.5553836250578005 0.26955139342673623 0.1155652035271876