21 0.8295509913928434 0.7748793277920185 0.30510422848527163 0.45024134441596286
11 0.7190649030957413 0.6113888743763727 0.02685516587924912 0.0544351944820761
9 0.9036531795046112 0.7494222201470725 0.1522073738612825 0.24972111827193721
27 0.10236107505025822 0.6297837545225557 0.20472215010051645 0.18572721732199754
6 0.12092753657567083 0.686194206806548 0.24185507315134167 0.09903944482076028
6 0.8911953634400277 0.5906680178630804 0.09647818511654264 0.08303822930778501
15 0.031966762613871734 0.3181258802577248 0.06393352522774347 0.5393767605154496
15 0.07315223548721171 0.34821284995457147 0.08613597367594819 0.45680992198083886
14 0.32355150645378594 0.6188373677061103 0.022549611795565118 0.06512703301668665
14 0.5707092486492377 0.6012658446390462 0.03236112141421188 0.07811835594746519
20 0.5314557756910796 0.6046874157608024 0.27413195916315997 0.12354147783744711