24 0.5147761353763691 0.5488194312705728 0.020235777616322812 0.04641516883094046
10 0.25585480093676816 0.33919569101419905 0.5117096018735363 0.6783913820283981
19 0.7247316538083971 0.7798025086548989 0.4938586621497968 0.4403949826902024
13 0.8254089467742004 0.29778486200282295 0.064628324715746 0.3662197456703538
13 0.6625321771853019 0.36780289555456086 0.12261808719424484 0.6011167619035066
12 0.42419144807211834 0.5230663165530707 0.016722897054261922 0.04630607467513918
12 0.468483333198102 0.5306981758598879 0.010458892130585186 0.033624251082136895
12 0.6908414626985309 0.6846279312683757 0.051146598247797645 0.09732428679595179
10 0.7596663136444728 0.6231590535619349 0.19503720728113313 0.3119956255388715
4 0.6879324782490075 0.9405540957751624 0.10878490119495168 0.11889180844967531
4 0.5939644445839173 0.6899611753171718 0.12398428584832352 0.21405313852671196