24 0.5345433255269321 0.5229166666666667 0.01522248243559719 0.041666666666666664
10 0.2336065573770492 0.3375 0.4672131147540984 0.675
19 0.7769320843091335 0.7625 0.44379391100702575 0.4666666666666667
13 0.810304449648712 0.18125 0.02107728337236534 0.3625
13 0.65807962529274 0.3 0.05152224824355972 0.5916666666666667
12 0.4426229508196721 0.5260416666666666 0.0117096018735363 0.04375
12 0.48711943793911006 0.5197916666666667 0.00702576112412178 0.03125
12 0.7242388758782201 0.6010416666666667 0.040983606557377046 0.08541666666666667
10 0.7845433255269321 0.5197916666666667 0.16393442622950818 0.26458333333333334
4 0.756943793911007 0.9032708333333334 0.08865339578454337 0.19345833333333337
4 0.6298126463700234 0.6368958333333333 0.10203747072599537 0.18452083333333344