24 0.5362935353852647 0.4924539542366582 0.02035598527918122 0.047482891094399446
10 0.26902713433980596 0.328125 0.5380542686796119 0.65625
19 0.7441373350741182 0.7139663628405544 0.4962181428858254 0.4907537799792801
13 0.8455819523087784 0.24372656024978082 0.0703011490603161 0.36803087014004515
13 0.6827746446045603 0.31247097050480366 0.13115878645714105 0.6082991772804357
12 0.44579235438840803 0.4655504805661929 0.016863543903219043 0.04927512599930945
12 0.48982599653076087 0.47441175021090004 0.010865668663760448 0.03420662861860369
12 0.7122586638861544 0.6300793989582945 0.05133236898893969 0.1041724108074026
10 0.7808036765084053 0.569146129865967 0.1963765047586345 0.3389270802299554
4 0.7088872240603682 0.8836895630056669 0.11238581222011734 0.12588478356674196
4 0.615623789650332 0.6349596057399388 0.1251173733985844 0.2310217783281535