24 0.5382983142615063 0.5737501530205791 0.024212001097256783 0.06874114126328693
24 0.5707145053943993 0.5840443487086697 0.027908983928461858 0.07531868988380618
8 0.448622829644941 0.6017468136571712 0.04134185279678433 0.09526970149237571
11 0.254702885402218 0.3613608872294909 0.509405770804436 0.7227217744589818
13 0.896687627648206 0.2529344248417414 0.04026873170832392 0.29669793758467106
13 0.7033697185772428 0.36995377732259044 0.08651499919951239 0.5981084562035406
12 0.7813264518362718 0.6577001582962175 0.03640258405629649 0.165447937584671
12 0.4496735445609188 0.5779522546340974 0.033329233754453104 0.1007554213778313
24 0.8887056923173987 0.620920144727197 0.22258861536520255 0.3904773918277608
14 0.7923618208711604 0.8737618897902428 0.16415500017449766 0.2209896879233554
14 0.6853309314606374 0.7090000550251051 0.06180048278922859 0.11587581034198327