24 0.5234192037470726 0.5239583333333333 0.02107728337236534 0.06458333333333334
24 0.5556206088992974 0.5291666666666667 0.02459016393442623 0.07083333333333333
8 0.4332552693208431 0.565625 0.03747072599531616 0.08958333333333333
11 0.24004683840749413 0.33958333333333335 0.48009367681498827 0.6791666666666667
13 0.8852459016393442 0.14583333333333334 0.02576112412177986 0.2916666666666667
13 0.6902810304449649 0.29375 0.05737704918032787 0.5875
12 0.765807962529274 0.5697916666666667 0.02810304449648712 0.16041666666666668
12 0.4344262295081967 0.5416666666666666 0.02810304449648712 0.09583333333333334
24 0.8846604215456675 0.5145833333333333 0.2259953161592506 0.3541666666666667
14 0.7745081967213114 0.7857083333333333 0.15389929742388767 0.19643749999999993
14 0.6691217798594847 0.6368958333333333 0.056873536299765735 0.10714583333333323