24 0.5314037641556079 0.5099730167621878 0.024291344575383882 0.06715150222787851
24 0.563618796508275 0.510348034532188 0.027885988340098925 0.07347422756206032
8 0.44369125723296926 0.5649282710057624 0.04221005459718975 0.09459846223212078
11 0.24841100232703636 0.3697916666666667 0.49676749585230323 0.7395833333333334
13 0.8716314288559459 0.1141047803416411 0.04068674529971375 0.2282095606832822
13 0.6846199474664586 0.2767032070337611 0.08820944996804603 0.5534064140675222
12 0.7751678911317983 0.5205557269255843 0.03608368870226406 0.16320301156375716
12 0.4433778316227949 0.5409699376724291 0.032924136301014865 0.10065452800763594
24 0.884117291629352 0.4473588202313431 0.2317654167412958 0.38612259739017923
14 0.7949540171395528 0.734787554477039 0.16439970914592777 0.21792869870569523
14 0.6819412632834507 0.6016738567261287 0.06238892179104886 0.11584390579248426