11 0.24809366051410356 0.4479166666666667 0.4961873210282071 0.8958333333333334
24 0.7800726247311472 0.39057477927490797 0.10326546884626586 0.2905692654172372
24 0.49525577614467836 0.515661197678493 0.05081559192193606 0.12754598997087013
17 0.5505089401573768 0.4961454469968051 0.051959297708404885 0.12552327544636707
13 0.8636916662514962 0.014787109176522 0.054818072649232545 0.029574218353044
13 0.6618348583106947 0.2345118943438733 0.14003051757064822 0.4690237886877466
13 0.6618893671124642 0.22976934899331933 0.09542501284767133 0.45953869798663866
24 0.8694749045086388 0.30995639254155805 0.25832475089424967 0.5151163772318353
12 0.7894670711055163 0.43276785273318424 0.06478633001821506 0.21154613020133606
12 0.4454354593803797 0.522404163720445 0.015822079255061072 0.0466213778481265
14 0.8777217288937805 0.7082176095733436 0.19892989699776237 0.26845667440798354
14 0.7059736115412174 0.5536778360179678 0.11235962728555805 0.18069816803004268