19 0.7648726568784963 0.8008691969394895 0.25939051570293403 0.34375870947175974
14 0.7910910390052008 0.8819971006883784 0.11391314419626108 0.12127322821620391
17 0.6308613153300874 0.5993236096793509 0.0392361059366314 0.07863501722370358
13 0.9168320452218771 0.42305415704666527 0.15889268601988965 0.6039294417418521
13 0.8334056017030734 0.3880037791333321 0.1433362127845841 0.5887157368280557
13 0.84809430179313 0.48730067237050795 0.187168703081355 0.45940534169101876
11 0.32669789227166274 0.38645833333333335 0.6533957845433255 0.7729166666666667
12 0.35626021934700175 0.6367119647943513 0.07469093280345004 0.2986457603846297
12 0.3909466837880945 0.629031506207916 0.09132294028333529 0.30974128875333357
12 0.5495730158634092 0.5475338299169898 0.018709514123590017 0.05072735182361114
24 0.30613656409907075 0.6543977949612495 0.3477989799549193 0.6284030179819449