19 0.8237704918032787 0.7446525805469906 0.21194379391100704 0.4215013734958466
14 0.8507025761124122 0.7492292936755109 0.1053864168618267 0.08988097761303611
17 0.6563231850117096 0.5331810597914071 0.03044496487119438 0.07064154168080303
13 0.9180327868852459 0.27756933994156463 0.09016393442622951 0.5551386798831293
13 0.8284543325526932 0.27379289444723015 0.0702576112412178 0.5475857888944603
13 0.8559718969555035 0.34681857812819256 0.13700234192037472 0.42726193756361347
11 0.30562060889929743 0.3768451649221955 0.6112412177985949 0.7338096701556089
12 0.38992974238875877 0.6695237161651 0.03747072599531616 0.29607805129944986
12 0.42330210772833726 0.6497419621431941 0.053864168618266976 0.29917990707629255
12 0.5690866510538641 0.5125593875562721 0.01288056206088993 0.04663360096751923
24 0.34250585480093676 0.7047618227576329 0.2857142857142857 0.5510847244916384