8 0.544496487119438 0.5177083333333333 0.09133489461358314 0.18125
8 0.9648711943793911 0.6604166666666667 0.06791569086651054 0.23333333333333334
19 0.7364519906323185 0.6916666666666667 0.5257611241217799 0.6083333333333333
24 0.4502341920374707 0.41354166666666664 0.04332552693208431 0.12291666666666666
13 0.7312646370023419 0.14166666666666666 0.01990632318501171 0.2833333333333333
12 0.9221311475409836 0.5041666666666667 0.05737704918032787 0.35
12 0.5339578454332553 0.465625 0.0468384074941452 0.20208333333333334
12 0.8788056206088993 0.48333333333333334 0.04800936768149883 0.2625
12 0.4765807962529274 0.38229166666666664 0.0117096018735363 0.06875
12 0.5345433255269321 0.3541666666666667 0.01990632318501171 0.041666666666666664
12 0.40749414519906324 0.45625 0.03044496487119438 0.19166666666666668
24 0.740632318501171 0.6010416666666667 0.2822014051522248 0.63125
11 0.19613583138173302 0.178125 0.39227166276346603 0.35625
3 0.17798594847775176 0.4041666666666667 0.3559718969555035 0.2375