14 0.2258414766558089 0.59423828125 0.18023887079261672 0.26171875
14 0.755700325732899 0.486328125 0.06948968512486428 0.0771484375
14 0.8827361563517915 0.484375 0.06297502714440825 0.06787109375
14 0.43431053203040176 0.4833984375 0.03691639522258415 0.04443359375
14 0.8371335504885994 0.482421875 0.033659066232356136 0.05810546875
14 0.9685124864277959 0.48388671875 0.06188925081433225 0.060546875
14 0.7795874049945711 0.384765625 0.04234527687296417 0.02197265625
14 0.07600434310532031 0.49560546875 0.031487513572204126 0.03759765625
14 0.6232356134636265 0.48291015625 0.035830618892508145 0.0537109375
14 0.5483170466883822 0.486328125 0.03474484256243214 0.04248046875
14 0.10749185667752444 0.505859375 0.06406080347448426 0.0625
14 0.1791530944625407 0.57373046875 0.1465798045602606 0.208984375
14 0.6992399565689468 0.478515625 0.0499457111834962 0.05712890625
19 0.30618892508143325 0.50244140625 0.12052117263843648 0.07958984375
19 0.7252985884907709 0.48779296875 0.1758957654723127 0.08837890625