11 0.15418023887079263 0.33935546875 0.27904451682953313 0.27978515625
11 0.11292073832790445 0.6376953125 0.2247557003257329 0.4814453125
21 0.6031487513572205 0.62109375 0.7937024972855592 0.7421875
27 0.8078175895765473 0.18994140625 0.15092290988056462 0.1025390625
15 0.5211726384364821 0.12158203125 0.04668838219326819 0.24169921875
7 0.44516829533116176 0.23876953125 0.03040173724212812 0.02880859375
21 0.500542888165038 0.60400390625 0.991313789359392 0.78662109375
14 0.33984799131378934 0.212890625 0.04560260586319218 0.068359375
14 0.6644951140065146 0.189453125 0.018458197611292075 0.02294921875
14 0.44733984799131377 0.2177734375 0.04668838219326819 0.07080078125
14 0.49294245385450597 0.2041015625 0.026058631921824105 0.03759765625