14 0.5149115604459318 0.5203631752246118 0.3478266627562465 0.2759176874482965
14 1.0816245347121496 0.4687524236537277 0.11819426134509672 0.08337182934219811
14 1.2073400510991577 0.4797394329631609 0.1061984355191894 0.07352097453297834
14 0.7666825120254658 0.43334819932241436 0.0652373014011454 0.04783204520070894
14 1.1631123541285142 0.4732444147000401 0.07105988800414122 0.06056144962439691
14 1.2919690847876428 0.48787222593216834 0.09991600697494861 0.06615414087836846
14 1.1480760780030097 0.37219576489280604 0.05621890586536506 0.026296532315177146
14 0.4095613049134042 0.40902708172798025 0.05569754386667685 0.040439642603333104
14 0.9530546281499008 0.45192308530613856 0.0706046629940822 0.05665519962439691
14 0.8775954816752116 0.44787249911475524 0.06169545677963064 0.04536507000794299
14 0.4360989964772301 0.4222587875417747 0.10340094847020588 0.0681328348211343
14 0.4777790950462829 0.4954851647486543 0.28065003813116446 0.22075290051666563
14 1.0295426478284089 0.45547686726659986 0.08637456287772004 0.06165733385730465
19 0.6331297149605243 0.4390394593412791 0.17013619887878673 0.09158490944553122
19 1.050995184964992 0.4670379421195432 0.23047521449061226 0.10669358791531836