14 0.21137500186886832 0.6272687141230413 0.2544291953369131 0.27059012206375255
14 0.7067969032809855 0.5054856634332888 0.09190199896091097 0.08069803134892783
14 0.832127569637227 0.500297799798361 0.08237519041180809 0.07130702733237126
14 0.3868348376472051 0.5110529623373505 0.04976135341048272 0.046495153899422714
14 0.7865028427764428 0.49945694277393826 0.049870110950373144 0.059664540116103115
14 0.9170070755867217 0.4975068411639486 0.07949576582871266 0.06346611226573207
14 0.7013505434428078 0.4034846085499073 0.048811997962097446 0.024048423932742313
14 0.5739662708274109 0.5056983656016393 0.05055770932379363 0.055284216399422714
14 0.5006865053220418 0.5108357689609073 0.04628281444433504 0.04401112504946392
14 0.07785956640359773 0.5421245465079692 0.0634303308534925 0.0656944055159383
14 0.15918308570575235 0.6078092356986804 0.20613152266363932 0.21631088323096925
14 0.6481990866773041 0.49911032602569083 0.06615675590151321 0.05987765311589688
19 0.26468130561751585 0.5333519810222578 0.14333166443113857 0.08576031666494854
19 0.6766384970123691 0.5077733993753404 0.20076535748913743 0.09724129589756703