11 0.340223592737825 0.17882729807896913 0.11563632019273828 0.06448007224855673
11 0.46542267570951956 0.16752171128572174 0.12321148620040571 0.06360296248179387
15 0.06874388984381473 0.22747888589911341 0.13748777968762946 0.25573902179822683
11 0.05357826125121187 0.19607970679925774 0.04190384226593193 0.025442230016144318
13 0.24839474343268617 0.4535980167300413 0.3530200864059352 0.21987844191226813
21 0.38513322200498407 0.6442322456450928 0.7702664440099681 0.9036988662901857
14 0.3356850384168693 0.165335629804031 0.0972539274900395 0.06716823168212371
14 0.15228953149893446 0.18003150418968045 0.0355534282540949 0.031704641066226835
14 0.23497277655332977 0.1747636204719691 0.049933837725159864 0.042143245249381456
14 0.08985739251956422 0.17921457102380414 0.029947668483663665 0.024797665899628896
13 0.10260951784206304 0.3527106976403196 0.20521903568412608 0.11850733278063919