11 0.7274701411509229 0.26123046875 0.029315960912052116 0.0166015625
11 0.26492942453854507 0.3447265625 0.24321389793702497 0.18603515625
11 0.2008686210640608 0.4580078125 0.3517915309446254 0.248046875
15 0.5656894679695983 0.14892578125 0.07926167209554831 0.296875
21 0.40825190010857765 0.63134765625 0.8089033659066233 0.73291015625
14 0.10532030401737243 0.359375 0.20846905537459284 0.3701171875
14 0.49294245385450597 0.27294921875 0.04451682953311618 0.05712890625
14 0.7285559174809989 0.2548828125 0.0249728555917481 0.0283203125
14 0.38870792616720956 0.26708984375 0.03908794788273615 0.0595703125
14 0.5298588490770901 0.26171875 0.019543973941368076 0.03076171875
27 0.9364820846905537 0.269775390625 0.1270358306188925 0.16455078125