11 0.1521023034454185 0.32925537182110426 0.304204606890837 0.28781041253039497
11 0.10361337705383843 0.6282212954924127 0.20722675410767685 0.48800437874741
21 0.5532411534620523 0.60523519870635 0.899457787756459 0.7657508992434794
27 0.818673695099126 0.1711638291607119 0.1659870344105566 0.10676774025504299
15 0.5413560712332265 0.11412532658761954 0.08124008337502378 0.22825065317523907
7 0.4496420768977272 0.22469222937446665 0.03447119344659844 0.02946811362689683
21 0.5025105801325388 0.5895506871650846 1.0050211602650776 0.8158338766520661
14 0.34816366028084583 0.20026413946264238 0.054904647714693305 0.06984830709770551
14 0.675528217487744 0.17245679732882851 0.021920803671817618 0.02335857591497048
14 0.45453106407205207 0.20363928046266516 0.05732905460148892 0.07233519747714667
14 0.5020419709241576 0.18948914896204053 0.031038363342211293 0.0381662078680145