24 0.6682786885245902 0.5729166666666666 0.04851288056206096 0.11606250000000001
24 0.6451990632318502 0.5260416666666666 0.0234192037470726 0.04791666666666667
11 0.3079625292740047 0.37916666666666665 0.6135831381733021 0.37916666666666665
17 0.5257611241217799 0.7322916666666667 0.1288056206088993 0.26458333333333334
13 0.914519906323185 0.3 0.0585480093676815 0.5208333333333334
13 0.9742388758782201 0.5885416666666666 0.04918032786885246 0.21041666666666667
13 0.7786885245901639 0.359375 0.03278688524590164 0.41041666666666665
23 0.9437939110070258 0.33229166666666665 0.11007025761124122 0.19375
12 0.5199063231850117 0.64375 0.08665105386416862 0.2791666666666667
12 0.5848946135831382 0.5510416666666667 0.01053864168618267 0.04791666666666667
14 0.9240515222482435 0.8526875 0.15188524590163938 0.28272916666666675