24 0.679277765351558 0.5106278373313021 0.050299254205547886 0.12114316448042643
24 0.6555239980054641 0.46588190336467566 0.024359692855164244 0.05010032413679338
11 0.315404660477164 0.35045157093450036 0.6210252693764614 0.43637849238398657
17 0.5401342511432662 0.6832685564623219 0.1339987561187962 0.2765934494190302
13 0.9204081859564539 0.2389372071479384 0.06877071706432895 0.4778744142958768
13 0.9795676923431414 0.4977015159093953 0.04086461531371713 0.21500234735393278
13 0.7857421929008508 0.28676838911828667 0.04084237891085961 0.4134737871248441
23 0.9466897230401449 0.24429027062056 0.1066205539197102 0.20401319010959557
12 0.5325415898980679 0.595272804163187 0.0921304251895716 0.2872461993061355
12 0.5957102383261912 0.49650482135025187 0.011479130794274315 0.04889931252822374
14 0.9308696971788242 0.766979712803501 0.13826060564235165 0.2975271068891568