21 0.7102585014085128 0.7619982993542265 0.49263575794584646 0.4466335884132951
11 0.6055948591268976 0.6495557868178141 0.06558519072219049 0.11583560015828454
13 0.7986325933095669 0.7188500414366678 0.11430653361182799 0.16251202335696496
20 0.32040670600804877 0.6044923055559256 0.6408134120160975 0.4128903888881489
6 0.18050194760509175 0.6319533789920329 0.3610038952101835 0.2923432420159342
19 0.39636443916495373 0.6712502450519422 0.2838284437251211 0.5310754699126103
15 0.2897031926621759 0.2685333881632329 0.1643436146756482 0.5370667763264658
15 0.14289185965837028 0.26922136144105563 0.17984128068325944 0.5384427228821113
14 0.6164660335374659 0.6125642521780781 0.07448002965749527 0.14262542069139794
14 0.9268650226630509 0.6550339308535419 0.07814354053191011 0.19423338479802066
14 0.38253670251082655 0.6084463681714802 0.16024506920082224 0.332398626022532