21 0.8096682523970958 0.7848927917995996 0.3289552599230127 0.4302144164008007
16 0.534826125401339 0.9905603648520828 0.09177100593149898 0.018879270295834517
11 0.6467557114080751 0.5898253482096958 0.01677100593149916 0.02839773538950343
13 0.8584360162372603 0.7287726201237931 0.10257053756616052 0.1797886858759707
13 0.7901608601154808 0.6775453108710279 0.0430443458553869 0.060084112012708954
10 0.9126606012182321 0.7219010572175798 0.05060217787060921 0.053970479707460585
27 0.6380956358186433 0.5529293202065186 0.030353344866803765 0.05517842370110628
1 0.470993071560737 0.8502753969140973 0.15466623125410078 0.2994492061718056
15 0.16005018475351046 0.3123887260540126 0.07052463049297905 0.6195409326295599
15 0.03963952566598149 0.27432389001588603 0.07697094866803703 0.5478295738632619
14 0.4802155157429687 0.7245161736978109 0.16221342889637355 0.4556341655834313
14 0.938274707948034 0.6113317499934094 0.054706040531910104 0.19300570616851012