21 0.8201896798084369 0.7393751125981733 0.33809102640423633 0.5067163137871489
11 0.49580923527927023 0.6342212988110244 0.04883884992375016 0.0860119110699257
11 0.7673205593674648 0.6593403830165933 0.11929943313000013 0.22898315027015242
11 0.5897605634515273 0.5616593072485448 0.024237587005972117 0.035193455534962934
11 0.6252441217721524 0.5488244905509891 0.022602351823611144 0.032013891832631994
11 0.6623804458603468 0.5657590194069297 0.01624324905006951 0.027108137023308564
11 0.5775151365897913 0.550285297629898 0.014644381458888845 0.02549107332097762
13 0.8676822756481244 0.7480705555192644 0.0993843637914587 0.11119544954451292
15 0.6864946655594789 0.3359450338349 0.17388566888104223 0.6290029976377473
14 0.488887741263194 0.5956672302993702 0.05258209897381967 0.11268353847458741
20 0.2245862921265449 0.6792510234984629 0.4491725842530898 0.34712803737827896