21 0.8729586334215476 0.741865195537798 0.25408273315690477 0.4829861479078998
21 0.9013263029263807 0.6766494233052793 0.1920150395433268 0.19393851687504088
11 0.700582203610953 0.593965864960426 0.03803851087441501 0.052817465153609786
11 0.8055880385919248 0.6054341330165933 0.022349843878220456 0.050709328130301046
13 0.963115331595293 0.8145512165891902 0.04591467787060921 0.05465278366526398
13 0.9640265741809191 0.7794768121426864 0.05834569368794007 0.12998016587924913
19 0.597148138895936 0.6785095013507624 0.11389003954332715 0.19121033175849825
15 0.9662935034600413 0.46184536804046894 0.06741299307991752 0.7930258029025576
14 0.5893091225843137 0.6010020602437698 0.07230471741393636 0.24280754809323427
20 0.3481721280215211 0.6183259363824872 0.6603087361970166 0.35227687276497444
17 0.877002782166134 0.5775025951749782 0.04004667984777584 0.06380952885594056