10 0.8452007197523125 0.8348883574536308 0.2820204630337481 0.3302232850927384
24 0.16643445451858704 0.7003112701635686 0.27346390204849635 0.41009199607909846
13 0.35570452072934006 0.22419873360319825 0.061355105126009925 0.3321057455146248
13 0.4159135444352782 0.23398831825544122 0.046991456175376846 0.3681863681590424
12 0.5718143121512181 0.7515948884355057 0.13533432813540575 0.49681022312898854
24 0.35273441434790676 0.6613121641775697 0.1220323188855323 0.2774757711437938
12 0.36624816947386046 0.6604844338895591 0.0599495648584711 0.21971492838813114
12 0.5056182806430105 0.7235863787103194 0.12061482428774563 0.4706798567762623
13 0.4470026344201957 0.20870207296660595 0.05263354112927862 0.30842479873341383
13 0.4892049141363133 0.21054932307950072 0.05774679862117526 0.3276115302274391
13 0.5289827719719838 0.24139946554880262 0.06147239516610253 0.3882465626411184
13 0.5812833445831427 0.2890756196266742 0.07162534830444073 0.4744275094223294