21 0.321858760057145 0.6704279419557747 0.1754545179539809 0.08016130935708983
11 0.914141708827481 0.6471309665420512 0.16582602966144577 0.3050340400222716
11 0.8463774919067724 0.612765604551278 0.15617831888905725 0.258049952020999
27 0.10868815700864173 0.7049682159850461 0.21737631401728347 0.4056885680299077
6 0.5162809257481895 0.6869143659293668 0.6841578731437833 0.2391952427593594
15 0.42959153034881686 0.14577229260822994 0.07977944535249044 0.28528406667727224
15 0.8628125756265526 0.2101893286123661 0.1306248487468949 0.4203786572247322
15 0.7274199762904825 0.2496611822883657 0.13573959562363686 0.4993223645767314
15 0.6106773830045367 0.3101904232972744 0.16614523399092676 0.6203808465945488
14 0.9334053141154793 0.5586315405395059 0.12838966217500314 0.31553518801718106
14 0.5308858647559681 0.19068425592777608 0.06778746369925485 0.10390679734245412