10 0.8542154566744731 0.8458333333333333 0.275175644028103 0.3
24 0.17330210772833723 0.6229166666666667 0.2459016393442623 0.3416666666666667
13 0.37888758782201404 0.16666666666666666 0.0351288056206089 0.32143749999999993
13 0.4385245901639344 0.18125 0.01756440281030445 0.3625
12 0.5755269320843092 0.7145833333333333 0.09718969555035128 0.475
24 0.3604918032786885 0.6011875 0.1020374707259953 0.25
12 0.3741217798594848 0.6020833333333333 0.04332552693208431 0.20833333333333334
12 0.5105386416861827 0.678125 0.08430913348946135 0.4479166666666667
13 0.47088992974238875 0.15922916666666667 0.02844262295081963 0.3006041666666666
13 0.5127166276346604 0.16518750000000004 0.0317798594847775 0.31845833333333334
13 0.5520257611241218 0.19643750000000001 0.03010538641686187 0.3868958333333333
13 0.6022131147540983 0.24554166666666669 0.0334543325526932 0.4791666666666667