10 0.8651616084663883 0.8805396407469075 0.26967678306722326 0.23892071850618493
24 0.18816542163119218 0.626763822992748 0.25857696224358523 0.37066798841806353
13 0.38657249225611756 0.1941812122934166 0.04709513000573896 0.3261187493793244
13 0.4461695576690636 0.21678970250521096 0.030512417445855516 0.36216325723720727
12 0.5919462031620908 0.7607008165128082 0.11436281781900985 0.4785983669743835
24 0.3751100140034309 0.6266640725086643 0.11086913503843718 0.26280258670989504
12 0.38860332533162045 0.6288216164842875 0.05117582037859796 0.2142009462361713
12 0.5265344334335975 0.72028575571666 0.10077325724392697 0.4573744935200603
13 0.4783837902688863 0.19763162117049632 0.03952398540916106 0.3047032191891442
13 0.5201437611352998 0.2083679525735069 0.04347317274918684 0.3216609842842343
13 0.5602162717939533 0.24391021835756854 0.044101978020938265 0.3903139514747599
13 0.611318269264 0.29907577942690045 0.05118550604915944 0.4823687493793244