21 0.28828125 0.6223117820636623 0.171875 0.05300008928453739
11 0.90078125 0.7467768047951291 0.1875 0.28139782467404084
11 0.809375 0.6897785568237239 0.115625 0.244205741882325
27 0.075 0.6041596201303837 0.15 0.3885557597392326
6 0.47265625 0.6839372544675222 0.68125 0.12751626298234822
15 0.5171875 0.13935896022899524 0.028125 0.2787179204579905
15 0.93125 0.2572841383959759 0.040625 0.5145682767919518
15 0.78125 0.30433198052483 0.0453125 0.5086034326295599
15 0.6578125 0.32689898336255613 0.05 0.6537979667251123
14 0.91796875 0.6605392958666754 0.1 0.30643300649282174
14 0.6046875 0.20272639042621843 0.0515625 0.09777502678536125