23 0.16632906797770047 0.3065643148430555 0.26222290503012446 0.613128629686111
24 0.04831149938944436 0.46277303546123455 0.09089555559931733 0.3494539290775309
13 0.7952284995929629 0.29360733848577103 0.032644499185925824 0.5872146769715421
13 0.1675009429777005 0.303611886272438 0.041842221182748586 0.6028759192838272
13 0.7678953193973873 0.4781551530774989 0.01778929220663663 0.3006142082066049
13 0.3173694165977287 0.3238102029737032 0.027760355923628844 0.4412475802092593
13 0.6294018122956576 0.3428562750794435 0.04779439204448081 0.2546527291453087
13 0.7669106077503528 0.31429578208583275 0.029133715500705648 0.6285915641716655
13 0.3592091789761119 0.2866478919303698 0.046155799917274545 0.4059123110433333
19 0.7829297814498114 0.7755707551545667 0.17626999391092008 0.3751997668008029
12 0.6102464606310894 0.5013518227828077 0.026254582791715643 0.12881223370469128
12 0.3602143457773591 0.46862466312253037 0.01703354139585782 0.06456775059092605
12 0.9525771467105788 0.5017760406165109 0.02951595048646709 0.14283042958444445
24 0.21778138392680607 0.44950813120685157 0.244669392044481 0.2627990695697534