16 0.5092909995929629 0.7864306198368068 0.9814180008140742 0.3546579678903438
24 0.5674074626613319 0.2552690403426101 0.07587275324641088 0.08966459953034958
24 0.9002560316549776 0.21571167310042613 0.18816029342445262 0.2283120048541769
16 0.502751763189162 0.5413482931821911 0.9944964736216759 0.30060442569222356
13 0.4974875647312896 0.2190673205868946 0.043412629462579136 0.4381346411737892
13 0.367348961443516 0.3309567934834651 0.02729097727182852 0.23359190354715353
13 0.9581991708600845 0.07428615388080968 0.028898341720169186 0.14857230776161937
13 0.4668756286518003 0.20213665453122442 0.03734386160567169 0.38229189816926534
13 0.8984568652591196 0.1566224938055754 0.060976230518239305 0.3132449876111508
12 0.8428009519061543 0.3322899192612896 0.07697337743398407 0.2813231858778344
12 0.3362469888377852 0.38614515752144235 0.05463472727182861 0.23387471471851945
12 0.20263960206831003 0.38613800321265535 0.04168471387914794 0.1879120962782761