8 0.42265625 0.6791666666666667 0.04375 0.12222222222222222
23 0.562890625 0.39861111111111114 0.20390625 0.5722222222222222
24 0.2671875 0.5833333333333334 0.0765625 0.07777777777777778
24 0.479296875 0.6208333333333333 0.06640625 0.09722222222222222
24 0.576953125 0.5923611111111111 0.16953125 0.20694444444444443
16 0.499609375 0.8875 0.99765625 0.07222222222222222
13 0.19140625 0.3840277777777778 0.0359375 0.7680555555555556
13 0.787109375 0.5208333333333334 0.02109375 0.4083333333333333
13 0.01953125 0.6333333333333333 0.0140625 0.26666666666666666
12 0.51875 0.6847222222222222 0.05625 0.28055555555555556
12 0.16640625 0.6291666666666667 0.021875 0.12777777777777777
24 0.856640625 0.6069444444444444 0.28515625 0.2972222222222222