8 0.501953125 0.5784722222222223 0.03515625 0.09583333333333334
8 0.3171875 0.5479166666666667 0.0390625 0.08194444444444444
4 0.342578125 0.6034722222222222 0.29453125 0.09861111111111111
23 0.912890625 0.27291666666666664 0.17265625 0.5458333333333333
23 0.387890625 0.4861111111111111 0.04609375 0.20277777777777778
23 0.439453125 0.49027777777777776 0.04609375 0.17222222222222222
23 0.47890625 0.4791666666666667 0.0265625 0.16111111111111112
24 0.095703125 0.5319444444444444 0.12421875 0.15833333333333333
24 0.60546875 0.4909722222222222 0.0359375 0.059722222222222225
24 0.513671875 0.4930555555555556 0.05390625 0.09166666666666666
2 0.588671875 0.5111111111111111 0.02421875 0.030555555555555555
16 0.5 0.8111111111111111 0.996875 0.37222222222222223
13 0.751953125 0.36319444444444443 0.15078125 0.7263888888888889
13 0.85078125 0.2652777777777778 0.025 0.5138888888888888
13 0.42890625 0.3875 0.0453125 0.20833333333333334
13 0.246484375 0.1597222222222222 0.01640625 0.31666666666666665
13 0.858984375 0.26180555555555557 0.09453125 0.5208333333333334
12 0.3515625 0.5145833333333333 0.0125 0.07361111111111111
12 0.290625 0.5340277777777778 0.021875 0.14027777777777778
16 0.61875 0.8527777777777777 0.5625 0.2722222222222222