8 0.4359947807129069 0.6458076415882248 0.05069089067472703 0.11021402482515914
4 0.8526149350532931 0.7769286727940851 0.2907437260104995 0.16450456404723374
24 0.9784167223504083 0.6708832333242264 0.04316655529918343 0.2695723041356937
16 0.4981688850652242 0.8708333333333333 0.9866289380171811 0.25833333333333336
13 0.37724084935947605 0.3772996306331386 0.05291919871895212 0.6892351143271509
13 0.21047206737347546 0.5449834187638971 0.025945976686817217 0.2661453349413531
13 0.8399681160287941 0.4551126935991947 0.020131781349454057 0.21285803708721243
13 0.34774397969047616 0.3440145032399246 0.045487959380952334 0.6274689059750016
11 0.13331440237108916 0.5065637434036477 0.26244709802672606 0.3742385979184066
12 0.13906978204565698 0.6105090914110641 0.1060152846912716 0.3319031036731174
12 0.8900331190523385 0.7679225247462877 0.07370222402131717 0.28586321624172195
12 0.18809308271004346 0.5852336609872191 0.04405053934595395 0.16928114980634348
12 0.018747917707657206 0.5382249329111379 0.0319323473504083 0.22644986582227583