8 0.31997657175214833 0.4772770531500438 0.04417168507002263 0.10984291454987366
4 0.4050236598414895 0.464292987796949 0.13677656203449332 0.10558036000671822
23 0.42443288151258474 0.3529597433901511 0.04642554383752824 0.13639359057062375
23 0.4633316386465965 0.3426650650936245 0.06475816687305755 0.15214303147591485
24 0.03301382299274805 0.5425029988621116 0.044777460710585734 0.2816606689424434
16 0.5172110787837163 0.5371307049614179 0.9655778424325675 0.681348938704999
13 0.9097582595105127 0.45868486233249856 0.05658610194308018 0.25656607710844304
13 0.6321030054791275 0.17629915721422035 0.10506429735218496 0.3525983144284407
13 0.2867102495857153 0.23909565895242493 0.07346969499481996 0.395441267729262
13 0.09693292783131227 0.5901981802543358 0.11230310090962278 0.09335043724064952
13 0.236226502274057 0.18095706237863876 0.04606597890755086 0.24162557186245717
13 0.7351530768192456 0.12882152805800307 0.11561865363849115 0.25764305611600613
13 0.18043888275318434 0.41373654297603973 0.04348678846084475 0.26213533093206837
12 0.8839341600486321 0.28031343305706746 0.06254284946188093 0.18654167943441502
12 0.7683102370750199 0.3222276854918279 0.05080482878371626 0.15485361395583194
12 0.1464770095105127 0.5377178762466289 0.027891713606069856 0.08322504323126306
12 0.7021308692090317 0.3228131918129579 0.028291973945152194 0.09850282100904093
12 0.22568183922524243 0.496092952405416 0.03784891046291676 0.10641798824465178
12 0.5273631364749833 0.4843529271836401 0.0919093258882322 0.3557969402108588
12 0.6882503057267965 0.331213720444152 0.030890435070022447 0.1084677239290547