8 0.1328125 0.5333333333333333 0.01875 0.041666666666666664
4 0.83359375 0.7451388888888889 0.3296875 0.15138888888888888
24 0.0765625 0.5152777777777777 0.0203125 0.05555555555555555
13 0.79296875 0.2604166666666667 0.0140625 0.45416666666666666
13 0.822265625 0.45625 0.03359375 0.5097222222222222
13 0.041015625 0.40625 0.01171875 0.2986111111111111
12 0.1328125 0.5173611111111112 0.0171875 0.05138888888888889
12 0.030859375 0.5125 0.01171875 0.05277777777777778
3 0.36953125 0.5777777777777777 0.4265625 0.16666666666666666
12 0.565234375 0.5277777777777778 0.01953125 0.06666666666666667
12 0.483984375 0.5361111111111111 0.01796875 0.06944444444444445