8 0.8283805262770707 0.6678152280192028 0.11888690734404506 0.15004574726487507
8 0.6910896116128434 0.6472559665530969 0.1559874653484993 0.2114194419617421
4 0.2733540419716831 0.7735956904719765 0.5467080839433662 0.15519826559592692
24 0.09752334064688727 0.6348401110200499 0.19504668129377453 0.2664308890710114
24 0.9845353479471843 0.6097709754702084 0.022965880012726814 0.16847794577685687
13 0.2053753802912292 0.5340847045326073 0.03572151336727112 0.44716136310972987
13 0.747872783975183 0.29692517379205147 0.148004432049634 0.5938503475841029
13 0.008602156488705066 0.4095757156512212 0.01720431297741013 0.2306545030786086
12 0.696176827279616 0.6454466021564852 0.04225168200986325 0.13259515926809812
12 0.8207043862786616 0.6476287800823659 0.04246076734563573 0.16453960371254273
12 0.8548660292807299 0.6177314952742728 0.02407384667409076 0.09916287841171176
24 0.44925664761697953 0.6131427471778221 0.44672210069222623 0.3715300012828736