23 0.6361672002258789 0.43566832845316444 0.12049378149944392 0.15100296654642306
24 0.1646551277367167 0.6965277777777777 0.3293102554734334 0.6069444444444444
24 0.28899716214934523 0.5806730625928046 0.1054595866764112 0.3116938868378172
16 0.4575434938464332 0.7983064812221397 0.3681107760965977 0.40338703755572064
16 0.7277684767107061 0.7537495853666583 0.5077879261248327 0.3672067971567622
13 0.20572781328123652 0.2349675591625835 0.039985776096597724 0.410271702524929
13 0.7421098752117615 0.4114531189970421 0.06953749722798967 0.2637605724591509
13 0.1786231343491001 0.2628983816747858 0.04666841560148889 0.3521161422307067
13 0.8453706540803696 0.26626720613190974 0.1155086918392609 0.4992746927646858
13 0.8395340303957874 0.2654515527971623 0.05061943920842502 0.4965444254897774
12 0.860159530607549 0.661979817101566 0.08864381299888784 0.29885450194496865
24 0.4123552148013573 0.6214452161043589 0.15997278142885668 0.28367466433268523