4 0.703724738842728 0.8716402510909244 0.469273925729701 0.22699740114871425
25 0.8692074399381035 0.7616759578028829 0.21295178774240994 0.29124362842457
23 0.20699824797140512 0.16075449350717824 0.19537850405718976 0.3215089870143565
23 0.58603227293169 0.36989086941554966 0.22183190990138826 0.3206769696943068
23 0.12565279058507892 0.16827058946763962 0.1752063258918568 0.2650799574293557
24 0.645303222810897 0.6172812164581479 0.09887960511284995 0.20717281673763746
24 0.7049392985008829 0.6286210602539692 0.07020913433384308 0.15074450793567107
16 0.4703672497981291 0.7582374419249505 0.9407344995962582 0.4835251161500992
13 0.7462927757727114 0.3940755696339542 0.2166609890396561 0.669021406202348
12 0.7169571702544719 0.7171099372382531 0.07172676988550233 0.22576875108140465
12 0.4764489699698755 0.5933631908428134 0.10112394358660844 0.2766657474735493
24 0.37928759781089694 0.6255360075804508 0.38763200811437953 0.6618306551180142