8 0.24072740106351098 0.47889016847352356 0.08033263116223592 0.10378896031651881
3 0.23014564478770372 0.5787775595266863 0.46029128957540744 0.3480004365021829
23 0.4548430113641899 0.4042525988512859 0.046855067842395924 0.15964246320294978
14 0.25906302436805995 0.9424795328317779 0.13453213025772479 0.06245466810805138
24 0.4255511194035909 0.4447086854310302 0.040000880257724705 0.0595212474742815
13 0.6505378312985215 0.3322680764871221 0.05580842322403434 0.5692677128422373
13 0.19908653493928039 0.24983768795345337 0.10076239710475247 0.4790798780653225
13 0.5624236776350484 0.35581664214262265 0.05498182835784533 0.2764545887440181
19 0.7587310323393183 0.7396457431552534 0.44360831637205783 0.4855559523757216
12 0.5548989040599579 0.5184014931526904 0.0368282926276251 0.11076467748876868
12 0.01817708078948028 0.42546764935101067 0.03635416157896056 0.11359094155801365
12 0.24654084944654509 0.44055026515467727 0.03605036465389251 0.08437578859987964