4 0.822998165987945 0.6253696240983029 0.35400366802411015 0.23837730036531862
24 0.16200419154139994 0.6854697442076577 0.15445288387576941 0.2443125976173538
24 0.34369738721090054 0.6116756274170989 0.08929155133405242 0.14821173325257145
24 0.0979383695151326 0.7058171807625293 0.1549442068065479 0.26097926428402046
13 0.9306297419151704 0.5375705703765566 0.13874051616965916 0.1528642966977
13 0.9574713934588225 0.31862678727176214 0.08505721308235507 0.40720606965141815
13 0.5443602498864287 0.428150429667605 0.09017237788287566 0.33666389064743496
13 0.7939231586382844 0.3309005970116402 0.12646508197589004 0.4577765666611681
12 0.8615615776226765 0.5110292391542004 0.04180239767057934 0.12301108497898477
12 0.05940647501034231 0.7333913573544828 0.07090339947960164 0.21159700788957264
16 0.4002483596212807 0.8143177209905184 0.2990870324508599 0.3713645580189633