16 0.510283765208297 0.8087287492723509 0.979432469583406 0.344604954533405
24 0.5714952241024991 0.28079496824706385 0.07562813730530316 0.08841420995580651
24 0.9046684311162393 0.2654523470308818 0.18720814647650313 0.22653047258073764
16 0.5038004329967011 0.5620555126201714 0.9923991340065978 0.29072920561554205
13 0.5020632625031588 0.23699490475583726 0.04162652500631765 0.44412225396783556
13 0.371035228688099 0.341901347758897 0.027256484956305192 0.23406062770534242
13 0.9635187623053032 0.11596654508208327 0.02860002461060631 0.17302224603143218
13 0.47095383491673404 0.22075952272158086 0.03593881466061859 0.3828656839823226
13 0.9031298374240165 0.19530133656912604 0.059384674848033114 0.33639499927784305
12 0.8467782005144248 0.37818107971559195 0.0756628927155795 0.2813727929284274
12 0.3398791627405856 0.39437960100604014 0.053796252902993835 0.23349600577139712
12 0.20619448452734032 0.3846784675300329 0.04132734514371963 0.18729902525205927