4 0.696333760911596 0.8154874949412401 0.4041237673002055 0.15827006709468838
23 0.9122187460828485 0.697275575746658 0.10590378460041094 0.29474554617483856
24 0.032928517565941874 0.4999722420632305 0.04732993923931581 0.19161115079312765
24 0.5132818624327455 0.6120312694744376 0.07075551038012336 0.08963339682455995
2 0.9347480205223961 0.8347963041013559 0.13050395895520772 0.2221768903302736
16 0.2824158409496521 0.7679992510821371 0.5027880548663661 0.46400149783572586
16 0.4130968258737586 0.6519473376574875 0.21305309832684483 0.1329102950912367
13 0.6891539777940596 0.5362965851288397 0.09143671939110262 0.4469657316007425
13 0.8394146102084334 0.6034149043910974 0.06875129448624265 0.3768667222214898
13 0.43623855412492885 0.4694625144248314 0.0755132890490355 0.331275820345493
12 0.5454464108547306 0.6699333181753608 0.06022918726214943 0.1753566176039328
12 0.7597536265200558 0.738345130943332 0.03414684832684482 0.12735861471823443
12 0.15512052325029513 0.5516465963186107 0.04906885277546911 0.16529499134143968
12 0.4484686166342241 0.645411511899479 0.03245701433445589 0.12175457287121137
12 0.26505260946699605 0.5793461922768752 0.045339016311622335 0.13880912986961627
12 0.5236437008737587 0.6553777427787969 0.018842841901054185 0.07275557142836217
12 0.7143224155505007 0.7147289278414257 0.03373301285158128 0.10930305916267886