4 0.241132393430937 0.6555555555555556 0.482264786861874 0.21388888888888888
7 0.09219086414586615 0.5166666666666667 0.039294873360319824 0.11388888888888889
24 0.06536056987856079 0.5125 0.0962818577564876 0.1388888888888889
16 0.6409410057677809 0.8770833333333333 0.623653263228983 0.24583333333333332
13 0.18775787030810207 0.4152777777777778 0.06285960538163841 0.4097222222222222
13 0.01966849021971944 0.27361111111111114 0.03590760176359378 0.2375
12 0.7013622676399971 0.6958333333333333 0.03431744629109836 0.13055555555555556
12 0.552633179557642 0.6659722222222222 0.06539702792830404 0.17777777777777778
12 0.49757386533329073 0.6520833333333333 0.048417567842395925 0.15833333333333333
12 0.3975146506112554 0.5083333333333333 0.029022436680159913 0.05694444444444444
24 0.2906300251589998 0.5298611111111111 0.4078512008136541 0.3458333333333333