4 0.7905761535361322 0.6975398719983962 0.39806307845067224 0.18441288989987722
23 0.8525860997293198 0.28857907024185314 0.20128266983346813 0.42054936018129657
23 0.9628200803311341 0.46474573631688415 0.07435983933773187 0.29770944596376553
24 0.09278952289474658 0.756107432792531 0.14520250290299389 0.23779558578104976
2 0.983434108702664 0.6182993560398471 0.033131782594671935 0.14615776207339512
16 0.4144743062808415 0.7917821328094754 0.5303480442066475 0.4164357343810492
13 0.7344217787672414 0.4148507510935813 0.09990202625995899 0.42745799408932106
12 0.5335850132945816 0.7719226663277782 0.20618913017916718 0.45615466734444365
12 0.9443597257518516 0.5533107770971619 0.04885268863808676 0.12277293819629638
12 0.41715001956278785 0.6827821310345685 0.038650974531464044 0.11957491269820998
12 0.31616000098927854 0.6897069283164511 0.0433157424781526 0.11837998429561733
12 0.5959623355103012 0.6367450607870379 0.02399744114536908 0.08288192012820998
12 0.0850111209747136 0.7578674986487038 0.055375473277822704 0.13969821884469158