8 0.4407007586108865 0.7108786539388632 0.09381584765100222 0.15195048931098099
4 0.6646024341189936 0.8135098937261018 0.4003924565847754 0.1400548394467263
23 0.8848330234234719 0.6865905477240823 0.09843280298213627 0.29096061581753047
2 0.9115456302789277 0.8221135894530059 0.1371172182632577 0.22218832198442537
16 0.265933433492173 0.7692753630098622 0.5239760237526764 0.46144927398027563
13 0.8120577588087421 0.5945569120537226 0.05060070823412808 0.3731368480688824
13 0.1063533280882143 0.5246906432653636 0.10780413981258556 0.052758740095384206
12 0.051323156109921594 0.5660233221898557 0.10264631221984319 0.30982442215748923
12 0.7304422143709853 0.732121705989543 0.030193616851331838 0.12784374030081455
12 0.450135594583406 0.659934302981396 0.06757159639736088 0.17002090742193998
12 0.35951778051635447 0.6309206866066918 0.03526756175762476 0.15169732664724683
12 0.32563569975625556 0.6229127411506147 0.041176580957954734 0.13118729362767473