4 0.799609375 0.7631944444444444 0.39921875 0.04583333333333333
23 0.2078125 0.07708333333333334 0.140625 0.15416666666666667
24 0.295703125 0.6145833333333334 0.07421875 0.13194444444444445
16 0.41171875 0.8173611111111111 0.4859375 0.3597222222222222
10 0.315234375 0.7555555555555555 0.11796875 0.05555555555555555
13 0.940234375 0.5048611111111111 0.02421875 0.38472222222222224
13 0.781640625 0.46805555555555556 0.04609375 0.4222222222222222
12 0.403125 0.6458333333333334 0.0265625 0.10833333333333334
12 0.60859375 0.6534722222222222 0.0171875 0.08472222222222223
12 0.841015625 0.6680555555555555 0.02265625 0.125
12 0.10703125 0.6298611111111111 0.0375 0.12638888888888888
12 0.903515625 0.6659722222222222 0.02109375 0.05416666666666667
12 0.643359375 0.6652777777777777 0.01640625 0.08333333333333333
12 0.8203125 0.6569444444444444 0.025 0.10833333333333334