3 0.73515625 0.5986111111111111 0.4015625 0.175
24 0.859765625 0.5534722222222223 0.11015625 0.12916666666666668
24 0.49375 0.5333333333333333 0.015625 0.04722222222222222
2 0.94609375 0.5979166666666667 0.10625 0.1486111111111111
13 0.484765625 0.41944444444444445 0.05390625 0.3
13 0.687109375 0.4354166666666667 0.03359375 0.2375
19 0.237109375 0.7729166666666667 0.47421875 0.4486111111111111
12 0.45390625 0.5340277777777778 0.009375 0.05416666666666667
12 0.62421875 0.5326388888888889 0.009375 0.029166666666666667
12 0.901953125 0.5145833333333333 0.01328125 0.05694444444444444
12 0.519921875 0.5333333333333333 0.00859375 0.027777777777777776