16 0.702734375 0.8847222222222222 0.59140625 0.2222222222222222
13 0.108984375 0.5020833333333333 0.03046875 0.4236111111111111
12 0.616015625 0.6631944444444444 0.03515625 0.12083333333333333
12 0.937890625 0.6618055555555555 0.01171875 0.04861111111111111
12 0.453125 0.6722222222222223 0.0328125 0.1527777777777778
12 0.84921875 0.6736111111111112 0.015625 0.06388888888888888
12 0.653125 0.66875 0.021875 0.12361111111111112
12 0.537109375 0.6638888888888889 0.03046875 0.10833333333333334
12 0.338671875 0.5534722222222223 0.02578125 0.04861111111111111
12 0.86796875 0.6694444444444444 0.01875 0.06666666666666667
24 0.22421875 0.5965277777777778 0.403125 0.2708333333333333