4 0.4046886635015542 0.6229757997907065 0.6638964829258297 0.39981293230542436
23 0.8569095406492607 0.14195988944322432 0.2564934187014785 0.28391977888644865
23 0.13947857982818349 0.38759249962368414 0.27895715965636697 0.6720372229748539
24 0.14923041921153454 0.5671349208509892 0.21711333615976156 0.28200734006646544
24 0.27741849559101556 0.5662723101675722 0.08608466417892266 0.14514280114544345
24 0.02402927210576727 0.653120090959485 0.04805854421153454 0.1531180973915645
16 0.49211836131876135 0.7195026182241672 0.9842367226375227 0.5558995627880368
13 0.37044920058854114 0.3969360892523171 0.07268498473485199 0.4306047208399919
13 0.1963909028725333 0.38129628725148546 0.037183496720639655 0.2306165324889425
12 0.05819623219167554 0.7154164897736607 0.11639246438335107 0.3680083089597531
24 0.4988691106971637 0.4410667902931138 0.4290201939162491 0.4402579918571444