8 0.29135559367702396 0.48482356807409765 0.04008594468185844 0.10353735349034297
4 0.37619332526117255 0.4963073595020562 0.1366956341726322 0.07361305721761463
23 0.40697252388928484 0.39201188987902563 0.04173174466774086 0.12994240356460568
23 0.4464484002047028 0.39213358529595455 0.06006451571442835 0.14142522193931262
24 0.009842313245942941 0.4683706986703432 0.019684626491885883 0.2784080640073531
16 0.4938343935217322 0.603624970789974 0.9876687870434644 0.4535671374212418
13 0.8709489648013573 0.6309318319187376 0.04647172355046649 0.2507918980833128
13 0.6309630317112054 0.2604420718579323 0.09096444717152004 0.3696878352783022
13 0.2841069303887288 0.2407584249593099 0.05731748926489484 0.39119896534408033
13 0.06065198975900499 0.5349494518707062 0.11151362364928845 0.06754034373009984
13 0.2411150645613609 0.1689877428743003 0.036732702503779004 0.2394868527477169
13 0.7428672803604939 0.19743494062516337 0.10020293927901225 0.36571510283612024
13 0.16138315546637463 0.3834569748567657 0.03272774196631785 0.2602232189688078
12 0.8652365620716992 0.44735608080479833 0.05577883411616256 0.1774232047528075
12 0.747248913394176 0.45742382240605217 0.04466702886860787 0.14804644267628236
12 0.11466043842241085 0.49715144299454406 0.025249899957647683 0.07963534104250478
12 0.682192696279625 0.4387051717235478 0.02496917889684287 0.09489695763490873
12 0.19698360288494973 0.47800695353276534 0.033744939420186526 0.1006302862295753
12 0.49367310423566124 0.5494663847159943 0.07847215244730918 0.34583430638658524
12 0.6679709370716993 0.44327538149793183 0.026850197312694314 0.10465150222787858