4 0.77265625 0.8805555555555555 0.4515625 0.2111111111111111
25 0.905078125 0.6180555555555556 0.18671875 0.2111111111111111
23 0.167578125 0.26944444444444443 0.15234375 0.3277777777777778
23 0.571875 0.3527777777777778 0.1921875 0.2388888888888889
23 0.09375 0.3423611111111111 0.15 0.2013888888888889
24 0.665625 0.5680555555555555 0.075 0.17777777777777778
24 0.725390625 0.5555555555555556 0.05234375 0.13055555555555556
16 0.500390625 0.8826388888888889 0.99453125 0.22916666666666666
13 0.731640625 0.3125 0.12890625 0.625
12 0.75 0.6361111111111111 0.0421875 0.2111111111111111
12 0.49765625 0.6125 0.065625 0.25277777777777777
24 0.4078125 0.6826388888888889 0.31875 0.5291666666666667