8 0.38353403776638517 0.5055555555555555 0.027459936680159912 0.05694444444444444
23 0.12008897133652685 0.3611111111111111 0.2401779426730537 0.6388888888888888
24 0.013638696856925222 0.5583333333333333 0.027277393713850445 0.2111111111111111
13 0.7815338647674638 0.2951388888888889 0.0697447704650724 0.5902777777777778
13 0.6068901902424336 0.34930555555555554 0.06349369120271575 0.2722222222222222
13 0.3318442636254678 0.3111111111111111 0.04966024253676817 0.4125
19 0.7696701933524519 0.7770833333333333 0.19547070952008133 0.3763888888888889
12 0.5833088480897783 0.5131944444444444 0.034440277023793084 0.13472222222222222
12 0.8268679579382017 0.4666666666666667 0.023959800429541288 0.09722222222222222
12 0.30896560634395004 0.5041666666666667 0.020838122455808693 0.07083333333333333
12 0.40616483293820166 0.4666666666666667 0.011425500904511133 0.043055555555555555
12 0.9173325056542094 0.4986111111111111 0.029384284825709272 0.12222222222222222
24 0.16562504211959878 0.49027777777777776 0.285488199909143 0.30277777777777776