4 0.7439126108087054 0.6530741367141091 0.4033883508590826 0.20267048779967242
23 0.9177927668470277 0.399324741707404 0.11735567559888338 0.2994686269891705
24 0.06836207315589146 0.7942096207298994 0.06662865728151775 0.1943161280147065
24 0.5353902422538547 0.5802573563194401 0.07387791327441154 0.09591511231345369
2 0.9483290366347313 0.5124540548837276 0.10334192673053728 0.23294741099086735
16 0.3538032671857119 0.811235535327842 0.5107272173219974 0.37423204752807543
16 0.4516808452048731 0.6841345812292573 0.21540034995457144 0.1557524089397955
13 0.6819183432265087 0.3930862279864721 0.11079913839832507 0.44785348150504944
13 0.8325391409425166 0.3580065135795243 0.08523257236495141 0.37514642372161544
13 0.43673751865604993 0.4954396265648532 0.08943207146044045 0.3322039964636758
12 0.5766482066929767 0.6141472774949153 0.06691858435073925 0.17766562253341348
12 0.7862583624483854 0.5382398184808571 0.039704309135968605 0.1285211923049693
12 0.19550442729433443 0.7582258529952747 0.056434785730220226 0.16634441601244387
12 0.48287275186479317 0.6549997504067122 0.03797803482570909 0.12293331437866628
12 0.30163657960104084 0.7122536900063869 0.05096935775648763 0.13985856001131272
12 0.5539919566929766 0.6146159518707535 0.02166031603337366 0.07262625185656538
12 0.7403693303362099 0.5461377728623514 0.03843173620519007 0.11183836445292898