21 0.19622023135998373 0.8373947810267516 0.04986961935861443 0.08900307503548548
8 0.9765237049021692 0.5955359711518019 0.04695259019566152 0.11702328427059948
23 0.7001059574094516 0.23276337139598902 0.2523283442857899 0.46552674279197803
23 0.12220827794256502 0.25536706277199883 0.24387098660565787 0.4920436522337801
23 0.4399341612890888 0.25454000180905373 0.11423364773014448 0.2048314155830651
22 0.2776609648980455 0.5361048023120738 0.12960258346523715 0.09425365367809396
13 0.051396987430334176 0.609131779942784 0.03571149412750525 0.3689767950934336
13 0.06610735094970739 0.6482787366529119 0.02671692735531552 0.29651214141387516
16 0.5229430299876291 0.7654192258359359 0.4805980967930722 0.45219134631458296
12 0.555963641230829 0.5622085862259886 0.017883833465237232 0.09078688383818413
12 0.5939338284174187 0.5658939047690185 0.018756011678482665 0.09636668253947328
12 0.5775048463641074 0.5650141219405359 0.01873327962517113 0.0949777936505844