4 0.6183052305510792 0.5842610532464307 0.1626133920651398 0.08660154152875571
23 0.6718204910391294 0.5164401094693043 0.02887542889684287 0.09631200966614667
23 0.6417917213078599 0.5247062464867381 0.03756018415851479 0.09971230918449187
23 0.6072574620999343 0.5270772706355797 0.0355804552052021 0.11065364163908448
16 0.6414592503882295 0.7376638397289901 0.6875047891801902 0.5246723205420197
13 0.7726766067253228 0.33023229305998997 0.19214678654935433 0.5598424356900883
13 0.2600134948795025 0.28613461928077394 0.05881907608248031 0.43933690558496025
12 0.7138263450277356 0.5967492372764868 0.038326023606936134 0.1468779385212078
12 0.563173897644454 0.5579924397105206 0.012166071032569902 0.038292300397085755
24 0.48557254241101705 0.6080584853719819 0.1360578683170294 0.20383886343846125
24 0.1182162553675526 0.5673598985715604 0.2364325107351052 0.3541642415875652
24 0.38565933052284435 0.5145054098168154 0.29135928932136446 0.3051522538899336
4 0.14429014885399125 0.7130187268603977 0.2885802977079825 0.1548952227111673