21 0.794921875 0.09236111111111112 0.16171875 0.18472222222222223
8 0.29765625 0.5722222222222222 0.1 0.21944444444444444
8 0.980078125 0.4826388888888889 0.03671875 0.09861111111111111
4 0.125390625 0.5416666666666666 0.25078125 0.12222222222222222
24 0.225 0.3923611111111111 0.0828125 0.09305555555555556
16 0.66875 0.5381944444444444 0.659375 0.15694444444444444
13 0.851171875 0.4395833333333333 0.03984375 0.5402777777777777
13 0.614453125 0.27847222222222223 0.04765625 0.30694444444444446
13 0.111328125 0.32916666666666666 0.02265625 0.38333333333333336
13 0.785546875 0.5069444444444444 0.02890625 0.6666666666666666
19 0.862109375 0.8513888888888889 0.27421875 0.2916666666666667
12 0.547265625 0.4861111111111111 0.03046875 0.18888888888888888
12 0.72890625 0.4527777777777778 0.015625 0.10277777777777777
12 0.830078125 0.46041666666666664 0.01640625 0.11805555555555555