4 0.15376109542626926 0.8642655497412414 0.21048861061443874 0.2576806795003904
23 0.22137026919488473 0.2467836968475994 0.153105185749515 0.35845546413145646
23 0.6183072673807862 0.3272935485192483 0.2039657921027846 0.24372714805804666
23 0.46829609909687536 0.4257623280342816 0.044642866604888455 0.12543633723582165
2 0.3230703899337154 0.6187442347068054 0.36004466651222133 0.3161603845893928
2 0.12971225953382884 0.5570100130082944 0.19043157095872498 0.31024028866025744
16 0.6861060867146717 0.8486488615630219 0.5911855391075596 0.30270227687395623
13 0.7846366336691887 0.31303839412317613 0.1398289141499685 0.5971585056791621
13 0.9519295438320651 0.26962061322002817 0.0487475571637269 0.4934595715146497
12 0.7960763421569673 0.6257202013047685 0.04426340988879929 0.22541209627827594
12 0.9657700386638464 0.6788746399348986 0.045163710977258374 0.2712454296116094
12 0.8391963869384906 0.5587913872698881 0.022440484390903494 0.10854342163206228
1 0.582895540477945 0.5985102340085237 0.1845362350238755 0.32823120166235814
20 0.4505741303574776 0.3533421379921033 0.012428078130301046 0.03623231589883934