16 0.7538553538637898 0.7621676013168932 0.4730828690519594 0.4579341255359869
23 0.2051574647947146 0.3515583720228332 0.19551094055883844 0.38364549361112144
23 0.38798113307862536 0.2665337689517274 0.17711560462398895 0.4001485242150854
24 0.07569442604605012 0.733051808472803 0.15138885209210023 0.49388139472338377
24 0.20106394251978701 0.6197109603878632 0.07821925843752045 0.17009898869525542
13 0.7872668431064256 0.3559366455221736 0.23327881378714893 0.5989271008160565
12 0.9304265495060285 0.5771582130239106 0.1297619441870353 0.53073067989973
12 0.5530096330362164 0.569557103754065 0.062467772865490725 0.20207386269594596
12 0.6055579969199572 0.563474569243925 0.09131202467958932 0.2807268504725727
12 0.8081956573993196 0.42583582445774415 0.020758933302444403 0.06411721349124125
12 0.11213660717550074 0.6652112774550554 0.032351197730414546 0.09835618637966977
12 0.46085686592950736 0.42072522396441026 0.028107641832631813 0.041152987776626695
24 0.3597333316312712 0.6851846155676629 0.40094002894075853 0.6296307688646743