23 0.6069208952661344 0.4959808782448522 0.034978621587787376 0.11482030830575114
23 0.6410411841412638 0.503213013504805 0.039338635855810725 0.10265986561878783
23 0.6706195222306051 0.5052291505222388 0.028291973945152194 0.09770089855503557
24 0.4759619936945577 0.4943773718987703 0.04195421360606986 0.08344179271636784
24 0.5064114730163933 0.5226692120340808 0.05561860731976367 0.12879172332891042
13 0.7975694740498506 0.3324551786088882 0.1952976532242065 0.6088496969997423
13 0.3068706803147662 0.15966920507025562 0.053446139370467535 0.31933841014051123
12 0.7310079815981471 0.6110617934629093 0.0558925891227986 0.16901290822118192
12 0.1865334666062525 0.5888146648761357 0.17579632836943154 0.42999665439734813
12 0.3129964400346759 0.5685638027557852 0.11897909408519727 0.31498063418631417
16 0.7011599119129134 0.7830399511307473 0.525030040942044 0.3665745639862157
12 0.9174345561433359 0.6384517231636614 0.03483307237357565 0.10926475275019559
24 0.24068383116247177 0.6045369455015579 0.48136766232494355 0.7520372201079952