24 0.38984375 0.5868055555555556 0.1578125 0.17916666666666667
24 0.84296875 0.6291666666666667 0.153125 0.19166666666666668
24 0.748828125 0.5625 0.08046875 0.08611111111111111
16 0.804296875 0.8645833333333334 0.38828125 0.2625
16 0.339453125 0.8236111111111111 0.67890625 0.21666666666666667
13 0.140625 0.42986111111111114 0.0234375 0.4625
13 0.709765625 0.26875 0.07578125 0.5375
13 0.13828125 0.42986111111111114 0.05 0.4625
12 0.676953125 0.6020833333333333 0.04453125 0.1597222222222222
12 0.63125 0.5854166666666667 0.040625 0.14305555555555555
12 0.403515625 0.5965277777777778 0.03046875 0.12638888888888888
12 0.983984375 0.7111111111111111 0.03046875 0.05555555555555555