23 0.540625 0.41597222222222224 0.1921875 0.23194444444444445
23 0.3984375 0.5104166666666666 0.040625 0.10416666666666667
24 0.183984375 0.6645833333333333 0.36796875 0.6652777777777777
24 0.601171875 0.5923611111111111 0.10078125 0.1763888888888889
16 0.59375 0.8930555555555556 0.64375 0.20833333333333334
13 0.68984375 0.3402777777777778 0.14375 0.6805555555555556
13 0.855078125 0.29375 0.02265625 0.5875
12 0.727734375 0.6993055555555555 0.04453125 0.20416666666666666
12 0.4984375 0.6763888888888889 0.0359375 0.21944444444444444
12 0.683984375 0.6611111111111111 0.03359375 0.18333333333333332
24 0.4703125 0.6881944444444444 0.1765625 0.3263888888888889
20 0.378125 0.4486111111111111 0.0125 0.03611111111111111
25 0.88984375 0.7027777777777777 0.2203125 0.2777777777777778