4 0.527734375 0.5541666666666667 0.29453125 0.08888888888888889
23 0.540234375 0.44305555555555554 0.04296875 0.19444444444444445
23 0.640234375 0.43680555555555556 0.03046875 0.16805555555555557
23 0.5953125 0.4465277777777778 0.0484375 0.17083333333333334
23 0.2671875 0.23958333333333334 0.128125 0.3486111111111111
24 0.2609375 0.49027777777777776 0.109375 0.16111111111111112
24 0.5046875 0.44930555555555557 0.140625 0.1625
24 0.07109375 0.5166666666666667 0.1421875 0.2361111111111111
24 0.14921875 0.49236111111111114 0.0734375 0.16527777777777777
2 0.678515625 0.48680555555555555 0.05546875 0.05694444444444444
16 0.23671875 0.7993055555555556 0.471875 0.3958333333333333
13 0.902734375 0.3 0.12890625 0.6
13 0.903515625 0.5069444444444444 0.01640625 0.29444444444444445
13 0.2640625 0.9388888888888889 0.071875 0.11944444444444445
12 0.469140625 0.5076388888888889 0.03359375 0.14027777777777778
12 0.409765625 0.4888888888888889 0.02734375 0.11388888888888889
12 0.925390625 0.5340277777777778 0.02109375 0.10416666666666667
12 0.3734375 0.7159722222222222 0.18125 0.5652777777777778
12 0.433984375 0.475 0.01171875 0.08333333333333333
12 0.230078125 0.47430555555555554 0.03359375 0.08194444444444444