23 0.59304244091426 0.38679355090861206 0.1375778710079672 0.3443521092529014
24 0.08888914416707638 0.39854936077293224 0.17095867234075063 0.3804320548791978
24 0.5282202487131052 0.4569786073932724 0.09352033095795473 0.13294889614944466
3 0.2843368622324785 0.4864436686914819 0.48886758636823097 0.34223247905845744
2 0.23687500894009084 0.42479800498015463 0.24324519780928666 0.26544754035666707
13 0.8279671902874393 0.40622996081950746 0.1409876790046681 0.5526854425862348
13 0.7396919519659217 0.49834571816549494 0.032119829704313575 0.149839527524321
13 0.8547683768472083 0.4219124035751864 0.08030859177850722 0.5182518385676543
19 0.8492595170887588 0.8031449846316671 0.30148096582248235 0.39371003073666583
12 0.7289692322179135 0.5825668757981183 0.0189462282923877 0.060465737419691364
12 0.41209096344654855 0.44523364091299444 0.02790369114536908 0.08304355386679024
12 0.5896764058455589 0.5150394858968219 0.015593907759274295 0.04644754153993821