23 0.6936639270523609 0.3582954281120105 0.13090646751493065 0.1594458467491042
24 0.4867037792087672 0.5126537196573027 0.055015461531007046 0.08751068742841331
24 0.5552177164712845 0.49731206691998303 0.035247822188333444 0.06844481839235372
16 0.8178427168040795 0.6828975654102939 0.34929475123427095 0.3220290090019778
16 0.5262903432289753 0.7687643633335272 0.36626535210795164 0.42561503756415897
13 0.2608803357717013 0.22939611729914114 0.04275511692559046 0.40332869077145656
13 0.8105793233288887 0.3133850708793175 0.07774640634451409 0.27328363567035974
12 0.81123100052342 0.5319532144528268 0.052509363791458694 0.19425306917675694
12 0.9767563162528642 0.5011837401855406 0.03441332722232673 0.1836013585524711
12 0.6579426729682984 0.5225331672984773 0.0387371513105208 0.15606605601001414
12 0.68102624216467 0.4887223147722038 0.029361498100139015 0.09589929585637028
1 0.6476773201947567 0.5313918636416728 0.1468048776591667 0.24076924054984294
24 0.1879334716474478 0.7137302452717817 0.3758669432948956 0.5253172872342143