8 0.304296875 0.5436289305982563 0.16484375 0.1889695019843357
23 0.16015625 0.19339388160142146 0.3078125 0.38562314588544194
23 0.489453125 0.41435204683447957 0.05546875 0.19822354490152222
24 0.447265625 0.4680603522771405 0.04609375 0.06262785969124927
2 0.2375 0.45407217347506185 0.11796875 0.11793552037741553
3 0.12421875 0.5469900512583382 0.2484375 0.22731343585000982
13 0.95625 0.5695918654184667 0.0875 0.8608162691630664
13 0.610546875 0.37007872154124544 0.08515625 0.43432284436368257
19 0.782421875 0.7638494668061957 0.43359375 0.47230106638760866
12 0.6765625 0.676229356748769 0.078125 0.30172330267820024
12 0.313671875 0.49450239358630704 0.07734375 0.21137273631808473