8 0.25390625 0.6944444444444444 0.171875 0.20555555555555555
4 0.696484375 0.7409722222222223 0.39296875 0.04583333333333333
23 0.9078125 0.5631944444444444 0.0796875 0.27361111111111114
24 0.02109375 0.6118055555555556 0.0421875 0.18472222222222223
2 0.940625 0.6909722222222222 0.1171875 0.19027777777777777
16 0.302734375 0.8027777777777778 0.51015625 0.3861111111111111
13 0.827734375 0.4888888888888889 0.02265625 0.36944444444444446
13 0.955078125 0.3173611111111111 0.03828125 0.6180555555555556
12 0.40703125 0.6375 0.040625 0.12777777777777777
12 0.45078125 0.6388888888888888 0.028125 0.14722222222222223
12 0.258984375 0.64375 0.08359375 0.2152777777777778
12 0.7578125 0.6451388888888889 0.021875 0.12361111111111112
12 0.529296875 0.6270833333333333 0.01171875 0.0625
12 0.71328125 0.6534722222222222 0.0234375 0.14027777777777778
12 0.789453125 0.6430555555555556 0.01484375 0.05