24 0.1109375 0.6193637564697109 0.221875 0.5053941796060885
24 0.5609375 0.6432344243405883 0.1421875 0.24796974420765755
16 0.653515625 0.904502039800295 0.63671875 0.19099592039940994
13 0.8734375 0.42234985727561125 0.053125 0.5743940680433983
13 0.348828125 0.26513899090260823 0.04140625 0.46080223930833497
13 0.32421875 0.23159615055897514 0.02890625 0.3054709553242674
13 0.726953125 0.48370199808731923 0.10390625 0.4527364370064507
12 0.38203125 0.6953158389852877 0.06953125 0.30925596160582025
12 0.7328125 0.7863312457881843 0.06328125 0.21145143072489783
12 0.42734375 0.6412042434275327 0.05078125 0.1741757022963856
12 0.62890625 0.6981781421150669 0.0390625 0.13419498467243346
12 0.711328125 0.7482184486627902 0.05078125 0.18528681340749686
24 0.362109375 0.7156819523579022 0.31015625 0.5136192894102325