21 0.175390625 0.3159722222222222 0.02578125 0.05694444444444444
8 0.325390625 0.4736111111111111 0.03984375 0.125
23 0.425 0.3902777777777778 0.0296875 0.14166666666666666
16 0.503125 0.6298611111111111 0.990625 0.2708333333333333
13 0.0515625 0.4777777777777778 0.103125 0.04722222222222222
13 0.775 0.20972222222222223 0.071875 0.41944444444444445
13 0.656640625 0.2881944444444444 0.06015625 0.3763888888888889
13 0.262109375 0.12430555555555556 0.01484375 0.24861111111111112
12 0.517578125 0.5805555555555556 0.05390625 0.3888888888888889
12 0.85234375 0.5118055555555555 0.03125 0.1736111111111111
12 0.78125 0.5104166666666666 0.0328125 0.15138888888888888
12 0.223046875 0.43680555555555556 0.02109375 0.09583333333333334