8 0.296875 0.5305555555555556 0.0140625 0.03333333333333333
24 0.83203125 0.5659722222222222 0.1640625 0.2263888888888889
3 0.56328125 0.6041666666666666 0.3890625 0.16944444444444445
24 0.4875 0.5173611111111112 0.0515625 0.07083333333333333
24 0.257421875 0.5201388888888889 0.01953125 0.05138888888888889
24 0.680078125 0.5430555555555555 0.12890625 0.13055555555555556
2 0.562109375 0.5583333333333333 0.09609375 0.1
13 0.249609375 0.41041666666666665 0.05546875 0.3013888888888889
13 0.44453125 0.4284722222222222 0.03125 0.22361111111111112
19 0.120703125 0.7291666666666666 0.24140625 0.3888888888888889
12 0.612890625 0.5354166666666667 0.01328125 0.07083333333333333
12 0.229296875 0.5208333333333334 0.00859375 0.05277777777777778
12 0.29765625 0.5173611111111112 0.0125 0.04027777777777778
21 0.09296875 0.4166666666666667 0.1859375 0.5611111111111111