4 0.7435153536003767 0.6112497186020723 0.40047668408792775 0.2494941738944075
23 0.9104918445336253 0.33340689727753603 0.12467231826055994 0.3059406432653636
23 0.6098351800004993 0.4602586924148999 0.0760990393919517 0.15645531884681246
2 0.9454367209549239 0.4389039215877564 0.10912655809015206 0.25070838802356943
16 0.3767860035227309 0.7756047698901477 0.5572642813582697 0.440627127297232
13 0.8214636537627271 0.30323108571758195 0.08779394454068382 0.3705866829710222
13 0.6755897116411176 0.34138419864652775 0.11438653661994139 0.42049099533717854
12 0.47861839569375153 0.6472122041591493 0.08881114199455276 0.21118776106256137
12 0.15791454166985178 0.8070995822999019 0.07810886042452166 0.19399573138603265
12 0.5589887996682403 0.5922744430965878 0.025022386803468067 0.07339418585960686
12 0.3142825153967861 0.7190145194574881 0.05041649992941277 0.13432878425843392
12 0.7424198023343698 0.5180931316984664 0.047701023606936135 0.1466671341015533
12 0.5224671062312127 0.6240753560902668 0.04219447625188959 0.12142465886623231
12 0.3373104917192628 0.7053021432808831 0.04917251834526422 0.14397018140221576
12 0.821322564208425 0.4541882116669574 0.05649219468185862 0.10552583044474867
12 0.7833293760330693 0.48884772751685435 0.04095049466774103 0.13106605601001414