8 0.3670554918856205 0.65 0.09826595048646727 0.14166666666666666
4 0.7646455351082022 0.6965277777777777 0.45213129017804193 0.1375
24 0.2690572327536481 0.5256944444444445 0.07733979586008469 0.07916666666666666
16 0.49372886039115105 0.8534722222222222 0.9874577207823021 0.10694444444444444
16 0.4933518721606262 0.8986111111111111 0.9867037443212524 0.20277777777777778
13 0.15460785917333503 0.3263888888888889 0.043909281653329926 0.6527777777777778
13 0.18754506716856922 0.35347222222222224 0.04522236566286155 0.7069444444444445
13 0.8058762814547542 0.4756944444444444 0.028377964689926927 0.4236111111111111
13 0.6341541501638034 0.38055555555555554 0.012310859577076982 0.21944444444444444
12 0.14129756128465548 0.5680555555555555 0.042165954950694216 0.15694444444444444
12 0.37671004565986144 0.6215277777777778 0.04478244034019756 0.18472222222222223
12 0.6296762457409393 0.5979166666666667 0.0306966209411625 0.10277777777777777
12 0.5241821992719466 0.6402777777777777 0.066871674511885 0.2861111111111111
24 0.861260346593081 0.5638888888888889 0.26935179220663663 0.3