21 0.06251445160662361 0.7698171247612919 0.05077128392119792 0.08016866015983813
23 0.10506097523748492 0.23691206284036245 0.21012195047496984 0.36549079234739157
23 0.5781604209069855 0.13008755806629657 0.12271156094499087 0.21629690550957445
16 0.43744473117460786 0.707487790260968 0.29166071404263716 0.5850244194780642
16 0.7051921531554467 0.5941076825446788 0.5699627764579661 0.5031572694673877
13 0.06439565553029593 0.8518504557252918 0.01779168758467107 0.1003070625221009
0 0.15889314563644405 0.7488802033029072 0.1608423247398008 0.106042337223271
12 0.4431497161923733 0.46708510173983325 0.015659299525030333 0.054457568003393755
12 0.4928802609119344 0.45074214530726714 0.016194888059640887 0.04614039585543424
12 0.5184346602221938 0.4457118282763577 0.010603307326946166 0.0418606008911515
12 0.6842865109119344 0.4547016357238306 0.0311548247398008 0.10335958045123195