21 0.14784732060933486 0.8252261902601219 0.048785009885831745 0.08770064827358669
8 0.9496823818829011 0.7343019493401588 0.07051542984777584 0.11744371777447846
23 0.6908180123386992 0.3121132433761545 0.24416247136826907 0.4828748972300407
23 0.115625 0.2392449324081807 0.23125 0.4784898648163614
23 0.42986459558965057 0.2884963013198548 0.10982993923931587 0.20010423639334804
13 0.14529201773872558 0.9196342404133977 0.012702929847775657 0.11205736268149925
13 0.23551245252941708 0.7749359952750887 0.02341493676785795 0.1712641590028833
13 0.01736926553300395 0.5743665324889425 0.03180970999956248 0.3674614352479046
16 0.5194994861226545 0.8342205266589685 0.45046420950527094 0.33155894668206287
12 0.5739143900387124 0.6303950640711187 0.021727761368706487 0.0976530478917722
12 0.5248707242782469 0.6181704944949638 0.018379926882026255 0.08763967134019973
12 0.5606808902858582 0.6270743248380469 0.01857092787060921 0.09597300467353306
22 0.3107100651907179 0.5341919568809089 0.2766672707602466 0.2004032152358074