4 0.3310791107319339 0.7158288433261376 0.6621582214638678 0.18466947253322163
24 0.11866545998324107 0.6176917681025855 0.1126113117576248 0.15683865069213393
24 0.2642549247166844 0.6155907632272927 0.08051186559769077 0.15068344020718724
13 0.31214032683457305 0.47942011737275475 0.03590772241989289 0.4295723173211036
13 0.8766910490566102 0.18089937053184926 0.08880540188677948 0.3617987410636985
13 0.13041478529981018 0.4005158402141643 0.02129364146193824 0.29962963355462036
13 0.10659032346936077 0.16334873926549348 0.025359015835117616 0.30959436112053534
12 0.4991330357287751 0.5226167214522474 0.02177571159934022 0.0429761955226073
12 0.09165132475625552 0.5992504166195456 0.023838316772189706 0.07362875321563978
12 0.11427765676999573 0.6235140795362031 0.02762254631821861 0.11410053526837172
12 0.27741114842347203 0.6224051339476263 0.021145225785105203 0.09982363782957451
12 0.6397861221302596 0.6075395269418333 0.0309294027447093 0.12540565065443698
12 0.5997449695834061 0.5982317764263125 0.02045490399835046 0.10533069231639161
24 0.8312294760494681 0.54570526616963 0.3241746005539959 0.39890660164325187
24 0.4508857523426803 0.5616863977564093 0.29526233887551356 0.3013757309040697