23 0.70390625 0.43194444444444446 0.121875 0.13055555555555556
24 0.49140625 0.5368055555555555 0.05 0.0763888888888889
24 0.56015625 0.5375 0.03125 0.06111111111111111
16 0.822265625 0.7881944444444444 0.35234375 0.24027777777777778
16 0.518359375 0.8131944444444444 0.34140625 0.3680555555555556
13 0.28046875 0.20069444444444445 0.0140625 0.4013888888888889
13 0.821875 0.41458333333333336 0.059375 0.25972222222222224
12 0.8125 0.6333333333333333 0.0390625 0.18611111111111112
12 0.983203125 0.6423611111111112 0.03203125 0.1763888888888889
12 0.6609375 0.5875 0.028125 0.15
12 0.685546875 0.5590277777777778 0.02265625 0.09027777777777778
1 0.650390625 0.59375 0.13203125 0.20972222222222223
24 0.179296875 0.6652777777777777 0.35859375 0.44166666666666665