4 0.15980326536149253 0.8110617402800904 0.20414771565795867 0.2620701567853959
23 0.2417124814782678 0.20769803914881427 0.1881124629565356 0.39094381031006037
23 0.42609867488000186 0.2589786128077685 0.17729606029746475 0.4412976825645548
2 0.30787434972471006 0.5386798143528283 0.25669586298477043 0.34398800110075106
16 0.6334974340526339 0.8053920224233585 0.7330051318947322 0.38921595515328294
24 0.12720890767368753 0.4226066269634686 0.25232469432892257 0.7813243650380484
13 0.8006124629565357 0.4416596253953867 0.19382267861449415 0.6365830780244448
13 0.9612045545721987 0.4534196395470787 0.07759089085560263 0.5075343001556057
12 0.9484334903685511 0.8546854411321704 0.0856553208913958 0.2906291177356593
12 0.7901967851633491 0.7420610566978291 0.05572562620953718 0.20268648910903897
12 0.546469900990717 0.6512389646127537 0.0697727156579587 0.2509437279656557
12 0.5867763825748655 0.6448805464523133 0.0656921604104042 0.22151830714039042
12 0.8450362036074356 0.7036630759970486 0.03332771046687384 0.1135692756177979
1 0.526157400990717 0.6495570625818629 0.2544577997741211 0.44214629243431475