8 0.8625 0.4638888888888889 0.1171875 0.10277777777777777
16 0.5671875 0.6923611111111111 0.8609375 0.6069444444444444
23 0.287890625 0.08541666666666667 0.12109375 0.17083333333333334
15 0.5578125 0.4548611111111111 0.015625 0.05416666666666667
12 0.45703125 0.4111111111111111 0.0171875 0.09444444444444444
12 0.35546875 0.3951388888888889 0.0171875 0.0763888888888889
12 0.21875 0.3854166666666667 0.0140625 0.04861111111111111
12 0.420703125 0.4027777777777778 0.01953125 0.09166666666666666
12 0.14375 0.3958333333333333 0.0125 0.08055555555555556
12 0.71953125 0.41944444444444445 0.0234375 0.08888888888888889
12 0.179296875 0.37430555555555556 0.01171875 0.04583333333333333