21 0.10763714071740353 0.4096553407229068 0.03576375961093845 0.07534885029757814
8 0.27058698043943885 0.5620536241160212 0.08505110866099877 0.18606652344490093
23 0.3726037214500982 0.41918852485187474 0.052569479307785105 0.16913183155909653
16 0.49516865784734465 0.6545383100192261 0.9903373156946893 0.6527128136984934
13 0.6026381204774441 0.2467793520998933 0.1093661131835546 0.40227378962474236
13 0.4787972891231519 0.46641191566131357 0.2870296884891822 0.1576848947532538
13 0.7202505450024744 0.1986139475074205 0.11418640999505118 0.3276375024777238
12 0.7876521893379225 0.4337031387333358 0.058529552238563556 0.18608138600030422
12 0.7490024471398387 0.44422292431154786 0.054172922885349986 0.1706015455264258
12 0.4705919634788399 0.6120431862985461 0.13345206637205784 0.4784053407229068
12 0.1899068684990798 0.5119769741645711 0.04213326831736568 0.10618729362767472
12 0.07794577905995789 0.5409606158175304 0.024208783921197918 0.08029821776483112
12 0.6576559514930522 0.4241966731754013 0.02864730042954129 0.09855583601648764