16 0.3651904485117313 0.7108897924518607 0.7303808970234626 0.5782204150962785
23 0.1638976222092144 0.3055604271564272 0.15097180272886837 0.2592992210657814
12 0.04269890260728847 0.6868911151311606 0.0404109842842343 0.11460496306331389
12 0.9345504743594368 0.259714098191966 0.0655565334984459 0.12248975325367123
12 0.2740067146417818 0.6165515030893983 0.028600188998963993 0.0802525895772547
12 0.5458625018620269 0.4184193487086698 0.03655823821317572 0.08653603095618587
12 0.30971733250776995 0.6136133835857571 0.030562949338046153 0.0956759445197076
12 0.6603081455757206 0.3845292487031712 0.03924659057054072 0.07016051861886943
12 0.35761009998086396 0.6090257093305703 0.03227099855225788 0.10137707723993827
12 0.3419305190255346 0.6096532710171526 0.03468752315936374 0.10437322076472874
22 0.685714810174721 0.4460682325715947 0.628570379650558 0.8192023056409571