23 0.408984375 0.30625 0.13203125 0.41805555555555557
3 0.1921875 0.5625 0.384375 0.11944444444444445
3 0.22109375 0.5180555555555556 0.0171875 0.05277777777777778
24 0.23359375 0.47708333333333336 0.0890625 0.1375
24 0.4546875 0.45902777777777776 0.0234375 0.07083333333333333
13 0.712890625 0.30625 0.02265625 0.6125
13 0.108203125 0.17847222222222223 0.06015625 0.35694444444444445
13 0.084765625 0.19444444444444445 0.01171875 0.325
19 0.62890625 0.7590277777777777 0.275 0.47638888888888886
12 0.61328125 0.4979166666666667 0.0171875 0.07361111111111111
1 0.30625 0.4340277777777778 0.1125 0.1486111111111111