8 0.3183837918816133 0.38966800844390825 0.09498554728445949 0.16531513141326348
16 0.8514482219174061 0.7662999954806015 0.264189844568919 0.33754517814859514
23 0.1462753960113938 0.07519083019255685 0.21130079202278762 0.1503816603851137
23 0.36743703544569783 0.13973976280264208 0.26456157089139565 0.27947952560528416
23 0.7974377431758551 0.3854355681222698 0.07693349729857672 0.13732489371294826
24 0.7241286812806237 0.49187440474690597 0.23918213929312948 0.3587542660425667
24 0.9147665149861322 0.5779167144115209 0.1704669700277357 0.2526341193017367
24 0.43249179451244923 0.38042976431151376 0.20329784719975486 0.33325655761515444
13 0.5174748328007445 0.1534939268314895 0.08182466560148889 0.306987853662979
13 0.23245160256730749 0.11107671038786301 0.07584070513461497 0.22215342077572603
13 0.576955884102045 0.16836202899753927 0.09248144454068416 0.33672405799507854
12 0.7710187273202525 0.5118854339445457 0.06767959463950621 0.18769474244911144
12 0.4602793774190744 0.35555075883397075 0.04325644731269449 0.10787888436588212
24 0.566502044441862 0.5002913040879237 0.3459473497600037 0.47947347002223545