16 0.5 0.79375 0.9984375 0.19027777777777777
24 0.576171875 0.2722222222222222 0.07109375 0.07777777777777778
24 0.91015625 0.2875 0.1765625 0.2
16 0.499609375 0.5472222222222223 0.99765625 0.1361111111111111
13 0.509375 0.22152777777777777 0.0171875 0.44305555555555554
13 0.37265625 0.3145833333333333 0.0140625 0.23194444444444445
13 0.978515625 0.11527777777777778 0.01640625 0.23055555555555557
13 0.479296875 0.20277777777777778 0.01484375 0.38055555555555554
13 0.9140625 0.19166666666666668 0.0390625 0.38333333333333336
12 0.84609375 0.39444444444444443 0.0609375 0.2722222222222222
12 0.338671875 0.3638888888888889 0.04140625 0.22777777777777777
12 0.20546875 0.3416666666666667 0.03125 0.18333333333333332