8 0.5558699228295791 0.3869151210770979 0.02059578301668665 0.036919279804012384
23 0.5189895991636316 0.24833449755441278 0.12611319990914288 0.3076267899351854
14 0.848615186285705 0.8852894935880852 0.1921266242648308 0.16470286389629665
24 0.105078125 0.21868534650456792 0.21015625 0.43737069300913584
24 0.4665313234966054 0.3205584616709869 0.08135954262762528 0.11295489699382731
3 0.23728975944159628 0.420582753885154 0.47457951888319255 0.37550115889635866
13 0.7815078703081021 0.3824338020982704 0.12220138511896472 0.6778459150619137
13 0.7207584780645897 0.2462280332698137 0.10672911408806555 0.44415698750370386
13 0.739099042288941 0.25934108021351737 0.0629005489592032 0.4132123497126544
19 0.7954381552473825 0.6377948165360791 0.3779456948207603 0.4595410356278402
12 0.6353748377436709 0.4030460738806471 0.016522436680159912 0.057558652651049313