8 0.36960069127945705 0.717168022361967 0.04448634400859053 0.11385761616108361
4 0.7484342159452753 0.7400370591538913 0.4950954186823628 0.22087722365921314
23 0.038771051320818754 0.45887528932130434 0.07754210264163751 0.26219502308705306
7 0.45427568328295687 0.6739529487678664 0.023837489337999784 0.061838405483120105
24 0.4367930102840704 0.6588241446555262 0.06396305000795408 0.10613036147109117
24 0.5397501066200021 0.6279843405417215 0.17087666868236298 0.21081631817975444
16 0.504329132598685 0.8905929386723149 0.9811238253500901 0.21881412265537012
13 0.7404819052952063 0.5223850302939765 0.042480043364089504 0.40401417821019314
13 0.1404412709659561 0.4502819505754554 0.08326122672658816 0.7871465367955858
13 0.5771645662993425 0.46313942459611324 0.0177062153484993 0.19912021717151746
13 0.10541229030077423 0.42974656457299737 0.08604987205599741 0.7358546204896314
12 0.4871515442791388 0.7249832824615458 0.06660733935390831 0.2714566255403361
12 0.12666375861316154 0.7047672929276952 0.03206816000954502 0.12596972582934537
12 0.43949102261697953 0.6644645512211493 0.01846873667249973 0.07694648124076259
24 0.8329961219565701 0.5947144090807236 0.328826076026408 0.35596696824999297