3 0.7397381691088901 0.4406458575838804 0.4143266412941561 0.3579496045010122
24 0.8568304807789777 0.3394861867466379 0.12320167154477701 0.17809447409366314
24 0.4959063558771736 0.4883558952731983 0.021261921642972935 0.05335418061200288
2 0.9419526419324292 0.34196889793851076 0.11388575887879462 0.19527656666116802
13 0.47438360729150875 0.382755086689761 0.08852721057599666 0.32204121011069525
13 0.6741884250117206 0.3044353816802929 0.061737451599006475 0.2501219538667739
19 0.27206180186793716 0.7528870355305709 0.517856162273199 0.49116880848068106
12 0.4571844839022357 0.5072367078766852 0.01581135236113216 0.05840021609119567
12 0.623799812161067 0.4278438509498966 0.01260453912941557 0.03310906176184542
12 0.8937242201912603 0.28259290115455044 0.01973123789975162 0.06293082566954998
12 0.5217194221339523 0.4762316498338366 0.01181874394987581 0.031647384290618814