4 0.255078125 0.7104166666666667 0.50859375 0.10416666666666667
7 0.111328125 0.6013888888888889 0.02890625 0.10833333333333334
24 0.084375 0.6034722222222222 0.084375 0.12083333333333333
16 0.6953125 0.8875 0.60625 0.21666666666666667
13 0.196484375 0.48055555555555557 0.02265625 0.4083333333333333
13 0.015625 0.37777777777777777 0.0125 0.2361111111111111
12 0.73359375 0.6465277777777778 0.021875 0.12638888888888888
12 0.583203125 0.6493055555555556 0.04921875 0.16805555555555557
12 0.526953125 0.6472222222222223 0.03359375 0.1527777777777778
12 0.413671875 0.5270833333333333 0.02421875 0.05138888888888889
24 0.309765625 0.5715277777777777 0.38203125 0.2652777777777778