21 0.13915359780595404 0.6554541238693747 0.0580267341716874 0.105520169530836
8 0.936114169842492 0.9206762737607467 0.08339492694751698 0.14483114186703194
23 0.729964873984055 0.39915916129847473 0.2983961842511178 0.5740001098425751
23 0.170002605721758 0.17955687793768121 0.293130211443516 0.3557181827449948
23 0.47683898680919035 0.26146351127830475 0.13196484050235338 0.2413388634384613
13 0.1259843062065777 0.7454076741524867 0.02688582832748878 0.11436756522170223
13 0.23078683157225202 0.6454371212496778 0.04544095941492108 0.17539142381056522
13 0.04018248944669318 0.3554376433965657 0.07701033360249453 0.3692086201264647
16 0.4982343173671449 0.7840831581237331 0.4841058133099551 0.43183368375253384
12 0.5790675087232875 0.6547053259631878 0.03380798417168744 0.1037657900801463
12 0.5322899431795713 0.6214769381644621 0.029011390015886106 0.09231512165599819
12 0.5664856881064365 0.6454665064617563 0.030655710632737154 0.10076164076034391
22 0.3318799529204517 0.445962937692042 0.29195349512873603 0.315383812081711