8 0.12539951181644549 0.4000585102553116 0.024829581637205767 0.04770705778343414
4 0.7722098165434297 0.8707288673350067 0.34778680404758583 0.2585422653299866
24 0.07342093198826201 0.3600706607610092 0.028404960990419427 0.0630494803027067
13 0.8034393026350484 0.39045914686322325 0.0804532191310198 0.45138986194214065
13 0.8033209153105766 0.5933581335313041 0.10725473654387443 0.513018130985211
13 0.05506707965884135 0.24017370312610029 0.05481473202131857 0.29678684327038335
12 0.12743286295844156 0.3841186104038369 0.024334936680159912 0.05741311882028255
12 0.02985351707417027 0.33971310934294907 0.019606493102595036 0.05592726281915132
3 0.3477226905253471 0.5352927289765617 0.4461767164174864 0.32986743595724766
12 0.5442922747067442 0.5629845393945393 0.02869156603337366 0.07277170252492908
12 0.4644786219477822 0.539097715078823 0.02799220318850324 0.07553331911733305