16 0.440625 0.7958333333333333 0.3125 0.4083333333333333
3 0.515234375 0.5131944444444444 0.16953125 0.04583333333333333
23 0.389453125 0.32708333333333334 0.05703125 0.14305555555555555
23 0.23515625 0.4048611111111111 0.034375 0.07083333333333333
24 0.078515625 0.48194444444444445 0.15703125 0.18888888888888888
24 0.580078125 0.45694444444444443 0.06484375 0.08055555555555556
2 0.43984375 0.49027777777777776 0.090625 0.06111111111111111
10 0.620703125 0.6201388888888889 0.06953125 0.10138888888888889
13 0.1390625 0.2326388888888889 0.0125 0.4652777777777778
13 0.703515625 0.2701388888888889 0.11015625 0.5402777777777777
12 0.646484375 0.5618055555555556 0.04765625 0.18472222222222223
12 0.53671875 0.5034722222222222 0.0140625 0.08472222222222223