23 0.165234375 0.3 0.25078125 0.6
24 0.043359375 0.45069444444444445 0.08671875 0.34305555555555556
13 0.79453125 0.3145833333333333 0.0203125 0.6291666666666667
13 0.16640625 0.3 0.0296875 0.6
13 0.762890625 0.5180555555555556 0.01171875 0.3
13 0.315625 0.33125 0.01875 0.44027777777777777
13 0.626953125 0.3729166666666667 0.04296875 0.2513888888888889
13 0.765234375 0.33402777777777776 0.01640625 0.6680555555555555
13 0.358203125 0.2972222222222222 0.03828125 0.4027777777777778
19 0.771875 0.8159722222222222 0.16875 0.3625
12 0.6046875 0.5298611111111111 0.0234375 0.12638888888888888
12 0.35546875 0.4791666666666667 0.015625 0.06388888888888888
12 0.946875 0.5548611111111111 0.0265625 0.14027777777777778
24 0.213671875 0.44930555555555557 0.23984375 0.24583333333333332