16 0.4328125 0.7701388888888889 0.7046875 0.45416666666666666
23 0.301953125 0.12569444444444444 0.11328125 0.1986111111111111
23 0.037109375 0.12569444444444444 0.07421875 0.2513888888888889
12 0.737109375 0.33125 0.03984375 0.07916666666666666
12 0.8890625 0.3013888888888889 0.0640625 0.11666666666666667
12 0.81015625 0.3145833333333333 0.0265625 0.09305555555555556
12 0.459765625 0.36944444444444446 0.01328125 0.04722222222222222
12 0.50546875 0.36319444444444443 0.0125 0.04583333333333333
12 0.148046875 0.4548611111111111 0.01953125 0.09027777777777778
22 0.608984375 0.3159722222222222 0.77890625 0.6319444444444444
21 0.0359375 0.7319444444444444 0.071875 0.1638888888888889