23 0.20234375 0.252029103641816 0.325 0.504058207283632
24 0.064453125 0.2501921980568557 0.12890625 0.3801711594418441
13 0.8109375 0.3877843626224193 0.10546875 0.6270844839877715
13 0.203515625 0.22448478698802915 0.11015625 0.4489695739760583
13 0.752734375 0.5760283103704034 0.05234375 0.29962505666224376
13 0.344140625 0.23201527837899605 0.078125 0.44038151077283477
13 0.640625 0.38484383388497684 0.07578125 0.26798950989409415
13 0.780078125 0.3962697815999112 0.10703125 0.6633087808698948
13 0.38984375 0.21412126124355438 0.0921875 0.4136224049341673
19 0.720703125 0.8033486186761546 0.21328125 0.3043387466320613
12 0.59765625 0.5310119981433694 0.03984375 0.13621957049414576
12 0.3625 0.3911020122362687 0.02421875 0.0698099350062454
12 0.926171875 0.6780480231213768 0.04453125 0.1504480166960715
24 0.22890625 0.31119606232448294 0.26640625 0.3609648406242556