4 0.83046875 0.9134648535088443 0.3375 0.17307029298231133
23 0.65859375 0.39122188602167185 0.2 0.2783560993006369
23 0.259375 0.24777692044718008 0.1453125 0.29964978742589676
23 0.440625 0.2570249826606045 0.13125 0.3386173707215984
16 0.607421875 0.8823398351671428 0.78046875 0.23532032966571453
17 0.445703125 0.6911679240156506 0.28671875 0.6176641519686986
24 0.14140625 0.6430555555555556 0.2828125 0.7138888888888889
13 0.842578125 0.3833635971621666 0.08828125 0.47628066535969965
12 0.629296875 0.7656386928979411 0.11015625 0.4687226142041178
12 0.408984375 0.6589381561870445 0.10390625 0.5152364370064507
12 0.833203125 0.6915179119518936 0.06640625 0.29785369616535906
12 0.490234375 0.6290081687501504 0.08515625 0.3829339554747937