8 0.18537799515663173 0.5101371482137236 0.16938839247680565 0.24500810732098127
4 0.7029986401988885 0.8151055773950385 0.524822081306389 0.36978884520992306
24 0.5037461354492359 0.5723083897800474 0.18848388459302096 0.2733384417922028
24 0.3931632194632463 0.5337381700845785 0.07583710780753483 0.1312959998745116
24 0.18895856986196163 0.3860338265729943 0.09129845364722229 0.12041387119312234
16 0.4712268624150172 0.7881944444444444 0.9424537248300344 0.4236111111111111
13 0.09229366332682279 0.2703261284931569 0.12322517334635441 0.5328864746569827
13 0.06271559270555545 0.22901728176038694 0.11050631458888911 0.45528418227913575
13 0.7260299442448261 0.593933720398395 0.08065516042857653 0.4397102267737757
12 0.41424689774987816 0.6263214144913766 0.1158646553945836 0.3282344465947328
12 0.18568711968166646 0.4865260371026124 0.09911226006798621 0.24050546416501106
12 0.39620639238309 0.5403117443483005 0.0252552263486459 0.08167436721051331
24 0.8052073181527254 0.7307784266944274 0.37856598356684046 0.4899751198377528