4 0.7578125 0.6388888888888888 0.3265625 0.08333333333333333
23 0.7765625 0.5194444444444445 0.046875 0.21388888888888888
23 0.88203125 0.5138888888888888 0.0359375 0.18333333333333332
23 0.83515625 0.5229166666666667 0.0515625 0.1875
23 0.487109375 0.3236111111111111 0.09765625 0.3416666666666667
24 0.6109375 0.5618055555555556 0.10625 0.12361111111111112
2 0.470703125 0.5916666666666667 0.22265625 0.1527777777777778
16 0.749609375 0.7972222222222223 0.49765625 0.26944444444444443
16 0.4421875 0.8131944444444444 0.4640625 0.3680555555555556
4 0.4515625 0.6881944444444444 0.0921875 0.05138888888888889
13 0.0921875 0.21875 0.0265625 0.4375
13 0.665625 0.25416666666666665 0.0171875 0.5055555555555555
13 0.63125 0.20694444444444443 0.015625 0.3055555555555556
13 0.06796875 0.21666666666666667 0.0109375 0.43333333333333335
12 0.6796875 0.5673611111111111 0.0234375 0.14027777777777778
12 0.274609375 0.5430555555555555 0.01328125 0.058333333333333334
2 0.134375 0.5569444444444445 0.26875 0.2916666666666667