8 0.2645735946815012 0.7472222222222222 0.042997493731793845 0.09722222222222222
4 0.7214683119554804 0.7145833333333333 0.5570633760890391 0.2875
24 0.47907035220334865 0.6305555555555555 0.17149221826325772 0.2152777777777778
16 0.5222597537276702 0.8576388888888888 0.9554804925446596 0.2847222222222222
13 0.058354029591917655 0.5104166666666666 0.11311639476064353 0.8013888888888889
13 0.6660983334319835 0.50625 0.056410439033798096 0.39166666666666666
13 0.03847043276559188 0.4888888888888889 0.07303095236163318 0.7388888888888889
13 0.5076038718326434 0.46458333333333335 0.02586146951689905 0.19583333333333333
12 0.42534060428166615 0.7368055555555556 0.08814016066226812 0.2777777777777778
12 0.04571712034789298 0.7645833333333333 0.03485838479802065 0.125
12 0.2637283286152744 0.7194444444444444 0.039136707838416565 0.1
12 0.37756768817586817 0.6819444444444445 0.021585494985435005 0.07777777777777778
24 0.7974977829571299 0.5576388888888889 0.40500443408574005 0.3902777777777778