4 0.335546875 0.7319444444444444 0.66953125 0.12222222222222222
24 0.127734375 0.6138888888888889 0.10859375 0.14722222222222223
24 0.2734375 0.6256944444444444 0.0765625 0.14305555555555555
13 0.3203125 0.49375 0.025 0.4263888888888889
13 0.8828125 0.2125 0.078125 0.425
13 0.137890625 0.39791666666666664 0.01328125 0.2986111111111111
13 0.1125 0.15833333333333333 0.0171875 0.30833333333333335
12 0.5078125 0.5541666666666667 0.0203125 0.041666666666666664
12 0.10078125 0.5930555555555556 0.021875 0.07222222222222222
12 0.1234375 0.6194444444444445 0.025 0.1111111111111111
12 0.28671875 0.6340277777777777 0.01875 0.09861111111111111
12 0.648828125 0.6527777777777778 0.02734375 0.12222222222222222
12 0.608984375 0.6395833333333333 0.01796875 0.10416666666666667
24 0.841015625 0.6083333333333333 0.31640625 0.36944444444444446
24 0.459765625 0.5888888888888889 0.28828125 0.275