4 0.5200364748761472 0.5888011317546231 0.2990192829810955 0.1932153677598794
23 0.5438194085211728 0.4844579523756724 0.06160564139235199 0.20731884472583917
23 0.6425657202894562 0.5145701385870227 0.046666442622015934 0.1773843398139895
23 0.5976574808280757 0.5080797509151969 0.06466246369925485 0.1866471615493866
23 0.295109979070055 0.19654614609483095 0.16134254185989008 0.37078457054013303
24 0.26426144613805735 0.43040693000152147 0.12406927995603345 0.19944073675234095
24 0.5078978166495621 0.47773786446043387 0.15535109621281204 0.21077946054336963
24 0.07850400161072692 0.3881094442390141 0.15700800322145383 0.2845522218113615
24 0.15421200785724284 0.39206987308258984 0.08889030405833438 0.19067772804298927
2 0.6751782323897046 0.5773785763453806 0.060397144515609825 0.07672287663106342
16 0.23052277127363058 0.7222222222222222 0.46104554254726116 0.5555555555555556
13 0.9099327548812786 0.4735301158892067 0.1794072615110732 0.6397292019585322
13 0.8948092158991567 0.6776435950247449 0.0454948280624393 0.2967479591799937
13 0.2217959088648583 0.8713408272480184 0.08327156313352066 0.14456150693511505
12 0.4671205531349785 0.5221641901987633 0.04736133421075959 0.15103586346432077
12 0.4106003753927835 0.48242872554974603 0.038676680619963474 0.1228135477551212
12 0.9134501315902014 0.7119468292993619 0.03160906918364503 0.11133872379102867
12 0.3520924629231927 0.68982326151702 0.23559817417705578 0.6203534769659599
12 0.4360114537007126 0.4774921330744013 0.01981305113146803 0.08712142459161513
12 0.23543700936977388 0.40391166605037543 0.04170623184962743 0.09380853124533531