23 0.422603074355499 0.2902777777777778 0.15913174136695307 0.44027777777777777
3 0.19549195737188457 0.5048611111111111 0.385620421347863 0.19027777777777777
3 0.22453429370224837 0.46597222222222223 0.02067612667090888 0.05555555555555555
24 0.2391280503659985 0.42777777777777776 0.09787497334499946 0.1527777777777778
24 0.4603717963677484 0.45069444444444445 0.027834646005726958 0.075
13 0.7253149963597941 0.34652777777777777 0.06261182471354339 0.6138888888888889
13 0.1302468496777495 0.1451388888888889 0.08236869935549898 0.2902777777777778
13 0.10599628234404497 0.14027777777777778 0.032305064688089934 0.28055555555555556
19 0.6174680493912927 0.7590277777777777 0.3047169613701346 0.48194444444444445
12 0.6162859890396117 0.51875 0.021593736672499732 0.0763888888888889
1 0.31393714636377135 0.39861111111111114 0.12141247067949941 0.16805555555555557