16 0.7260032882853283 0.8098331921658717 0.5107167891075596 0.33305094478066843
23 0.2846825514049452 0.1500116064046918 0.19436510280989036 0.3000232128093836
23 0.4727691112050019 0.17478073757406262 0.17678822241000383 0.34956147514812524
24 0.0811669429635001 0.3697921261548059 0.15709577050323803 0.48819352546816597
24 0.2240265655588384 0.3568410759219609 0.07821925843752053 0.16776849265402424
13 0.8425471590241591 0.43259447136614276 0.23608884445718809 0.7350882722496368
12 0.9230667389261498 0.7520026783983572 0.15386652214770039 0.40967345942902206
12 0.5623710749034082 0.5416278424690654 0.0624677728654909 0.20025316266373416
12 0.6125942915546303 0.5703116462285851 0.09131202467958932 0.2780564904253288
12 0.830513439694198 0.5764178651668813 0.020758933302444403 0.06351031348050402
12 0.13180682186577428 0.340061771502552 0.032351197730414505 0.09740942236291959
12 0.5076339564844211 0.34286576862948687 0.02810764183263199 0.04030332776159453
24 0.34958957730806983 0.5581958149621147 0.40154022966639796 0.69508503199242