21 0.071484375 0.6895833333333333 0.04453125 0.07083333333333333
23 0.111328125 0.16111111111111112 0.21953125 0.32222222222222224
23 0.603515625 0.13541666666666666 0.10546875 0.19583333333333333
16 0.445703125 0.7090277777777778 0.24140625 0.5763888888888888
16 0.723828125 0.6222222222222222 0.54921875 0.39166666666666666
13 0.07109375 0.7715277777777778 0.009375 0.09861111111111111
0 0.168359375 0.6847222222222222 0.15390625 0.075
12 0.459375 0.45 0.0109375 0.05277777777777778
12 0.509375 0.44166666666666665 0.0125 0.044444444444444446
12 0.534765625 0.4409722222222222 0.00703125 0.04027777777777778
12 0.699609375 0.47708333333333336 0.02265625 0.09861111111111111