23 0.570703125 0.33541666666666664 0.10078125 0.30972222222222223
24 0.07265625 0.5416666666666666 0.1453125 0.33055555555555555
24 0.513671875 0.42916666666666664 0.08203125 0.10277777777777777
3 0.278125 0.5513888888888889 0.475 0.1638888888888889
2 0.22578125 0.5083333333333333 0.2234375 0.18333333333333332
13 0.80234375 0.2652777777777778 0.0765625 0.5305555555555556
13 0.72421875 0.3902777777777778 0.0140625 0.14722222222222223
13 0.830078125 0.2708333333333333 0.01640625 0.5194444444444445
19 0.873046875 0.7458333333333333 0.25234375 0.5027777777777778
12 0.721484375 0.47708333333333336 0.01171875 0.05694444444444444
12 0.39921875 0.4618055555555556 0.01875 0.0763888888888889
12 0.579296875 0.46319444444444446 0.01015625 0.043055555555555555