4 0.6956088168868149 0.798053383125547 0.08671629391688303 0.32055259956612
4 0.8876003986453131 0.6033218961148519 0.20139137440943672 0.07703957864114398
23 0.7929786405666877 0.3723729978452458 0.06832590326537727 0.13953642424162543
24 0.6647593821291672 0.5401407900515164 0.1956721424656042 0.2628597720034515
24 0.18892853026873496 0.5375558762650561 0.23330855172143133 0.2709678874431104
24 0.045080587706538965 0.5547105602459141 0.09016117541307793 0.1933566572859495
24 0.5040860215571374 0.5118136663121787 0.21773811542376223 0.2732608023062156
24 0.3711916760036411 0.5201016677535635 0.22705855172143127 0.27077394227724133
16 0.22765064598777873 0.7607341255439977 0.45530129197555747 0.3004872965311569
10 0.5067769845801624 0.6331838636426879 0.11628968811176765 0.07717485353395545
13 0.39349576769727224 0.20265437644522918 0.07132939609380129 0.40530875289045837
13 0.9402876775436626 0.2463481165338786 0.07253723202865067 0.3936788477625584
12 0.9451599275012535 0.5349097229553634 0.06202382876327341 0.2559364163052221
12 0.7966232237803892 0.5048179415682656 0.029471734390903493 0.10918184343401059
12 0.5373709921106337 0.5066166659518326 0.04707838584218216 0.17080206060552808
12 0.03326880731057698 0.5521024844882718 0.046450903265377375 0.1388576161610836
12 0.20479410508732512 0.5446977806664055 0.046133444735189676 0.16244448412646098