23 0.9210226478435939 0.39591847020204307 0.1579547043128123 0.36171472729976795
16 0.5026519477570143 0.7337626301328322 0.3896307701359724 0.48889821789461885
16 0.8029969234416668 0.774559258541233 0.39400615311666626 0.3587954054231122
13 0.8078891544446529 0.3057114025885916 0.17233547378319472 0.5841633210640148
13 0.30582496703996537 0.16606068728402093 0.041337434079930714 0.33212137456804186
13 0.9557632833865453 0.28179260634073633 0.06170644509784751 0.54007261309654
13 0.83511601619408 0.41426050403355613 0.07856402393569475 0.27765513923081026
13 0.2783178894848438 0.17377271141633763 0.040573714665138996 0.29710431006323235
12 0.5299213295486982 0.5767792858152413 0.06629976006798621 0.2351395792815517
12 0.7893424422480558 0.6212414851571582 0.05863207722232637 0.18601913220088542
12 0.9811535817813543 0.6447630424371451 0.03769283643729153 0.15005186649752855
12 0.5785585246950002 0.5586588971377752 0.051528092039965404 0.17995424067577484
24 0.5222452080156252 0.5877618813369693 0.2554908530578821 0.37788853846968856
2 0.17074504487942735 0.4985321607103802 0.3341074687492016 0.48071345635701734