21 0.11431484929981972 0.4413130666949482 0.03565623667249973 0.07711614223070676
8 0.2849628829567293 0.5726382246622594 0.08481189934754481 0.18784035794610013
23 0.37895433296866055 0.4183114057217332 0.05344372067949941 0.16913835497559546
16 0.5021410186187295 0.638250225899954 0.9920089707192703 0.709316627201282
13 0.599045206317637 0.21797542651526605 0.11042152136377119 0.4008413546926857
13 0.48733899763288796 0.4525022549331259 0.2823499706794994 0.17387358229009792
13 0.7122903673217733 0.1661440511351032 0.11760676535645338 0.30516963321308965
12 0.7929261999721604 0.38103542004378915 0.05902155868077195 0.1859181499398782
12 0.7553216573042741 0.39623190536807235 0.055015311346272 0.17055956623523166
12 0.48677510262175205 0.5983436688591461 0.1351402580362711 0.47773124032816017
12 0.20161458095959278 0.5334089778272705 0.04287839067472685 0.10642825956573682
12 0.09155350928947929 0.5762772201711505 0.02474600867281791 0.08105655230214114
12 0.6631750653047513 0.3880748854939724 0.029542596674090583 0.09782018608105021