23 0.483203125 0.3972222222222222 0.06171875 0.15
23 0.2375 0.4236111111111111 0.03125 0.05555555555555555
24 0.603515625 0.5486111111111112 0.05546875 0.08888888888888889
24 0.279296875 0.5277777777777778 0.09140625 0.11388888888888889
24 0.10078125 0.5180555555555556 0.2015625 0.4083333333333333
24 0.647265625 0.5541666666666667 0.03671875 0.09444444444444444
16 0.520703125 0.8520833333333333 0.32734375 0.2902777777777778
16 0.76484375 0.7541666666666667 0.46875 0.3111111111111111
13 0.775390625 0.2986111111111111 0.12265625 0.5166666666666667
13 0.271875 0.23402777777777778 0.015625 0.46805555555555556
13 0.810546875 0.4166666666666667 0.05703125 0.25833333333333336
12 0.815625 0.6340277777777777 0.04375 0.20972222222222223
12 0.9828125 0.6479166666666667 0.0328125 0.19583333333333333
24 0.423046875 0.6104166666666667 0.23046875 0.2986111111111111