23 0.623046875 0.5104166666666666 0.02421875 0.10694444444444444
23 0.6578125 0.5118055555555555 0.0296875 0.09305555555555556
23 0.6875 0.5083333333333333 0.01875 0.09166666666666666
24 0.4921875 0.5319444444444444 0.034375 0.07222222222222222
24 0.52578125 0.5548611111111111 0.04375 0.11527777777777778
13 0.796484375 0.3159722222222222 0.13671875 0.5680555555555555
13 0.2859375 0.1951388888888889 0.0140625 0.3902777777777778
12 0.758984375 0.6020833333333333 0.03984375 0.15694444444444444
12 0.21328125 0.6763888888888889 0.1359375 0.3888888888888889
12 0.3375 0.6340277777777777 0.0890625 0.2875
16 0.75234375 0.8361111111111111 0.4953125 0.3277777777777778
12 0.948046875 0.5965277777777778 0.02421875 0.10138888888888889
24 0.23984375 0.6881944444444444 0.478125 0.6041666666666666