8 0.30646134683807263 0.6266827137027815 0.17696450313413203 0.21873421846831825
23 0.1420144273367014 0.3344586217410127 0.2840288546734028 0.4966950212598032
23 0.4645761657016491 0.40276015829353895 0.07216790036059031 0.2049856048794832
24 0.43192634004638875 0.4782067837884557 0.050109755983923775 0.07060154552642581
2 0.22973584588814208 0.5754596500977633 0.12518314437666672 0.13971851453011874
3 0.1326639268859634 0.7274737647573482 0.2653278537719268 0.2746897242890851
13 0.9266128055192879 0.4322197307978198 0.14677438896142406 0.7751277499190837
13 0.5738615531444617 0.2958370887059212 0.12211596181534752 0.4421325794549151
19 0.7809073942829511 0.633852013898308 0.4308389580156254 0.6468631837181072
12 0.6802722678580553 0.5577650504663538 0.1032191850298613 0.31068794803651595
12 0.3083242060705032 0.5739655547338339 0.09346167211208342 0.22135452121620525