8 0.5939350017486111 0.31748816175480876 0.06408901631162252 0.14254570609267278
23 0.8579113063306505 0.09382203860244683 0.2767601126613009 0.18764407720489365
16 0.5084471586118279 0.6355209466084325 0.9831056827763442 0.3033112213866384
10 0.2957103839158391 0.4027128833771166 0.0867943458553869 0.11254191783771796
13 0.3603260170530598 0.12275197031666886 0.0411091141441756 0.24550394063333772
13 0.032150608212676554 0.20745812333448446 0.04195137254713259 0.3334018513001402
12 0.15768513119723537 0.39118139968878857 0.04820668973360744 0.19806700266482488
12 0.22928225273719427 0.35603104310452915 0.04379110376405233 0.17552133774435438
12 0.08807429745199238 0.3934664574953853 0.0683918557412186 0.19419334914016023
12 0.8754555864824372 0.30600584303649 0.059954614638467164 0.26835239812471484
12 0.05623670703381296 0.3362670883194994 0.024279758402956975 0.0727093009831732