21 0.16640625 0.8097222222222222 0.046875 0.08333333333333333
8 0.964453125 0.6444444444444445 0.06796875 0.1111111111111111
23 0.696484375 0.24722222222222223 0.23359375 0.46111111111111114
23 0.115625 0.22847222222222222 0.23125 0.45694444444444443
23 0.435546875 0.24791666666666667 0.10546875 0.19027777777777777
13 0.166015625 0.9041666666666667 0.01015625 0.1111111111111111
13 0.252734375 0.7513888888888889 0.01953125 0.16944444444444445
13 0.03046875 0.5715277777777777 0.0234375 0.36527777777777776
16 0.53828125 0.8194444444444444 0.4421875 0.3611111111111111
12 0.587109375 0.5756944444444444 0.01953125 0.09583333333333334
12 0.537890625 0.5680555555555555 0.01640625 0.08611111111111111
12 0.573828125 0.5736111111111111 0.01640625 0.09444444444444444
22 0.322265625 0.5041666666666667 0.27265625 0.175