23 0.66171875 0.32708333333333334 0.1984375 0.2513888888888889
23 0.2609375 0.24930555555555556 0.146875 0.33194444444444443
23 0.197265625 0.32430555555555557 0.13984375 0.1875
23 0.44375 0.19236111111111112 0.13125 0.2847222222222222
24 0.080078125 0.6388888888888888 0.16015625 0.7166666666666667
24 0.68203125 0.5777777777777777 0.1484375 0.25833333333333336
13 0.83984375 0.35347222222222224 0.1453125 0.7069444444444445
12 0.322265625 0.6631944444444444 0.13828125 0.6513888888888889
12 0.70703125 0.6993055555555555 0.0984375 0.4263888888888889
12 0.81171875 0.6 0.053125 0.25833333333333336
12 0.1828125 0.6013888888888889 0.0640625 0.6666666666666666
17 0.355859375 0.6604166666666667 0.38671875 0.6680555555555555