21 0.11560780627388909 0.7709788071021181 0.0529528246737724 0.09630512716103744
8 0.9393680249443207 0.6705531250961428 0.09771134134309065 0.13379191030135662
16 0.58106917427198 0.7670721701339491 0.6752289086966805 0.43481497573943734
23 0.4252577156468873 0.23252194371216647 0.12088575934913556 0.21436510796144084
23 0.6836014723106374 0.25504071862159494 0.2672987773710892 0.5100814372431899
22 0.21511400696213814 0.48227728462091185 0.11389032467377244 0.10008821052264365
13 0.21041177627707075 0.7234435111180881 0.028443720679499407 0.1697530929614045
13 0.11161037593493481 0.8448081730225526 0.014526124005408824 0.07170635257062688
0 0.1589308186067982 0.7738425533426847 0.044131808004454334 0.06104939318269152
12 0.05434123364895536 0.6965321735851945 0.10868246729791071 0.4791578750518332
12 0.5101853306214339 0.5604474078811528 0.020903393340227082 0.0915388055649798
12 0.5475989692870931 0.5713138010261474 0.02329259667409058 0.09862875321563978
12 0.5351262412874112 0.5679231514592973 0.020912484006999677 0.09292769445386868