4 0.774383021821839 0.6079848281753135 0.3311957683173656 0.12453711553685277
23 0.7919965677288247 0.48861974376381756 0.05716844810012063 0.21981923613467164
23 0.8974857895176068 0.4827665439285593 0.045330189393693134 0.18858466561677653
23 0.850404410616649 0.49195085858724086 0.061078020126387855 0.19372135365821397
23 0.5001443817838337 0.2924579954988645 0.11492339439121899 0.3537213654331864
24 0.6265320200128167 0.5308949158495706 0.11244244629109837 0.1372972041102124
2 0.4861305486762898 0.5604826920902102 0.2306944793077852 0.1806834755321044
16 0.7560541057492228 0.7663269825609114 0.4878917885015543 0.33118618719888043
16 0.4592941499876281 0.7785162097338204 0.4825579517181652 0.4181350333382277
4 0.4682525305282662 0.6576013037451148 0.09464743668015992 0.06271607162433052
13 0.10412699626838409 0.20375219495996527 0.04731649253676817 0.40750438991993054
13 0.6781122515261089 0.23864520364040698 0.04228815581117971 0.47729040728081396
13 0.6434556295225557 0.17572515622149962 0.030923530641837615 0.30830247436912356
13 0.07982635911325434 0.20148367840394216 0.03152771822650866 0.4029673568078843
12 0.6951780000557708 0.5363732945571708 0.030738744911617388 0.14331570300377683
12 0.2894276280522177 0.5121670420738089 0.01582307383528967 0.060595241459515926
2 0.15087858378491237 0.5249426484415661 0.27940197421940244 0.3251147031168677