8 0.3984375 0.4895833333333333 0.0234375 0.05416666666666667
23 0.117578125 0.3020833333333333 0.23515625 0.6041666666666666
24 0.0171875 0.4840277777777778 0.034375 0.20694444444444443
13 0.800390625 0.31805555555555554 0.02109375 0.6361111111111111
13 0.62421875 0.3680555555555556 0.0421875 0.26666666666666666
13 0.35078125 0.2875 0.0171875 0.4111111111111111
19 0.777734375 0.8215277777777777 0.16796875 0.35138888888888886
12 0.597265625 0.5284722222222222 0.02421875 0.13194444444444445
12 0.841015625 0.5194444444444445 0.01640625 0.09444444444444444
12 0.32421875 0.47708333333333336 0.015625 0.06805555555555555
12 0.421875 0.45416666666666666 0.0078125 0.041666666666666664
12 0.93046875 0.5652777777777778 0.0203125 0.11944444444444445
24 0.181640625 0.4409722222222222 0.26484375 0.2625