4 0.40405323561825224 0.6678275397447204 0.6526170173456357 0.21506135317892014
23 0.8945665179821827 0.30753108831148307 0.2107578760343621 0.4672071515468072
23 0.1461832883115919 0.2969807004858311 0.25763342337681616 0.5904682198305811
24 0.16060832029759256 0.4816078046121574 0.19592212201622652 0.22860744637276315
24 0.28524923896007 0.5468190820672127 0.07343804734245421 0.125460478631862
24 0.024381287317000754 0.4972736106973274 0.04876257463400151 0.13899166583909922
16 0.4946614226408421 0.8279474667727336 0.9893228452816842 0.30311715576768944
13 0.3900009209699332 0.42625599117394963 0.02543799403245304 0.42687596764983987
13 0.22223243931016015 0.32203783310167206 0.01243746001749919 0.23007230622176186
12 0.053281349956252014 0.5776389300610912 0.09283403202577153 0.3450038705993595
24 0.5108307679622972 0.5363150590894703 0.39959256202258986 0.32875980001500565