4 0.6717211726010712 0.8818913035222525 0.09403290535486271 0.23621739295549496
4 0.878662063275798 0.8174787757296504 0.20530566534054523 0.10927178044704944
23 0.8030319039624562 0.5500705245089885 0.07125792934436319 0.14953780413999565
24 0.6631694252864566 0.6622192131111203 0.20025563335454458 0.2921523706963337
24 0.19705007863225157 0.4651822231340126 0.23782835868872626 0.30597994031173875
24 0.05053070932129601 0.41970735266562653 0.10106141864259202 0.2088591497756975
24 0.5082370246260474 0.5690127844509568 0.22299369935549898 0.30629356437601146
24 0.37722792729552446 0.5226996241303722 0.23157835868872628 0.30552719722768984
16 0.2229366923138191 0.6982148990274556 0.4458733846276382 0.37420757583268893
10 0.5004148866168204 0.6893367818147351 0.11696987133990877 0.09454345105152381
13 0.42567134098504616 0.22676134526243108 0.08146981802990769 0.39738254810278534
13 0.9578196749681833 0.4862476193964483 0.08149709003022565 0.40154921476945193
12 0.9387504069462299 0.7725025759153135 0.06809711401972648 0.2631437286013541
12 0.7955231202856613 0.6822283738710753 0.03196816267504517 0.11198593764246725
12 0.5410131619589564 0.5769452411977697 0.05113633334659031 0.17723305578350318
12 0.04339836730188781 0.415144535800417 0.04935565734404497 0.14378653667915764
12 0.2118120126312971 0.47875748795862905 0.05030053934595395 0.16884312956466374