23 0.14596752936236218 0.2669900064344092 0.15998723779889096 0.3638737770412715
24 0.25419961827801835 0.5579830846449846 0.08060364474715102 0.2200989886952554
24 0.25597828804656 0.506335441597497 0.0606507096771284 0.11312028526740758
24 0.6927066733856422 0.48548466998094475 0.050387451819245574 0.1677055127282183
16 0.509986160772503 0.7787382235131122 0.980027678454994 0.43645048910102274
13 0.8685595630679506 0.2245640009226369 0.0385360769216895 0.4491280018452738
12 0.6326628163754648 0.5844097531529169 0.06180229487098554 0.3058523981247149
12 0.7458445398038883 0.5861733702846534 0.04680868755122205 0.17988207002997
12 0.3758209841795358 0.5680952498881775 0.04121365901517464 0.20436456171277276
12 0.15625334687598288 0.5848838406408406 0.051170855872021546 0.22736304641079086
24 0.5052099044648062 0.5907873184491432 0.1647817456567738 0.30883572980291313
24 0.3565626389561828 0.5801291300460855 0.18315075599585598 0.325601343992633