8 0.235546875 0.6833333333333333 0.03515625 0.08888888888888889
4 0.706640625 0.76875 0.57890625 0.14583333333333334
24 0.458984375 0.6215277777777778 0.15546875 0.17916666666666667
16 0.499609375 0.9159722222222222 0.99609375 0.1486111111111111
13 0.0484375 0.39861111111111114 0.0484375 0.7972222222222223
13 0.655859375 0.5451388888888888 0.01953125 0.3902777777777778
13 0.019140625 0.36944444444444446 0.03828125 0.7361111111111112
13 0.502734375 0.46458333333333335 0.00703125 0.19583333333333333
12 0.395703125 0.7131944444444445 0.06328125 0.2652777777777778
12 0.0171875 0.6465277777777778 0.0234375 0.12083333333333333
12 0.237109375 0.65625 0.03046875 0.09305555555555556
12 0.353515625 0.6472222222222223 0.01484375 0.075
24 0.794921875 0.6326388888888889 0.40703125 0.29305555555555557