8 0.408819467466476 0.6786639255624597 0.1140280920399654 0.18332454171850007
4 0.784704267951771 0.5167282079705007 0.43059146409645804 0.3409524852449932
24 0.29416566750460105 0.6107208310639172 0.08499390226045148 0.11213405879946806
16 0.5331700234607293 0.7629738592629736 0.9336599530785413 0.46677712116327225
16 0.533151839665139 0.7615849703740847 0.933696320669722 0.46955489894105
13 0.14969642776321204 0.475127831664256 0.1289134353142017 0.6644136090301793
13 0.18618820692352453 0.48537253196791386 0.13659930195545172 0.7148501186488262
13 0.8008484859416669 0.2838864937543933 0.0828352562682639 0.42424605024955975
13 0.6202251736791495 0.28328468507744015 0.04033667211208343 0.21899471796611655
12 0.17828740078710106 0.7179959913746979 0.06157523926642368 0.17174163677968451
12 0.41308874016789965 0.6464284747055841 0.06740766517822934 0.19985892203863215
12 0.6518953606088718 0.49260125664522536 0.04364220364722229 0.11373016882299222
12 0.5581372485266496 0.5873830253858467 0.10162031743868064 0.3088404113700951
24 0.8590853656913195 0.3391069376361958 0.281829268617361 0.4134877223541613