21 0.7303606651157292 0.03324146256032263 0.20915883023145837 0.053538253791269606
8 0.9761548162730211 0.29265848467442307 0.04431723428423453 0.11153936802775087
4 0.1562833299196175 0.6736564788770063 0.2657235074435981 0.21519074628756682
24 0.09486848686787755 0.535558535257547 0.1711066743166556 0.36000595940398294
16 0.6247774259715401 0.49045567168696524 0.7504451480569199 0.473107607065022
13 0.8474583317816442 0.3142378585164882 0.1433541635632885 0.612428203137758
13 0.7890497493785729 0.4101353713980792 0.15309949875714574 0.8055322406084048
13 0.05189650578871365 0.4455550253267559 0.09396843961813657 0.5161100506535118
19 0.8922153868892682 0.7216550016330728 0.2155692262214636 0.34959783606169564
12 0.5350279332079958 0.4776279557549016 0.061817257443598096 0.21308178298109556
20 0.01625112334511556 0.23274393303825336 0.022677674730940366 0.09048786607650672