21 0.8354481035234969 0.2990082707638698 0.18525084138279588 0.26133139554675766
8 0.28573695120775244 0.5169518402922548 0.12915996575597538 0.26581283984067583
8 0.9588740970906885 0.7653670249720774 0.05025606426490725 0.11562400321603958
4 0.1273915626155546 0.4023606824458123 0.2547831252311092 0.24361025378051346
24 0.24103168804451952 0.3083086758118284 0.0942106527447093 0.13220016382694283
16 0.6498658157829112 0.6663310688951782 0.6693196159934022 0.47839138448891527
13 0.840486635689204 0.6604439775832621 0.11591948284473404 0.5530275913358009
13 0.6340542623385567 0.3894385657544018 0.09036189020829699 0.32598951103034923
13 0.13995675293624738 0.19734808834555073 0.07633649412750527 0.37460652796593574
13 0.7671825221698307 0.6787308196376715 0.12332045737619808 0.642538360724657
19 0.793552316640841 0.9257100934706629 0.3073387900500123 0.1485798130586741
12 0.5393817825946721 0.5565803517741832 0.05711146951689905 0.2008557455146249
12 0.7199725530486432 0.6137450806542741 0.029875368104973175 0.10956483340859664
12 0.8168445472094019 0.6707603201131356 0.03325042069139812 0.1251337655157245