23 0.6628807074909234 0.35139233915609636 0.21908953410611964 0.28969784681747196
23 0.2722258505325664 0.2033855268500227 0.17380620901097926 0.3586574721110035
23 0.20321521811819263 0.2665844744592555 0.1548705252088709 0.21405142128292146
23 0.45790735325117016 0.17855382453724988 0.1546914530794803 0.3084716247698202
24 0.08533532212939068 0.5595116709182959 0.17067064425878137 0.7448655470522971
24 0.6625557608372339 0.6041135546996009 0.1690258671099251 0.2864029286120538
13 0.8369184088217928 0.4086060852775415 0.20268191999912516 0.7324786715208436
12 0.29925130036197034 0.6259224185151409 0.19122049657713996 0.6754291829270348
12 0.6772529542594377 0.729626191962453 0.13277930239490807 0.44293527677822214
12 0.7892237136509779 0.6493202002911409 0.07408078163466154 0.2673696544354906
12 0.16610056074209364 0.5398203137336065 0.11859608007523717 0.6760666021320086
17 0.33278138336577595 0.6283527425680977 0.4410905039915137 0.7404987244268733