8 0.5851240550051799 0.3704156118398586 0.06695636765884583 0.14224147258220227
23 0.8676166084579193 0.16528151732664023 0.26280186869230315 0.3176254877313874
16 0.48828975041428474 0.6617131789382084 0.9765795008285695 0.3126847532346943
10 0.2839618153442622 0.3644956883152642 0.08884848428423435 0.11377785714181102
13 0.3831624295908952 0.1151483156587958 0.04617514081820957 0.2302966313175916
13 0.050876468466024706 0.1300343279222824 0.04824706306795059 0.2600686558445648
12 0.15145112613815578 0.3124033878085827 0.05282324710451589 0.19870105411197395
12 0.22517972456657925 0.2990134209985098 0.04751716294411601 0.17494448412646108
12 0.08283811703967325 0.2944100173171205 0.07220894789030416 0.19375157719975936
12 0.86035734139911 0.4423648506599736 0.06554372497860968 0.2670960137078004
12 0.05958470761021384 0.22851913131393017 0.02532963978475229 0.0729495165942313