3 0.5789955797127316 0.5929911011740139 0.19097222958158006 0.10113322908266456
23 0.4787872320286507 0.401411861447025 0.07421380471665628 0.20006561779474671
24 0.5541394234521293 0.5202840433905798 0.14300844473518967 0.16400396329300848
2 0.21239586755434678 0.4562933221231897 0.23000001324684397 0.17968674375838134
16 0.4693924177781656 0.7511564978074734 0.4270635301218849 0.49768700438505326
10 0.7590997585223385 0.75706827632783 0.10285467068857254 0.1076403484687666
13 0.7748078155588385 0.383933920185244 0.17403029935917863 0.5505999099653315
13 0.26959822658635507 0.16801096421244147 0.05794645317271012 0.3260666382346661
13 0.9126488386984063 0.4041393999221314 0.14108139010335136 0.5429766957351905
12 0.6230729619267168 0.6105627942216094 0.03507689364673041 0.11595654756347437
12 0.8177840331595189 0.7430106680457688 0.06160467731199439 0.19425148327321154