23 0.143359375 0.14889306168656655 0.24765625 0.29657396608645137
23 0.59921875 0.38109449277769847 0.1359375 0.3528294184687637
23 0.36875 0.21005387589738708 0.18515625 0.36963451442776046
24 0.54609375 0.46416818109003344 0.12578125 0.15112536868533746
2 0.19375 0.41017896680860827 0.27890625 0.3086548030269079
3 0.227734375 0.5188724325369104 0.39921875 0.32766602524766547
13 0.87265625 0.4124962604511376 0.071875 0.5383414805186055
13 0.423046875 0.2360443300814303 0.0953125 0.32517988600172576
19 0.853125 0.8013690169509161 0.2765625 0.39726196609816783
12 0.73984375 0.5771249256764195 0.01796875 0.06444648124076259
12 0.603515625 0.5145611634125667 0.0140625 0.053214154400983205
12 0.352734375 0.4269180025209587 0.03046875 0.09816770490583401
12 0.398828125 0.4450150147859099 0.0265625 0.08693537806605478