8 0.20785930368508138 0.49821399434206814 0.1738686814570916 0.23466337504129658
4 0.7359227399755441 0.7850537128464515 0.5281545200489116 0.36597405842333425
24 0.5275648589326357 0.5405699740768836 0.1934832314429741 0.26182810587537075
24 0.41574005763133526 0.5088962425678709 0.0782684841443972 0.12668215214413595
24 0.20573994322526615 0.3739892556558027 0.09348396046687402 0.11482868709845696
16 0.5008227429993871 0.7881944444444444 0.963878302404957 0.4236111111111111
13 0.10423486828173585 0.26437669326188284 0.1334697365634717 0.5256500187430249
13 0.07290542093374792 0.2249376690303705 0.11924834186749585 0.44877622863839517
13 0.7497849813017998 0.548378044913211 0.08915131818997253 0.43504781222518524
12 0.44096335363567035 0.6000953326555561 0.12209334983059072 0.3212893915900619
12 0.20708575896087064 0.47460288323095706 0.10364718671876343 0.23453174552462977
12 0.4190698194700969 0.5152755495587352 0.02681239995764777 0.08016879584586434
24 0.8205655235716426 0.6801960855240444 0.3588689528567148 0.4668087475494452