8 0.436328125 0.6138888888888889 0.04609375 0.1
4 0.855078125 0.6541666666666667 0.28671875 0.10277777777777777
24 0.980078125 0.5208333333333334 0.03828125 0.2611111111111111
16 0.49921875 0.8548611111111111 0.9984375 0.10138888888888889
13 0.369140625 0.3506944444444444 0.02109375 0.6986111111111111
13 0.20859375 0.5618055555555556 0.0140625 0.2625
13 0.83203125 0.33541666666666664 0.0109375 0.20972222222222223
13 0.338671875 0.3215277777777778 0.01640625 0.6430555555555556
11 0.128125 0.5416666666666666 0.2546875 0.3194444444444444
12 0.13984375 0.6430555555555556 0.0921875 0.3111111111111111
12 0.891796875 0.6375 0.06171875 0.2722222222222222
12 0.187890625 0.6069444444444444 0.03671875 0.16111111111111112
12 0.014453125 0.5979166666666667 0.02890625 0.22083333333333333