8 0.29921875 0.4986111111111111 0.075 0.13055555555555556
16 0.869921875 0.7888888888888889 0.20703125 0.41388888888888886
23 0.087890625 0.13958333333333334 0.17578125 0.2791666666666667
23 0.315625 0.1638888888888889 0.21875 0.3277777777777778
23 0.769921875 0.34652777777777777 0.06015625 0.10972222222222222
24 0.7078125 0.4736111111111111 0.2 0.2638888888888889
24 0.910546875 0.49722222222222223 0.15859375 0.17777777777777778
24 0.410546875 0.45416666666666666 0.16484375 0.25555555555555554
13 0.4703125 0.17777777777777778 0.0265625 0.3527777777777778
13 0.180078125 0.1798611111111111 0.02265625 0.3597222222222222
13 0.530859375 0.18263888888888888 0.03515625 0.3625
12 0.755859375 0.4791666666666667 0.04140625 0.16944444444444445
12 0.435546875 0.42083333333333334 0.02890625 0.09444444444444444
24 0.553515625 0.5305555555555556 0.29609375 0.3388888888888889