23 0.10503647500705873 0.21557260270285267 0.21007295001411747 0.4132992390387391
23 0.5686037567535577 0.27842233673867267 0.12645462613895014 0.3401294594237039
23 0.3254981343491001 0.23137342707755196 0.17659113403145774 0.3484361926279482
24 0.5241754344408633 0.385985151736946 0.12358098414439737 0.1335084576775077
2 0.17211662265151276 0.5134796958016263 0.27524146565795865 0.267956813893514
3 0.21598844901634173 0.6012650500893139 0.39836044724210706 0.2684553809359367
13 0.8404783922416079 0.22044680801749678 0.05185571551678407 0.44089361603499355
13 0.3817026317182642 0.22810474111166598 0.08523809193808303 0.3187100998063665
19 0.8602964030120066 0.6379483727673557 0.24983048393263588 0.5387216292600404
12 0.7256546344549808 0.3956197088565752 0.016110118387616622 0.06366439371369381
12 0.5855112647166527 0.4044535239459099 0.01262109734092931 0.05229452844398408
12 0.33046359630785993 0.4484263102685379 0.027267426266007 0.09506090028469474
12 0.37742960156953176 0.4417672201117811 0.02382390785015547 0.0850799239038739