3 0.439453125 0.4986111111111111 0.14921875 0.05
24 0.41875 0.41597222222222224 0.0796875 0.11805555555555555
24 0.49765625 0.41388888888888886 0.0671875 0.125
24 0.751953125 0.47291666666666665 0.09921875 0.2013888888888889
24 0.84453125 0.43472222222222223 0.1078125 0.19722222222222222
24 0.637890625 0.4534722222222222 0.09453125 0.20416666666666666
13 0.948828125 0.24444444444444444 0.02265625 0.48333333333333334
12 0.68203125 0.5763888888888888 0.075 0.45
12 0.91953125 0.5361111111111111 0.059375 0.18611111111111112
12 0.959375 0.4513888888888889 0.025 0.1111111111111111
24 0.134375 0.4861111111111111 0.1453125 0.3138888888888889
20 0.54140625 0.2659722222222222 0.0125 0.034722222222222224
16 0.3125 0.8180555555555555 0.596875 0.3638888888888889