8 0.375 0.6541666666666667 0.0953125 0.1388888888888889
4 0.7734375 0.6881944444444444 0.45 0.12361111111111112
24 0.274609375 0.5326388888888889 0.07578125 0.0763888888888889
16 0.499609375 0.8534722222222222 0.99765625 0.0763888888888889
16 0.499609375 0.9041666666666667 0.99609375 0.18333333333333332
13 0.15625 0.33125 0.03125 0.6625
13 0.18984375 0.3590277777777778 0.03125 0.7152777777777778
13 0.81015625 0.46597222222222223 0.0203125 0.4236111111111111
13 0.63671875 0.3763888888888889 0.0078125 0.21944444444444444
12 0.14765625 0.5791666666666667 0.0390625 0.15555555555555556
12 0.383984375 0.625 0.04140625 0.18333333333333332
12 0.636328125 0.59375 0.02890625 0.10138888888888889
12 0.53203125 0.6395833333333333 0.0609375 0.2847222222222222
24 0.867578125 0.5527777777777778 0.26328125 0.2916666666666667