4 0.7066294130046806 0.7033987649482705 0.34943892589344294 0.09216318051142025
23 0.9432838139549891 0.47506388425046153 0.09397944615939799 0.25226403360302485
24 0.046694633384366455 0.6637416766298148 0.09338926676873291 0.21405400641617295
24 0.2253754251148245 0.6213256884511725 0.08140385030401118 0.14628823032716065
16 0.35155394659791805 0.786082173845339 0.5098856304557979 0.4179436675082106
13 0.707486906103189 0.4105856600005854 0.07048754942915866 0.4191881529885186
13 0.8611789446393423 0.4305900162155542 0.0438467949805343 0.38062137031388893
13 0.4533100713693628 0.4328974085638573 0.05673411414417569 0.2618234608237655
12 0.9064629517879798 0.7194125097146592 0.16186196593106175 0.42158149358240754
12 0.39474021389812364 0.6386001763784871 0.029141013345872845 0.11359910942234579
12 0.2749456728905124 0.6380067765973453 0.04192751482874755 0.12661633738580255
12 0.5472026748676788 0.610090401725493 0.01971959239534584 0.07713240408635803
12 0.2422850466547834 0.6497650032942279 0.03502359882113639 0.13188095221191373