8 0.35862463637479414 0.6432001580132324 0.12273764081820956 0.24527889538097852
23 0.48970772032805154 0.4816217579426278 0.06163532092583353 0.20730106204837725
23 0.5389532222925222 0.4939712070774308 0.06008993755122205 0.178110152235977
23 0.20566989929751958 0.20941445130127379 0.17490376240599687 0.35930621356219744
23 0.5804140532478517 0.49060298702021476 0.04346536372990428 0.16926771284223732
24 0.258475913979828 0.4881032846353394 0.12297092721213972 0.16479606926262372
2 0.11482765250258997 0.5080842326854424 0.22965530500517994 0.2532759790735595
2 0.559054879757511 0.5460822983475335 0.03177869292790554 0.050945482683611786
16 0.20242394799500266 0.7788952604643187 0.4048478959900053 0.40332059018247374
13 0.880788638648851 0.4223022059993214 0.22982466459674597 0.78705271861217
13 0.4099571389584374 0.2251649704208575 0.05977322208312526 0.450329940841715
13 0.38255240374318966 0.15120487969200622 0.041708118692303134 0.30240975938401243
12 0.743937147954476 0.5805902074407061 0.023131438998963992 0.07843234271258599
12 0.1555981438183922 0.4371730779241131 0.034522703266987656 0.0662959898985905
12 0.3702727658204642 0.5859405526742507 0.09541316149637398 0.2749616976901231