4 0.698863892428351 0.792718307129164 0.3970217767854862 0.13873311535466226
23 0.9197744980516844 0.6639909116273434 0.10381859707395832 0.2937352983945039
23 0.6097533200978476 0.5485794656269428 0.06495415919430556 0.12908683379304983
24 0.1943640562301391 0.4983312095268262 0.18815657627239596 0.2329968676002404
2 0.9402063093174133 0.8032676689652019 0.11958738136517333 0.20659084447272594
16 0.28100391859670176 0.7569444444444444 0.5485518284565976 0.4861111111111111
13 0.9694318923346354 0.42698431430786804 0.061136215330729014 0.6068484503854538
12 0.4746162337090107 0.6367315610014493 0.04391496058107656 0.13281714845462586
12 0.09203979644649335 0.6170151052054537 0.17596962005972253 0.6145857659664629
12 0.5443929649494794 0.6569199064997112 0.039572952697291795 0.15910907023127233
12 0.7661322396929343 0.710799077516032 0.029779725398715227 0.12697069156234306
12 0.970538217466476 0.7233585608245954 0.019422800436840505 0.051776757337858546
12 0.7211921808973442 0.7084809204681537 0.03548486474138883 0.1451393754155147
22 0.43018401476918433 0.553890170768763 0.26034070079743066 0.2580948077657344