4 0.1863365106398607 0.8923960835318373 0.21917018692972232 0.21334935952449238
23 0.20693706497013875 0.3033738693764473 0.1682272424005557 0.3794665644867912
23 0.6074640684370658 0.2888160391290659 0.21292084014010423 0.2729988588740778
23 0.4659019497537845 0.4215124162626228 0.049365526785486225 0.13104845502565027
2 0.3356306086637497 0.6464406194003808 0.37118858824024326 0.3690674474740806
2 0.13898290610862815 0.6311157487231042 0.20281979473725711 0.33677462329442026
16 0.7031889168422044 0.793313072871795 0.57787499933441 0.40453398507143085
13 0.77101807537092 0.27070577336002694 0.16421384925815996 0.5414115467200539
13 0.9344272651504341 0.20017856614521026 0.06864546969913192 0.4003571322904205
12 0.8068708088440448 0.5408858629680341 0.05378157627239588 0.22969188741348903
12 0.9726955039903469 0.5537521284752174 0.043444141526875056 0.2754120962782761
12 0.8445805757037151 0.46481164352204113 0.02723595364722229 0.11137776164411327
1 0.5925173681146004 0.5653220926460921 0.19756925028434047 0.35338472772681373
20 0.44256511383991304 0.3544017950461501 0.01455346248093754 0.03764544574527393