4 0.34538583534519063 0.7480709026128538 0.6764021118915974 0.3278705312949929
24 0.1310060987379337 0.6961551692725435 0.12100479065319454 0.17959438467048017
24 0.27663681516076355 0.6628284149316197 0.08882807028847228 0.16649472974108886
13 0.3144381542087671 0.5182362546585358 0.06341310904180571 0.4313668568644295
13 0.854022485040191 0.1452820911603879 0.11539252991961817 0.2905641823207758
13 0.12720214585001713 0.47990076169015433 0.0406282660519099 0.3008906613418225
13 0.08608003091800334 0.2520855165183262 0.04546123641663209 0.3122927788653648
12 0.5048904081506594 0.519596438330777 0.024037565254479178 0.04728836539548935
12 0.10306293669383648 0.6840123188582419 0.028343858757465323 0.07808642629473768
12 0.12701802165777745 0.7026476746162361 0.03512118882958339 0.11875221262242393
12 0.29024504687619757 0.6668407573398064 0.027908100873680654 0.10442681411488795
12 0.6513286704513017 0.5736484313180068 0.03839165919430556 0.13005732800848918
12 0.6107491299402775 0.5726982646701886 0.02718140226045147 0.10854497971281615
24 0.8306628928580553 0.4702290765345089 0.3308188145888892 0.4646208890396764
24 0.4593593759983851 0.5689130275610207 0.31152264751079883 0.3621164755698012