8 0.2702300727570143 0.7479031607411106 0.04504104948690975 0.10223366933149154
4 0.7233495204687674 0.6334450662684021 0.5533009590624651 0.38527057181768876
24 0.480948060789167 0.5941967668452944 0.17487532627239588 0.24339814538958976
16 0.5278016109416669 0.7899920117680671 0.9443967781166662 0.4122533517059076
13 0.06310561754272595 0.5488469916372722 0.1221744324644101 0.8078615722810112
13 0.6642495636389585 0.4371989162816605 0.06604714656086834 0.39532348387045063
13 0.0429382613022572 0.5317465493983383 0.08151241166284758 0.742062456758879
13 0.5049106046249482 0.42327970076703114 0.030670731382639004 0.1967732318718319
12 0.4300590144363892 0.7096420101129323 0.09431631050482654 0.2894483150438039
12 0.05237075213574691 0.8041780520176325 0.03759222539871534 0.12936456171277275
12 0.2683129887430038 0.7209492044870767 0.04117116707809032 0.1046880044110212
12 0.3809668977951392 0.6636526995712105 0.023692726348645898 0.08104263431650655
24 0.7962135776972918 0.46410521055724085 0.40757284460541643 0.46047974928425506