8 0.364453125 0.6854166666666667 0.03828125 0.10694444444444444
4 0.746875 0.75625 0.5 0.12916666666666668
23 0.0390625 0.38680555555555557 0.078125 0.24861111111111112
7 0.45078125 0.6527777777777778 0.0203125 0.058333333333333334
24 0.433984375 0.6354166666666666 0.05859375 0.09583333333333334
24 0.53828125 0.6173611111111111 0.1609375 0.18194444444444444
16 0.499609375 0.9034722222222222 0.99765625 0.0875
13 0.74296875 0.5368055555555555 0.0203125 0.4013888888888889
13 0.147265625 0.3909722222222222 0.03984375 0.7819444444444444
13 0.582421875 0.4576388888888889 0.00703125 0.1986111111111111
13 0.11328125 0.3659722222222222 0.0453125 0.7291666666666666
12 0.481640625 0.7076388888888889 0.05234375 0.2625
12 0.12265625 0.6430555555555556 0.025 0.12222222222222222
12 0.43671875 0.6416666666666667 0.0140625 0.075
24 0.8375 0.6222222222222222 0.3234375 0.2972222222222222