8 0.6290057844292244 0.6224279667345408 0.0790157926276251 0.11678271470896533
4 0.70662783440651 0.691098312983411 0.3942756224558089 0.10737320166678709
23 0.9162291454650724 0.5065345137984182 0.09096027193541048 0.2841044786166699
2 0.9437007302969673 0.6324984828422324 0.11259853940606526 0.2119373275033594
16 0.31369504494467393 0.7687923749949309 0.5190686618040734 0.4555731232704078
13 0.8362224019102218 0.4366936444076718 0.041318798054692255 0.37089431026672026
12 0.0531100087621981 0.6057522915725877 0.05667712516934213 0.20473125785194132
12 0.2894143399471483 0.6095009784422587 0.0882513517635938 0.24507001256310604
12 0.7679880582872283 0.5934629825650646 0.02634117198083885 0.1271108688877891
12 0.7232299575974878 0.6032038816050297 0.03151999491161739 0.14421426704848114
12 0.6331626789340146 0.5907048409493467 0.04772152702379291 0.13879838283312532