4 0.6991820225987957 0.7806950620976891 0.40430706677218975 0.08056139387506644
23 0.9128246369428453 0.6197808043708181 0.08974812476889085 0.2823171247612919
23 0.8123509269928576 0.4079091444938899 0.1678109402874391 0.37556758759458403
24 0.5288061638628782 0.6139209150929636 0.07455137061225567 0.06957470698068609
24 0.027878470176973136 0.5735711946743027 0.05575694035394627 0.22769794490416093
2 0.932471895718334 0.7563444286723936 0.10692961309040853 0.18687165987692822
16 0.30960805139929054 0.7979656367494138 0.5082002595669114 0.4040687265011725
10 0.2027957617449895 0.7405554370888865 0.12845762061225569 0.07068982877147346
13 0.8351913819282804 0.5403707468702936 0.04053538644737316 0.37709998104533293
12 0.40736424713025965 0.6565629008416115 0.03391801042484133 0.11594038637810071
12 0.520770523423472 0.6512673838319133 0.01763378087881229 0.07533938489284822
12 0.7503144451706556 0.6886657418133653 0.03166518863808676 0.12144745837753498
12 0.2566697452497978 0.6242690448051283 0.033364080957954644 0.12981311408161578
12 0.550898292623802 0.6727310033948221 0.01866508346523723 0.09063332385599981
12 0.7149835246771132 0.6747359634344162 0.027531618104973177 0.10747776356177749
12 0.19190555743638749 0.6180665553079977 0.03448631175762475 0.15066260860032293
12 0.32378486899615655 0.6062063817101376 0.02211669239901033 0.06293635200509079