8 0.5742544135531887 0.509059909788572 0.031959112012708776 0.07286866963717134
4 0.37314479119069166 0.6389401012448122 0.3262506286518002 0.2136513363745419
23 0.886070800729701 0.20449213264731744 0.22370410145940198 0.4089842652946349
23 0.3926069701684512 0.5121229409435195 0.06769778896022585 0.21246865068250428
23 0.4440603760126498 0.49994519159774226 0.06583528003177204 0.18188077275620126
23 0.4832612207773591 0.4734346072919245 0.04933357264544593 0.1718191656411308
24 0.11685190381230845 0.6796657173067487 0.18448586850553061 0.25376555619207863
13 0.7344819143656153 0.3227668372586701 0.2314638287312306 0.6455336745173402
13 0.820329888189162 0.19263001294295382 0.0812847763783239 0.38526002588590763
13 0.8285807418823252 0.19778202539079207 0.15403648376465034 0.39556405078158413
13 0.4253620588457282 0.4260113433057825 0.07531542004765815 0.27233632357309007
13 0.21730518689026818 0.24625011846666905 0.052300659901388435 0.3149070435674339
12 0.3020052895674862 0.5959582440766902 0.04049436079489279 0.14664139260201964
20 0.3485833476040831 0.3657815033241655 0.02414661201270878 0.07270705778343414
16 0.6800642855102964 0.7630715856143107 0.6398714289794072 0.4591824724520333