4 0.164453125 0.8979166666666667 0.18046875 0.1986111111111111
23 0.211328125 0.2590277777777778 0.14609375 0.3541666666666667
23 0.3953125 0.25 0.1296875 0.3972222222222222
2 0.294921875 0.5722222222222222 0.22578125 0.2638888888888889
16 0.64296875 0.8243055555555555 0.7078125 0.3458333333333333
24 0.097265625 0.5263888888888889 0.19453125 0.7166666666666667
13 0.773828125 0.29791666666666666 0.12265625 0.5958333333333333
13 0.938671875 0.24930555555555556 0.03046875 0.4986111111111111
12 0.942578125 0.6659722222222222 0.05078125 0.2902777777777778
12 0.78046875 0.6013888888888889 0.0328125 0.19166666666666668
12 0.535546875 0.5993055555555555 0.04140625 0.2375
12 0.575 0.5777777777777777 0.040625 0.20833333333333334
12 0.83203125 0.54375 0.0203125 0.10694444444444444
1 0.515625 0.6048611111111111 0.2109375 0.3680555555555556