8 0.6125 0.6722222222222223 0.0734375 0.10555555555555556
4 0.689453125 0.7430555555555556 0.39140625 0.04722222222222222
23 0.900390625 0.5652777777777778 0.07734375 0.2722222222222222
2 0.937109375 0.6923611111111111 0.12421875 0.19305555555555556
16 0.29609375 0.8083333333333333 0.5 0.37777777777777777
13 0.82109375 0.4930555555555556 0.0234375 0.36666666666666664
12 0.0375 0.6375 0.046875 0.19722222222222222
12 0.2734375 0.6486111111111111 0.0765625 0.23333333333333334
12 0.7515625 0.6479166666666667 0.0203125 0.12361111111111112
12 0.706640625 0.65625 0.02421875 0.14027777777777778
12 0.616796875 0.6409722222222223 0.04140625 0.13194444444444445