8 0.43841809942915955 0.6590102085356433 0.05048696956119088 0.13273201845355262
23 0.5616376138377852 0.34917601308195956 0.23715472118274866 0.6181403829987021
24 0.2783408058011882 0.5990273794011152 0.08134150324641087 0.09471795609601973
24 0.49127915949435136 0.588466929211807 0.0721437812495882 0.11209439702550192
24 0.5869433512558835 0.5377560042945535 0.1811835905023534 0.2449042152253472
16 0.5135566469140972 0.8484898088739196 0.9728867061718056 0.2974129601990768
13 0.19095978530677787 0.4184187448084804 0.08100590705871932 0.7761530645709093
13 0.7917867869299833 0.41937155674146714 0.045429096995174945 0.4127216451540469
13 0.034675490662861526 0.704935397008977 0.02997564650870781 0.27003630654827
12 0.5344232104275709 0.6430215058406119 0.07236769805083529 0.29392565569893414
12 0.18051014204283328 0.6679636385304426 0.029406856330665976 0.13259289943377597
24 0.8573369874180983 0.4887252348152367 0.28532602516380334 0.36121714541504435