23 0.130078125 0.325 0.15078125 0.3055555555555556
16 0.614453125 0.9090277777777778 0.57421875 0.1763888888888889
13 0.848828125 0.2951388888888889 0.02265625 0.5902777777777778
13 0.693359375 0.3951388888888889 0.16328125 0.7902777777777777
13 0.296875 0.25 0.0140625 0.3
12 0.72265625 0.7020833333333333 0.0453125 0.2013888888888889
12 0.6625 0.6694444444444444 0.0390625 0.20555555555555555
12 0.287109375 0.5881944444444445 0.05390625 0.09305555555555556
12 0.563671875 0.6583333333333333 0.02421875 0.16666666666666666
12 0.756640625 0.6395833333333333 0.01953125 0.09583333333333334
24 0.262890625 0.6895833333333333 0.46328125 0.5569444444444445
25 0.890625 0.6722222222222223 0.20625 0.25555555555555554