16 0.46893954586338005 0.7369288797026018 0.35751603977100466 0.4764614421438646
3 0.511428829141563 0.46418531973602517 0.172143781249588 0.12111123462771806
23 0.36783653916539205 0.3407683771743687 0.07423811525911965 0.16712714529852868
23 0.22473053429577572 0.4858426804541138 0.04299206939903506 0.08543762558552556
24 0.08418231087761838 0.6310140165433332 0.16836462175523675 0.257416411357778
24 0.56923055661691 0.38099083411937834 0.07366537094116268 0.10879381196519533
2 0.4348117820636623 0.4760803521772465 0.0970074135548364 0.10101224593246264
10 0.6264060825914923 0.520583638090099 0.08091480925276535 0.1315982310442643
13 0.11197034578065443 0.3626483183540739 0.07092002069628127 0.4652207480924425
13 0.6698860087265828 0.21807056447266718 0.17585298254683437 0.43614112894533436
12 0.6454200225263005 0.45239679074166556 0.06991880803494936 0.20423901406063072
12 0.5315211637600026 0.4451746508638479 0.02429661647693564 0.08944065618948953