21 0.15562884253424356 0.47603277049031034 0.03346706493480815 0.06972378712484407
8 0.3215597826725703 0.5797675772638232 0.05683242694751698 0.14405687823485558
23 0.4079297051558604 0.4640904216275059 0.04991027110331832 0.15451289210492847
16 0.5044103287361734 0.6412604236393348 0.9856700876596843 0.7174791527213304
13 0.05512537195875531 0.6772780757824448 0.10713639001588607 0.10017702497568545
13 0.725782339895093 0.22679394793404356 0.12968532020981396 0.32984730589423983
13 0.6208172631908097 0.2851322277475352 0.1132205689919978 0.40185706819392464
13 0.21563686241974594 0.2578080144721785 0.05086484496658024 0.2517351143271508
12 0.5225202877457051 0.620038414993522 0.10939613960884902 0.40982645861557027
12 0.839827451705931 0.4382974968556152 0.05569266680124727 0.186966856625736
12 0.7704004545469524 0.46102237398540813 0.05392561525911965 0.16598794612772755
12 0.21718108705571923 0.5783836348550927 0.034589234171687445 0.10451879792940386