4 0.70625 0.7354166666666667 0.3953125 0.04583333333333333
23 0.918359375 0.5548611111111111 0.08203125 0.2763888888888889
23 0.604296875 0.5138888888888888 0.05546875 0.11666666666666667
24 0.18984375 0.5618055555555556 0.1734375 0.19305555555555556
2 0.946484375 0.6888888888888889 0.10546875 0.18333333333333332
16 0.27578125 0.8104166666666667 0.55 0.3736111111111111
13 0.966796875 0.30486111111111114 0.03671875 0.6013888888888889
12 0.475390625 0.6333333333333333 0.03359375 0.125
12 0.080078125 0.7083333333333334 0.16015625 0.5805555555555556
12 0.545703125 0.6368055555555555 0.02734375 0.15416666666666667
12 0.768359375 0.6381944444444444 0.01953125 0.12361111111111112
12 0.971875 0.6020833333333333 0.015625 0.04861111111111111
12 0.723828125 0.6465277777777778 0.02421875 0.14027777777777778
22 0.4265625 0.5618055555555556 0.2453125 0.2013888888888889