4 0.752734375 0.7166666666666667 0.40859375 0.044444444444444446
23 0.960546875 0.5354166666666667 0.07734375 0.2847222222222222
23 0.853515625 0.32708333333333334 0.15546875 0.3625
24 0.123828125 0.5902777777777778 0.06953125 0.15
24 0.05078125 0.5868055555555556 0.1015625 0.2013888888888889
2 0.96953125 0.6902777777777778 0.059375 0.1361111111111111
16 0.348828125 0.7847222222222222 0.53671875 0.4222222222222222
20 0.88671875 0.4597222222222222 0.0328125 0.38333333333333336
13 0.88359375 0.5277777777777778 0.0125 0.24722222222222223
12 0.38125 0.7347222222222223 0.1625 0.525
12 0.551953125 0.6131944444444445 0.02578125 0.12361111111111112
12 0.81015625 0.6194444444444445 0.021875 0.125
12 0.57578125 0.5965277777777778 0.0109375 0.059722222222222225
12 0.16953125 0.5881944444444445 0.0203125 0.1375
12 0.762890625 0.6083333333333333 0.02421875 0.10555555555555556
22 0.396875 0.51875 0.4125 0.3013888888888889