21 0.15453136160567174 0.36945955629206173 0.03031479139585782 0.0663470533955755
8 0.30104587438944436 0.44003403253629075 0.033548885551659156 0.0777169186652854
4 0.37027513839103293 0.44333687455507437 0.12899775324641088 0.09949780939143156
4 0.1004612676517413 0.6359550309722171 0.1794614034085667 0.15086009815123164
23 0.06351287236084947 0.29706997151048536 0.12465294683301938 0.37252672364569595
23 0.42657879829406903 0.3246933780019362 0.055201743100141164 0.13640795368027034
23 0.38997596083460795 0.33953929492102536 0.041825035713814886 0.12558602628400403
24 0.03223935024158603 0.4963470122233733 0.057660315745587054 0.3073059755532534
24 0.7142921452908919 0.28280009558548425 0.11682503571381489 0.13179612609037056
16 0.5116433423274297 0.5073873818625816 0.9276882179363378 0.5888971653262378
13 0.9421875 0.3904696198916308 0.115625 0.7809392397832616
13 0.8066344910698987 0.36707736274548486 0.15701898213979745 0.7341547254909697
13 0.8773765493083665 0.4079487227310754 0.1594405986167331 0.8158974454621508
13 0.6870946483354319 0.13121362044200646 0.09762679667086367 0.2624272408840129
13 0.5896273360381266 0.17504166051145348 0.09022339975511873 0.35008332102290696
13 0.10037658279006798 0.5476958979881229 0.10225797524323368 0.07924284348778801
12 0.47926435470581286 0.4746229453215507 0.0659949671255589 0.28162866060051056
12 0.6999325006072603 0.3333347333943832 0.0395903798696164 0.13650307177616616
12 0.9002978291382677 0.2743486675933118 0.04068527556754518 0.16851220476026027
12 0.09727401501423841 0.5104223078768968 0.025750022321134346 0.07845892215767773
12 0.6525373262972461 0.3240539455987426 0.028271050324311632 0.09670854333218225