4 0.130875588294229 0.7048799018745324 0.23453347353086734 0.37087091486017587
24 0.4779067919755014 0.5130357828226243 0.16750648531769166 0.28552540043095087
24 0.313076927521726 0.3892674516557617 0.10325774069437506 0.1572455461748384
24 0.04757928308416125 0.3858858932174367 0.08489734656639661 0.38010511976820677
24 0.7426295906729845 0.44214815042399414 0.3372540208830522 0.7459780714247007
2 0.37210947921713705 0.46742609018320597 0.14771837014004516 0.21552336363463287
13 0.9404121192090319 0.4233059094403375 0.10010712365470198 0.4541283643567897
13 0.41367833715832775 0.19185795345822487 0.08516917431665547 0.360684918469496
13 0.7921651140394906 0.4110729444349247 0.1562865031003719 0.5127698290025887
13 0.2181207613725395 0.19134060100750472 0.04014131058675128 0.19136871933579142
12 0.6035018552505944 0.6439131684632716 0.11834554735218497 0.3755920194791975
12 0.21688365095014941 0.3973845342687688 0.07662462014004516 0.213317237372872
12 0.7683563176160646 0.6941309963833571 0.0711922574435981 0.21453642424162542
12 0.49046137293083075 0.5155070064876958 0.04949703990858687 0.16112832467477303
12 0.5138528502881956 0.49957975576590496 0.03792168507002262 0.1066464971135692
12 0.8185361000810533 0.6429532662239993 0.03565070967712849 0.10935154545414605
20 0.4488838408801268 0.29911404400617075 0.01827911910658777 0.04220001587280661
16 0.6368837435876046 0.8012915559144371 0.6286302299410081 0.3974168881711257