8 0.133984375 0.7333333333333333 0.26796875 0.3416666666666667
23 0.23203125 0.21944444444444444 0.15 0.32222222222222224
23 0.416796875 0.21736111111111112 0.13359375 0.3763888888888889
24 0.051171875 0.49375 0.10234375 0.3375
16 0.645703125 0.8055555555555556 0.70546875 0.38333333333333336
13 0.8125 0.3416666666666667 0.140625 0.6833333333333333
12 0.222265625 0.5826388888888889 0.07421875 0.3597222222222222
12 0.152734375 0.6194444444444445 0.10390625 0.44166666666666665
12 0.65546875 0.5340277777777778 0.046875 0.2152777777777778
12 0.803515625 0.48333333333333334 0.01171875 0.06388888888888888
24 0.4734375 0.5798611111111112 0.2 0.37916666666666665