24 0.5578125 0.5493055555555556 0.015625 0.043055555555555555
10 0.308203125 0.4388888888888889 0.29609375 0.7083333333333334
13 0.5515625 0.4340277777777778 0.0546875 0.30694444444444446
13 0.9609375 0.5055555555555555 0.0109375 0.22777777777777777
13 0.751171875 0.44513888888888886 0.05703125 0.25416666666666665
13 0.553125 0.475 0.034375 0.19722222222222222
19 0.298828125 0.7861111111111111 0.48515625 0.4222222222222222
12 0.949609375 0.5805555555555556 0.01796875 0.09722222222222222
12 0.515234375 0.5534722222222223 0.01015625 0.05416666666666667
12 0.99296875 0.5777777777777777 0.0125 0.09444444444444444
3 0.80546875 0.6194444444444445 0.2796875 0.14444444444444443