8 0.2715922244003302 0.7080334469937759 0.1826514586812154 0.23754413469875274
4 0.7148424966267886 0.6721757571513219 0.394986498100139 0.11888898308866784
23 0.9160848205728127 0.4560447559883412 0.0935532443004167 0.28891095623826524
24 0.035345273270104484 0.669184296996223 0.051691746200277874 0.19194445621941694
2 0.9456787887533334 0.5769243777679893 0.10864242249333315 0.21134482483997047
16 0.3257173331577955 0.7811242632084442 0.52943749933441 0.4311553282346703
13 0.83243586597566 0.39729698038573735 0.041573823422604406 0.3731128835640446
13 0.9506117699938021 0.2569950403858831 0.06997353998760439 0.5139900807717662
12 0.42099183254066 0.6230025468171628 0.04703996058107638 0.1347575064312797
12 0.46468728115388913 0.6161198203011379 0.03555759992375016 0.15208554595575727
12 0.274053515861285 0.6571449982743773 0.09513327488562506 0.23072312611114745
12 0.7709096788553127 0.5651387063768172 0.02821722539871523 0.12803792522599922
12 0.5425304323222399 0.5897419356495063 0.014898954597152781 0.0647619081261826
12 0.7269508918112156 0.5817679056494335 0.03077918094579868 0.14485009509888142
12 0.8024775686729516 0.5576188575373507 0.017079050436840503 0.05240741133239813