8 0.4134737598321004 0.6802628984722782 0.05565189437666671 0.1344484551241207
4 0.5942603996497392 0.6895597684418519 0.7965866721120834 0.23308643100637502
7 0.49859429545130174 0.6250638620481964 0.02343815321038196 0.060190896598060324
24 0.5905096917278296 0.5880658318480337 0.1657360624046877 0.1908776877431093
24 0.2742398201947567 0.5711038851050069 0.07761716014423614 0.08213935172218088
16 0.4946721478920484 0.8756613393803984 0.9893442957840968 0.12338328912928205
13 0.8010757303389928 0.5014248073059708 0.03354377108590292 0.41447069156234306
13 0.20011394880385397 0.38340897782727046 0.04955389684520863 0.7424908871207268
13 0.027800251473350402 0.6222711923049693 0.01918902393569457 0.27254544592969665
12 0.013400724568324515 0.6573080711153534 0.02680144913664903 0.1576393754155147
12 0.5240570024232809 0.679771928424883 0.07774640634451409 0.27097975705494864
12 0.1650005454513018 0.6181630358936142 0.0362115633546181 0.14098886993422183
12 0.4171169980064233 0.6407442098804397 0.0470945119678472 0.13704845986278733
24 0.8601136769101906 0.5880858852464146 0.2687168984607293 0.30131197517502734