8 0.5352077836171386 0.6430316507160213 0.08982666335136287 0.23702418717866386
23 0.25014008432129603 0.15675005377888182 0.16065733135740795 0.31350010755776364
16 0.7198135009349349 0.8445807569729554 0.5120925620225897 0.3011097817591027
24 0.2822100529519568 0.6262052296865068 0.5048271440563156 0.7426714042764047
13 0.8001438086410012 0.3278126233113179 0.1521283107097254 0.5654241495334466
13 0.9661276163072966 0.330956666596279 0.06645389270368014 0.48537672807595467
12 0.8347896129455933 0.7038176970390674 0.06680733402290784 0.3006706664920961
12 0.32838561895291124 0.6132284908547757 0.13507662336886198 0.4666433517195161
12 0.9646631979432072 0.7337223238952839 0.051727226686817576 0.2644060293165296
12 0.5426844762890021 0.5749033722878288 0.07900734201940818 0.25496661826567313
12 0.6005378842894793 0.5680554286683696 0.07089485001590852 0.20905248174052088
12 0.7341952689568882 0.5569514718660454 0.0352022506763177 0.12674442293289176
12 0.41791628829170646 0.5407795566902633 0.09479597402131716 0.2801282246493107