4 0.69296875 0.7458333333333333 0.4 0.04722222222222222
23 0.901953125 0.5673611111111111 0.07734375 0.27361111111111114
23 0.591796875 0.5340277777777778 0.05390625 0.13194444444444445
2 0.93828125 0.6958333333333333 0.121875 0.19444444444444445
16 0.299609375 0.80625 0.50546875 0.3819444444444444
13 0.822265625 0.4930555555555556 0.02265625 0.36944444444444446
13 0.67578125 0.4548611111111111 0.0421875 0.4097222222222222
12 0.433203125 0.6451388888888889 0.05703125 0.1875
12 0.098046875 0.6333333333333333 0.04765625 0.175
12 0.519921875 0.6340277777777777 0.01328125 0.06805555555555555
12 0.26328125 0.6291666666666667 0.0296875 0.12222222222222222
12 0.70859375 0.6569444444444444 0.0234375 0.1388888888888889
12 0.479296875 0.6451388888888889 0.02265625 0.1125
12 0.287890625 0.6284722222222222 0.02578125 0.13472222222222222
12 0.7953125 0.6361111111111111 0.0421875 0.08611111111111111
12 0.752734375 0.65 0.01953125 0.125