8 0.5113995456705192 0.5218529271836401 0.0480107740041051 0.11326784085509586
8 0.3284052384889268 0.5963375771669404 0.05031816256778665 0.10239941044177638
4 0.3606907581027325 0.6346471608474898 0.29997324980360823 0.26153779130694943
23 0.8645889595053472 0.15879777840521928 0.24738458098930566 0.31759555681043855
23 0.38808249292832403 0.49782855504510876 0.07492779800821019 0.22435155543006716
23 0.4385367504418814 0.4731664755981449 0.07014484923787415 0.1946995273678174
23 0.47496032421221734 0.44023825811570855 0.04976871672431678 0.17315185020917911
24 0.11171718735745864 0.7048562060408089 0.14365507211051112 0.2245257447875095
24 0.5989407127268009 0.3808888501379413 0.04399089451560982 0.078141150803221
24 0.5105162895712969 0.43377982308809143 0.06599770472226432 0.12068394842705364
2 0.5855708317257747 0.4093473740920937 0.028256810206654492 0.043189946151276914
16 0.5160822400505557 0.642160452338425 0.9652720386384364 0.7080751001256799
13 0.7223943812956138 0.2878082110315713 0.25364873740877236 0.5756164220631426
13 0.8036991838905152 0.1435672965444417 0.1004141322189696 0.2871345930888834
13 0.4134551976505884 0.38135107204644275 0.0749459787263694 0.22990711098562286
13 0.20452562524548962 0.2669194366047144 0.06274596057599684 0.32027948059740097
13 0.8111006055825861 0.15119248716526074 0.1684237888348278 0.30238497433052147
12 0.35668704718305017 0.5455087421267745 0.022906234874689523 0.07873480230087435
12 0.30067540866846654 0.5978204098685853 0.04188349385167989 0.15012069232765143
16 0.6631296964326449 0.6935786818271863 0.5843669514026146 0.5353466001841771