8 0.5028159091775176 0.6237437675239451 0.04625888605166182 0.10970450474879638
8 0.32316786160565786 0.5140924151954266 0.04839804757185977 0.0974228704958089
4 0.3433427950313238 0.5790701799071412 0.3032279515702103 0.22517303783984424
23 0.9087899782923877 0.5012469993429082 0.1824200434152246 0.6116225498761079
23 0.398748703219563 0.4850781908622273 0.07071096826325789 0.22153759585880772
23 0.44949167504588877 0.5113008322007775 0.06708586309040836 0.1906908859739019
23 0.4893695231258558 0.5170963832333263 0.04647784639736088 0.17074282727756993
24 0.10606527814042073 0.4037249886924829 0.14229045157021036 0.21017858987830745
24 0.6133143142316537 0.5834216960626026 0.04256558471887839 0.07469112819722391
24 0.5222119411121156 0.5458115538447793 0.06427310015828454 0.1141564199203379
2 0.5947916347647672 0.5955636589753902 0.027980247492717502 0.04143648927070337
16 0.4997794888818311 0.7263888888888889 0.9847376790046682 0.5472222222222223
13 0.7694972923261857 0.522394150959176 0.23828387932123735 0.784924789184443
13 0.8758962249271753 0.46990258103059007 0.08807562767188486 0.5199244353984309
13 0.44816603002088257 0.4064761153808351 0.07077916442319179 0.22570426252547438
13 0.28944359055811963 0.14553619830022105 0.05388718111623927 0.24215846926960366
13 0.8844786089005197 0.47000881099185876 0.15732573284473403 0.5568853861996914
12 0.36032688080598774 0.49675293381429597 0.021562762932123735 0.07828139202966532
12 0.2981947737526764 0.4895773526295713 0.03908288354437941 0.14786550781430965
16 0.5916846698002146 0.8418653213723328 0.5868648171679013 0.31626935725533434