4 0.71640625 0.7534722222222222 0.346875 0.04583333333333333
23 0.95390625 0.5569444444444445 0.08125 0.24166666666666667
24 0.049609375 0.6243055555555556 0.09921875 0.2013888888888889
24 0.236328125 0.6069444444444444 0.07421875 0.1361111111111111
16 0.361328125 0.8048611111111111 0.48984375 0.38472222222222224
13 0.719140625 0.46041666666666664 0.04921875 0.4125
13 0.872265625 0.5013888888888889 0.02421875 0.37777777777777777
13 0.465234375 0.4486111111111111 0.04296875 0.25555555555555554
12 0.922265625 0.7979166666666667 0.15390625 0.4013888888888889
12 0.40546875 0.6472222222222223 0.0234375 0.1111111111111111
12 0.285546875 0.6305555555555555 0.03515625 0.12222222222222222
12 0.5578125 0.6388888888888888 0.015625 0.075
12 0.253125 0.6375 0.028125 0.12777777777777777