4 0.7361869204190544 0.6163909774764403 0.3317394313306504 0.1474367159091901
23 0.7623143510082675 0.49733207980014543 0.06049844269935676 0.22346253931537932
23 0.8676080167687328 0.49733092914570737 0.047266272243121674 0.1906126087028369
23 0.8206534330234898 0.5041987244982972 0.06301860623551007 0.19730002196851504
23 0.48675525344145054 0.28642722213959765 0.11902320851668761 0.3608139675196476
24 0.5950081400387124 0.5316368830779256 0.11405718281352506 0.14414730085298086
2 0.45372193030488617 0.5536574544673368 0.23226335475263546 0.1970806781233443
16 0.7185272351340715 0.7743540938599951 0.5146076225471325 0.3672843382490312
16 0.4118216138412582 0.7653733943066555 0.48667096494247825 0.44152269748868744
4 0.4285103774342769 0.6497713890342119 0.09518250741437377 0.06929114626073508
13 0.0994495602663926 0.19147331795537284 0.0526633794672148 0.3829466359107457
13 0.6686969673767552 0.24045295097716174 0.0483379768054764 0.4809059019543235
13 0.6374529318063515 0.17706346278232266 0.03437895307948029 0.30892519543715885
13 0.07532631076068419 0.1879008765865205 0.03684737847863162 0.375801753173041
12 0.6630491800577405 0.5405738944850285 0.03218510030401127 0.14514949231928223
12 0.2616272722059404 0.4954702678506338 0.016993840418179397 0.06085407993234482
2 0.13231710423975335 0.5019300970347367 0.2646342084795067 0.34336202815274897