4 0.47987882021310924 0.5776715831224333 0.26330456939903507 0.1036797937667272
23 0.5353348206184986 0.46411188107252854 0.0464540344959989 0.19952058009336357
23 0.5903856720795483 0.4714502008956067 0.050114822645445936 0.1748440227916117
23 0.9489033299523418 0.3496239746266083 0.09821317775829605 0.3828273132976078
24 0.07677011850717824 0.47941786490145655 0.15354023701435648 0.247724618691802
24 0.6880623772337611 0.47745293501847974 0.09104378571381488 0.1296614042819322
24 0.40015129707954833 0.45569854149091665 0.20998074634655203 0.23804048488014046
10 0.5710739030064724 0.8580205244902732 0.2375114569792892 0.2839589510194536
13 0.913544505480172 0.4071620012788655 0.1557234890396561 0.6748555110730833
12 0.6347651432655923 0.7294981799412524 0.12626208563108943 0.5364156125345848
12 0.014483465504001031 0.4527473482215315 0.028966931008002062 0.12216136310972969
12 0.5032938879889388 0.542079895042098 0.03349038433384308 0.15126334123674687
12 0.18425553876000259 0.5052379599285489 0.03465741801906326 0.1111149405382684
12 0.2305538403021301 0.48822125043454495 0.021362531249588024 0.10862634647533535
16 0.22080600893174904 0.8279109842842344 0.32062396590774284 0.34417803143153125