8 0.4182756413362503 0.6669553791770686 0.06279224715020852 0.14418815298851861
4 0.5974640667730906 0.725730929919075 0.8039647206490628 0.39557026291351965
7 0.5057025795486982 0.6351754716284576 0.02661770459715278 0.06495567156351853
24 0.5988619327972051 0.6237607402027477 0.17547473831649327 0.22242198902302496
24 0.28519816987942737 0.5219411522274388 0.08168706430454868 0.09638521057030876
16 0.49718417757258715 0.8590277777777777 0.9755663105048266 0.28194444444444444
13 0.8128150034184725 0.5944399880063591 0.05779888867708358 0.4188325587636421
13 0.22123372112402792 0.34785956138009294 0.09246744224805585 0.6812367397833953
13 0.037478276594861346 0.5068324620903395 0.03561345773128486 0.2749365077674693
12 0.022235136302257198 0.5353525938026852 0.032578070288472295 0.162371854272037
12 0.5283685746568754 0.6964972872311737 0.09351687670923639 0.28427313154290124
12 0.17416098560887178 0.5395568129001237 0.044078614741388925 0.14619008882111126
12 0.4240346788553128 0.629713993158797 0.05421668094579868 0.145221447652531
24 0.8625798939727864 0.6959599257804642 0.274840212054427 0.3532719690967288