23 0.30904855700986317 0.1280233015024303 0.17590961401972632 0.2560466030048606
23 0.6892777726965214 0.3838696216613476 0.22467437802354445 0.3106362243001699
23 0.48625649435072643 0.22276393972541975 0.16903345269731673 0.40310999687462984
24 0.8855817027172023 0.6526909555183922 0.05614145934118149 0.1033514804396914
24 0.8564436407144977 0.6175732606614551 0.026962489337999784 0.061385841963295065
16 0.6836203080641108 0.8325696162834594 0.5724124440244989 0.3267319663361074
13 0.8583004926997031 0.42379093938472767 0.1987129567154522 0.6409008883651777
12 0.742999306055043 0.7131974317064546 0.09811187802354446 0.30932721259270485
12 0.7155507397159295 0.6377817582737849 0.05994825934913557 0.20755046838308558
12 0.6405416490491568 0.6371685800263568 0.06803347935231727 0.24929793824157115
12 0.6728726173814297 0.6229443578914199 0.04812042134786303 0.1907625969286907
17 0.21866610170670273 0.522079427620947 0.4360595100652243 0.8586189225358838
24 0.6065754553827023 0.6402978516885464 0.21668061203054415 0.40221400745583585