23 0.6358477245643247 0.4882853964704572 0.03337973428423417 0.11331823364585003
23 0.6704228547338656 0.49343419839707664 0.03773974855225788 0.1011577909588867
23 0.7001649356891951 0.4933670020811772 0.026693086641599174 0.09619882389513444
24 0.5041343249572188 0.4950435199004616 0.040318938998963993 0.08055082916757783
24 0.5369115146800538 0.5211954338169327 0.053202082712657625 0.1258441668946143
13 0.8156111723521849 0.3138466608226535 0.1849958540099948 0.6025584339326071
13 0.30968111889944544 0.16530964995407035 0.045924737798890905 0.3306192999081407
12 0.7685735644109941 0.5948631996986625 0.05351245181924558 0.16745424067577486
12 0.22059838699171208 0.6074231826623703 0.1686195291552198 0.4239317628722374
12 0.3462608397419711 0.5788389872086865 0.11340118217453839 0.3104178173211049
16 0.7463057274598087 0.7831684667201304 0.5073885450803826 0.3648461177842901
12 0.9576371414373821 0.6110854254027974 0.03245293507002245 0.10770608520478836
24 0.25929809098257073 0.6206223534947923 0.5032407398658056 0.7254219596770819