21 0.22988748924152702 0.9496975546933399 0.05645059740221221 0.1006048906133202
8 0.9739000602670627 0.5481793273473983 0.05219987946587459 0.1346302433119967
23 0.669828191963403 0.2775252873316511 0.28965638392680615 0.47898973654306926
23 0.12327454322093415 0.3899087114824372 0.24444902394269213 0.5659285340759855
23 0.41691940320504806 0.3209664515404689 0.12959381696340308 0.2383913070041651
22 0.2826035888775003 0.6353116592469463 0.1348346960222405 0.13606627231043641
13 0.06635504890132937 0.7549672073001569 0.06844385714144488 0.3713638761636752
13 0.08465789975347104 0.7902966214445756 0.05367224512873605 0.29812298200234266
16 0.5455837400539536 0.7541064980476211 0.5097194679363378 0.4917870039047579
12 0.559052153406919 0.6039849482699791 0.025913663554836396 0.09486652789175151
12 0.5968677761748056 0.5990908143281372 0.027530710632737154 0.1005352692183193
12 0.5805024364832312 0.6020690303991753 0.026735823863261742 0.0990897874439243