8 0.54921875 0.6388888888888888 0.0734375 0.2222222222222222
23 0.2296875 0.2111111111111111 0.1390625 0.29444444444444445
16 0.7515625 0.8506944444444444 0.49375 0.29305555555555557
24 0.296875 0.6743055555555556 0.459375 0.6430555555555556
13 0.788671875 0.27152777777777776 0.11171875 0.5430555555555555
13 0.957421875 0.24027777777777778 0.03671875 0.48055555555555557
12 0.8515625 0.6375 0.0453125 0.2916666666666667
12 0.341796875 0.6520833333333333 0.10234375 0.44583333333333336
12 0.9828125 0.6402777777777777 0.0328125 0.25833333333333336
12 0.5515625 0.5701388888888889 0.0609375 0.24305555555555555
12 0.60859375 0.5513888888888889 0.05625 0.19722222222222222
12 0.740625 0.5125 0.0265625 0.12222222222222222
12 0.425 0.5618055555555556 0.075 0.2652777777777778