23 0.6662409510824803 0.4698353750903354 0.11626901308359247 0.14466788199737202
24 0.1861729259483647 0.6881944444444444 0.34768342598365826 0.6236111111111111
24 0.3240831786497878 0.572071509104693 0.09659282089139562 0.3058746807423268
16 0.5012322666769105 0.8099233659420446 0.3566272445265666 0.3801532681159109
16 0.7603329498376495 0.8012758313817444 0.479334100324701 0.33685389859435366
13 0.22817326173288094 0.21562362153558232 0.028221523465761855 0.4091011715785164
13 0.7715542945124492 0.4586446074880006 0.06158848933548207 0.2610813860003042
13 0.20208468671876348 0.24061827782137563 0.03646666297065302 0.35129320125504515
13 0.8699963761742435 0.3091381578235608 0.10083924708681521 0.5307130305854462
13 0.8638828840667514 0.3129815241764662 0.0365037313018 0.5190658690360596
12 0.8988132864787671 0.7245095356716872 0.079868052475544 0.29530379519648114
24 0.4491587733598811 0.6284566903014784 0.1517507577513335 0.275451050232845