4 0.123828125 0.8611111111111112 0.24609375 0.2722222222222222
24 0.465625 0.5125 0.134375 0.23333333333333334
24 0.29296875 0.4618055555555556 0.0859375 0.12361111111111112
24 0.025 0.5763888888888888 0.05 0.36666666666666664
24 0.715625 0.3284722222222222 0.240625 0.6569444444444444
2 0.358203125 0.5131944444444444 0.12421875 0.16527777777777777
13 0.905859375 0.225 0.03203125 0.45
13 0.368359375 0.20277777777777778 0.02578125 0.4027777777777778
13 0.760546875 0.27708333333333335 0.08359375 0.4875
13 0.180859375 0.3076388888888889 0.01171875 0.19027777777777777
12 0.60078125 0.5875 0.065625 0.35555555555555557
12 0.200390625 0.5111111111111111 0.04765625 0.19722222222222222
12 0.766015625 0.5659722222222222 0.04140625 0.2013888888888889
12 0.478125 0.5097222222222222 0.0265625 0.1527777777777778
12 0.49921875 0.4840277777777778 0.0234375 0.09861111111111111
12 0.809375 0.49444444444444446 0.0203125 0.10277777777777777
20 0.415625 0.3145833333333333 0.0125 0.0375
16 0.66171875 0.825 0.5890625 0.35