16 0.4974505919382352 0.7501867009188212 0.3665640533834914 0.46842811788439337
3 0.5280254768054764 0.480231756019918 0.17367226334587293 0.12135034608921526
23 0.37892346123529147 0.3565389008540882 0.07716201927737192 0.16629877868669513
23 0.2418406025469138 0.501292951644107 0.0440975098858317 0.08551561045122216
24 0.1023980771094876 0.645473795607342 0.18066636266130084 0.2562746310075383
24 0.5824132171667905 0.3960720531960665 0.07582501235728963 0.10796544535336178
2 0.452028686045011 0.4918108674827726 0.09829026136870667 0.10080407565741326
10 0.6458483174708016 0.5360158432316696 0.08336559832684483 0.1305513804285656
13 0.12325508722387461 0.3781073407820242 0.0815988043720746 0.46201087440236804
13 0.6746319034217663 0.22454986874343344 0.1867638068435326 0.4490997374868669
12 0.6618825178130876 0.4677454499881049 0.074083440227899 0.20220782710170543
12 0.5475335163302129 0.4611456807142484 0.026224260380123356 0.08875278871582502