8 0.2171875 0.5666666666666667 0.0625 0.09583333333333334
4 0.366015625 0.7020833333333333 0.68515625 0.32222222222222224
24 0.326953125 0.5819444444444445 0.15859375 0.20555555555555555
24 0.5546875 0.6666666666666666 0.121875 0.18333333333333332
13 0.3734375 0.4638888888888889 0.05546875 0.4236111111111111
13 0.944140625 0.4173611111111111 0.11171875 0.6013888888888889
13 0.19765625 0.33958333333333335 0.0375 0.29583333333333334
13 0.1953125 0.11458333333333333 0.0421875 0.22916666666666666
13 0.15859375 0.29305555555555557 0.11875 0.5861111111111111
12 0.482421875 0.6402777777777777 0.03515625 0.11527777777777778
12 0.216015625 0.5493055555555556 0.0390625 0.10694444444444444
12 0.335546875 0.5881944444444445 0.03828125 0.12777777777777777
12 0.2015625 0.5354166666666667 0.025 0.0875
12 0.3078125 0.5673611111111111 0.03671875 0.11666666666666667
12 0.574609375 0.6708333333333333 0.0328125 0.10972222222222222
24 0.783984375 0.6972222222222222 0.390625 0.4597222222222222
20 0.39765625 0.35694444444444445 0.0109375 0.02638888888888889