8 0.12240826330869181 0.5902777777777778 0.022112421939110272 0.044444444444444446
4 0.8224122511985479 0.6923611111111111 0.3280533572240934 0.2013888888888889
24 0.06559984779537217 0.5805555555555556 0.02399325692008223 0.058333333333333334
13 0.7746100570534973 0.22152777777777777 0.04609238589300553 0.44305555555555554
13 0.8094387018065703 0.40625 0.07034031079786515 0.5125
13 0.027330526654564664 0.4777777777777778 0.03340670209089709 0.2986111111111111
12 0.12199309853680955 0.5743055555555555 0.02077275642579064 0.05416666666666667
12 0.019785305552031993 0.5854166666666667 0.015304006425790634 0.05416666666666667
3 0.3601238040691572 0.5979166666666667 0.4381286941822317 0.23194444444444445
12 0.5545482719587946 0.5173611111111112 0.02424792490485963 0.06944444444444445
12 0.4736020194873366 0.5381944444444444 0.022749091901054185 0.07222222222222222