4 0.27129702872372463 0.7665203961798112 0.5129096273472267 0.21901278445095676
7 0.12229590738381586 0.6696566368225361 0.03511134400859053 0.11499008696226964
24 0.0953836903842931 0.6739541822725748 0.09071645401018133 0.13984151516653784
16 0.705415848026726 0.8647141502315928 0.5891683039465481 0.2705716995368145
13 0.20032945337363453 0.5420391849253214 0.04565049669795309 0.4128348309250593
13 0.014686852701293862 0.4543211155048141 0.024992004018135526 0.23919778656518373
12 0.7438345527132251 0.6633156847965234 0.028970432009863246 0.13120401054488723
12 0.5943979003819069 0.6788670361109891 0.058176674013363086 0.17913128064194725
12 0.5381888083823841 0.681042348354548 0.0416522453453176 0.159887274490763
12 0.418770644374589 0.5703568964242837 0.02692612667090888 0.05747971366276374
24 0.3179942133792025 0.623444784417907 0.39586812535804433 0.3521339254061985