4 0.7562052467689587 0.8969756160619365 0.4653366721120834 0.2060487678761269
25 0.9008661798294707 0.7233575877713436 0.19826764034105865 0.2541372634556745
23 0.18854687466720493 0.203151917674503 0.17812891926229185 0.36192111648630104
23 0.586086889627014 0.38146836636249853 0.21068619291364604 0.28344938079070486
23 0.11076769338861123 0.25777771854444326 0.1655366938635765 0.23530597100218006
24 0.6676664841839759 0.617120343270336 0.08924629758704868 0.19484944713203936
24 0.7278318260817711 0.6190591989885578 0.06277406335461819 0.1415383502369287
16 0.49874635096739617 0.8291666666666667 0.9802544637152085 0.3416666666666667
13 0.7473422794446529 0.37925009558661804 0.17958558254066012 0.6521504107079577
12 0.7477001295105732 0.7048637341041938 0.05910485590767376 0.21921916090246407
12 0.4978446200597226 0.621244174340439 0.0862856049577431 0.266990863427393
24 0.40474923670097257 0.6693048320955917 0.36012641451263916 0.6017331390479961