8 0.5420254361791083 0.6331524281683365 0.0636357740041051 0.11226191990115492
6 0.731058652952523 0.7318560867346461 0.037809072208706954 0.09677249574389432
23 0.33087807659900637 0.23818780657717298 0.25863115319801266 0.47637561315434596
16 0.19206433064562017 0.7861551574975711 0.3800379997054124 0.3693563516715244
13 0.9127649226154266 0.6212497821630111 0.040789147344280255 0.2913624433945543
13 0.9128166712992876 0.39828461442760593 0.10319474033563836 0.7437566378672714
12 0.7860617824901162 0.7055200947219125 0.13720105991206671 0.39455029707161676
12 0.5978711756404889 0.6255179350868644 0.04668462334017516 0.18341711861112928
12 0.8882805400527716 0.6609720102727196 0.05526019262201594 0.17839507481169775
12 0.18185301761029535 0.5311816147668781 0.03551077400410509 0.11051588142656751
12 0.7119336756404888 0.6184367790510378 0.048324391392351985 0.20712523185971748
12 0.14625614563535744 0.5181106356167037 0.02375566256778665 0.09867725428437824