8 0.29018601232010865 0.5828906333544684 0.018047004448624282 0.03838907586284361
24 0.8228413213693628 0.4089833602550316 0.19152294961943922 0.2873555495729559
3 0.5601310977953722 0.5508927517679574 0.40684420209089717 0.31930233119183354
24 0.477499646464503 0.4962093219563469 0.06059926038012335 0.09053094044151208
24 0.25026267857486567 0.588423895076919 0.026305173421985018 0.058237645699489665
24 0.6702196929093217 0.44601026580001957 0.14457235376405214 0.17949647928185122
2 0.5548997697344824 0.5067716076372742 0.1076798488211363 0.13597083581105712
13 0.23313485768120393 0.48457309744631183 0.09394495406806343 0.3197635696312157
13 0.4276084051146058 0.42595988287821085 0.059971860684134445 0.23338443330096684
19 0.13858833817527677 0.8025564277883454 0.27717667635055354 0.3935939431682641
12 0.6030726494302525 0.46474331568112115 0.021999675399151285 0.07466183713083534
12 0.2222895523391367 0.6002752068859013 0.015304006425790639 0.0548940923726295
12 0.28970718055203204 0.5697366014492442 0.017424921939110227 0.04529310776806786
21 0.10340090192030098 0.5500594502216137 0.20680180384060196 0.6248810995567726