4 0.922265625 0.6701388888888888 0.15390625 0.05694444444444444
4 0.80859375 0.8423611111111111 0.0875 0.30972222222222223
4 0.644921875 0.8319444444444445 0.10859375 0.3277777777777778
4 0.120703125 0.6493055555555556 0.23984375 0.07361111111111111
23 0.30625 0.20208333333333334 0.228125 0.4041666666666667
23 0.79609375 0.41458333333333336 0.0625 0.11805555555555555
24 0.5421875 0.5291666666666667 0.2296875 0.25277777777777777
24 0.768359375 0.5916666666666667 0.18203125 0.275
24 0.30703125 0.5145833333333333 0.2421875 0.2625
24 0.8234375 0.55625 0.0640625 0.17083333333333334
16 0.241796875 0.7861111111111111 0.48359375 0.32222222222222224
16 0.721484375 0.8333333333333334 0.26171875 0.3277777777777778
13 0.42421875 0.2125 0.046875 0.425
13 0.94921875 0.32708333333333334 0.0140625 0.3263888888888889
12 0.35078125 0.5284722222222222 0.0484375 0.1625
12 0.5875 0.5284722222222222 0.0421875 0.1736111111111111
12 0.3015625 0.50625 0.0421875 0.1486111111111111
12 0.53984375 0.5104166666666666 0.0453125 0.15416666666666667
12 0.951953125 0.5486111111111112 0.03203125 0.125
12 0.991796875 0.5444444444444444 0.01484375 0.11388888888888889