8 0.3454519829836302 0.6255785873470262 0.14059177973732648 0.26663629040242287
23 0.48844672744299195 0.5083244700473479 0.07813936736742591 0.21398682905438307
23 0.5352841058916945 0.5370880801329232 0.07497674581612852 0.18616056772048417
23 0.23456036748099734 0.1709256255392701 0.19962926503800532 0.33587161249026054
23 0.5760131258487403 0.5476587645872661 0.05742075361804453 0.17330502164226214
24 0.26185545058854115 0.4383195455477545 0.13365238297125828 0.19015043440129142
2 0.12051335623037873 0.4067362951410895 0.24102671246075746 0.3106948125044012
2 0.5503613506339697 0.5957688789517916 0.03523149310259512 0.0562504865266258
16 0.19612198722327254 0.7028049387155937 0.3922439744465451 0.5083876552089652
13 0.8620358350301375 0.5772010307305357 0.2666750814100631 0.8091927953178962
13 0.4345465397447496 0.2285674335879143 0.10121942051050077 0.44071510283612025
13 0.41338140829960024 0.15099926469336908 0.06854968340079956 0.2859666334959993
12 0.7273670463034703 0.6904581738099715 0.028937227498762753 0.08110503585826226
12 0.1658336216648688 0.35433879174622024 0.03958812245580869 0.07160907023127233
12 0.3618515889310955 0.5731078720913494 0.11698718340079957 0.28696862698917047