8 0.24065381897404964 0.5821695387467007 0.08119576831736577 0.11225602325971996
3 0.23521768642614674 0.684920568009583 0.4704353728522935 0.3972144459672914
23 0.4479157813212358 0.4761589793382711 0.04767726141996072 0.16417136834840151
24 0.42191432468403 0.5208330542336815 0.04004182383528967 0.06368600695281827
13 0.6369633322030326 0.37662120124677256 0.061236229646469374 0.571277599924707
13 0.17862022670782296 0.3605080183944458 0.10549084068231736 0.48724232499165004
13 0.5508875127209567 0.41228869378775435 0.05810682835784533 0.2801771882195542
19 0.7724167350755659 0.7505144228958038 0.42920830167273677 0.4989711542083923
12 0.5578363359346487 0.5753076528322678 0.03843173620519007 0.11475132157798511
12 0.016437809249539893 0.5606723976112838 0.03287561849907979 0.11630199759873502
12 0.24299258593464862 0.5427075457622632 0.03683161465389251 0.08689265023427674