23 0.6637392713718264 0.3787744094964963 0.20398858411256365 0.2764991667609089
23 0.2652474896577723 0.2512368361276946 0.1542385689872532 0.3497839872505313
23 0.19978131050124204 0.31802033022135995 0.14439087031511305 0.20475752998122437
23 0.44938185558258603 0.21682550448228707 0.13767778288289972 0.30154324258479975
24 0.0820150814311871 0.6169224183074714 0.1640301628623742 0.7366226143927206
24 0.678541593875121 0.6311333197601559 0.15400221965118313 0.2775617650283092
13 0.8413531991140214 0.4266139581900694 0.16171576746300148 0.7251719958004396
12 0.3170066632060597 0.6686772778343232 0.15294021028140925 0.6626454443313538
12 0.7007955954858479 0.7554565174202403 0.10844480083688061 0.43858909086162423
12 0.8073478499252452 0.6696915516575703 0.05866699375348396 0.26470019019776286
12 0.1789549447728201 0.593172441857416 0.0795390717177277 0.6756349391384486
17 0.35060268579582965 0.6575308825141545 0.40148224941082483 0.6849382349716909