24 0.109375 0.6708333333333333 0.21875 0.4527777777777778
24 0.565234375 0.58125 0.13203125 0.2152777777777778
16 0.67421875 0.8993055555555556 0.6296875 0.19583333333333333
13 0.8640625 0.28402777777777777 0.025 0.5680555555555555
13 0.336328125 0.2569444444444444 0.01953125 0.45555555555555555
13 0.31015625 0.2298611111111111 0.0140625 0.3013888888888889
13 0.721875 0.38125 0.0828125 0.43194444444444446
12 0.390234375 0.6770833333333334 0.05546875 0.29583333333333334
12 0.742578125 0.68125 0.05390625 0.1986111111111111
12 0.432421875 0.6125 0.04296875 0.1638888888888889
12 0.63515625 0.61875 0.0328125 0.12638888888888888
12 0.71953125 0.6486111111111111 0.0421875 0.175
24 0.371484375 0.7027777777777777 0.28984375 0.44166666666666665