24 0.5478188000427812 0.48986527087665116 0.0207684183207995 0.048637044359875224
10 0.29199688937272217 0.47720603376541343 0.38160548841806347 0.8150348019927188
13 0.5331516593270156 0.38002749968942784 0.09196282981717356 0.3254998831935999
13 0.9447815951209091 0.29406623479871186 0.038780017782680434 0.23015467896903502
13 0.7325266709066975 0.31498675876918053 0.08827274958571536 0.2739412156481927
13 0.537973996175757 0.41918638638146527 0.058473933622280504 0.2080149828810832
19 0.30923783540325406 0.7566733578719704 0.5302483879227254 0.47646656486495637
12 0.9392464747737215 0.37140423611682266 0.030000023159363565 0.10336963988160335
12 0.5059577087483695 0.5102258049195869 0.017116879445670106 0.058076302154567036
12 0.9799174974163567 0.3518230358465905 0.02051586124870468 0.09852385858886308
3 0.7987819865605459 0.4647545101847403 0.2958476550862333 0.2501626271894393