3 0.574609375 0.5590277777777778 0.18828125 0.04027777777777778
23 0.4609375 0.40208333333333335 0.053125 0.18472222222222223
24 0.54453125 0.4951388888888889 0.1296875 0.12361111111111112
2 0.203515625 0.5444444444444444 0.21953125 0.10833333333333334
16 0.481640625 0.7798611111111111 0.38046875 0.43472222222222223
10 0.764453125 0.6625 0.09453125 0.07777777777777778
13 0.75078125 0.2875 0.1140625 0.5194444444444445
13 0.23359375 0.20208333333333334 0.0125 0.4041666666666667
13 0.887890625 0.26180555555555557 0.08046875 0.5236111111111111
12 0.619140625 0.5618055555555556 0.02265625 0.10972222222222222
12 0.82109375 0.6291666666666667 0.040625 0.18333333333333332