8 0.336328125 0.3909722222222222 0.02109375 0.05694444444444444
4 0.098046875 0.5131944444444444 0.19609375 0.09861111111111111
23 0.4 0.33402777777777776 0.028125 0.10972222222222222
24 0.03984375 0.3541666666666667 0.0796875 0.30277777777777776
16 0.537109375 0.5319444444444444 0.92109375 0.24166666666666667
13 0.918359375 0.4701388888888889 0.07421875 0.9402777777777778
13 0.8234375 0.49930555555555556 0.034375 0.9958333333333333
13 0.79375 0.4 0.05 0.8
13 0.28046875 0.19722222222222222 0.0234375 0.39166666666666666
13 0.708203125 0.18333333333333332 0.05546875 0.36666666666666664
13 0.123046875 0.42569444444444443 0.08984375 0.034722222222222224
12 0.4890625 0.49027777777777776 0.034375 0.24166666666666667
12 0.950390625 0.4722222222222222 0.02734375 0.16111111111111112
12 0.698828125 0.4444444444444444 0.03046875 0.11944444444444445