16 0.40732791294922366 0.7269674394298795 0.7358552739426921 0.5460651211402409
23 0.3275542327520005 0.11491013940874437 0.12770403449599899 0.20233975214777924
23 0.06561531737044014 0.08399062138926924 0.09220686525911972 0.16579896566064978
12 0.7431044332401155 0.4226621652722517 0.04617161647693564 0.08984392727476928
12 0.8958047163164276 0.43403503891201545 0.07314321956119088 0.13288462027492157
12 0.816939376624853 0.4257867057841125 0.03378071063273715 0.10030843775835795
12 0.4655882465517182 0.3860732853572622 0.016897173701106105 0.050848663323623415
12 0.5112572796280302 0.3919096411238639 0.01610228693163087 0.04941936189551433
12 0.1501834119332786 0.38712793689303837 0.02670855032431154 0.0957780582387097
22 0.6026226193196048 0.4008045748792894 0.7947547613607904 0.7796247284228113
21 0.02976952333707944 0.6308437870443033 0.05953904667415888 0.18113201853305108