4 0.484765625 0.5368055555555555 0.26171875 0.07361111111111111
23 0.540234375 0.42083333333333334 0.04296875 0.19444444444444445
23 0.5953125 0.425 0.046875 0.16944444444444445
23 0.95390625 0.2847222222222222 0.090625 0.37222222222222223
24 0.078125 0.4597222222222222 0.15625 0.23055555555555557
24 0.69296875 0.4263888888888889 0.0890625 0.11944444444444445
24 0.405078125 0.41944444444444445 0.20546875 0.21388888888888888
10 0.57578125 0.8395833333333333 0.23125 0.3125
13 0.918359375 0.3368055555555556 0.14296875 0.6736111111111112
12 0.63984375 0.6805555555555556 0.115625 0.5222222222222223
12 0.01640625 0.43680555555555556 0.0328125 0.11805555555555555
12 0.508203125 0.5 0.03046875 0.14722222222222223
12 0.1890625 0.4798611111111111 0.0328125 0.10694444444444444
12 0.235546875 0.46041666666666664 0.01953125 0.10694444444444444
16 0.22578125 0.8236111111111111 0.3140625 0.3527777777777778