16 0.6597569127549483 0.8444615223744159 0.6082333401401042 0.2895975281311672
13 0.12327776510197933 0.34214837518182073 0.08915799145062522 0.427594016593499
12 0.6018154931598614 0.687167129516593 0.050946210581076554 0.13347176262566351
12 0.9171511854563719 0.8045168398378716 0.017860300436840504 0.051922238095028835
12 0.44092279943845514 0.6358869743919884 0.05369000408406244 0.16410004761842
12 0.8289514359313372 0.7836330826217945 0.024328505983923776 0.06878284992756455
12 0.6372354081959204 0.7062150768474683 0.038409842989895894 0.1303060945161475
12 0.5240626077590802 0.6583172009442229 0.045295622625173594 0.11941317171663918
12 0.3423200122521878 0.4770754473345368 0.03201371941479163 0.05930305916267887
12 0.8477468954203129 0.7865234693464095 0.027508057370694415 0.0730464891771659
24 0.225477677763212 0.47722757539949295 0.4329079914506252 0.43826100071629875