4 0.5224776250484546 0.5890644208175977 0.29929279160312505 0.14656188937783396
23 0.5321536374912672 0.47715864611541203 0.05338153276940982 0.2022896486690093
23 0.632008493731736 0.4656242390174431 0.03895535685760425 0.1734931989521213
23 0.5872772219802428 0.47767622232137164 0.0569968420399654 0.1803503908743178
23 0.25390331055328114 0.28739735577426845 0.14617040444465293 0.3741322011654976
24 0.25451829355144073 0.539069209090688 0.11789797444878483 0.18198685816601787
24 0.49686100902434005 0.48502863293430304 0.14922070963114606 0.1898061291418183
24 0.07092780960335059 0.5747924721247734 0.14185561920670117 0.26347383313843553
24 0.14259042990215254 0.5469486486855342 0.08196047444878482 0.179383585432736
2 0.6716518953750519 0.5136776615098975 0.05864895459715278 0.06807676241634227
16 0.24213877445911444 0.8023097048753578 0.4842775489182289 0.3953805902492844
13 0.8897135239841493 0.34318618679847707 0.15963545203170143 0.5679800571181389
13 0.8967519062507984 0.5223375236467728 0.03199814846072933 0.2978706772115539
13 0.2695753500206593 0.9602173790278445 0.0778353656913195 0.0795652419443109
12 0.46283961322277756 0.5451234353002926 0.04095361474138883 0.14727408871975076
12 0.4028288335874997 0.5296546720052099 0.03355868882958326 0.11898697497241781
12 0.9194805648279687 0.548312569324759 0.02640015226045165 0.10875541678064041
12 0.37262113578203093 0.7289084229483496 0.21048943721406274 0.5421831541033009
12 0.42687516413458315 0.51471408834648 0.01595296153100705 0.08579748704683854
12 0.22304132271175323 0.5242771972276898 0.03784614532659729 0.08877097672989893