16 0.43483743341434067 0.7250043074951239 0.7236972988213198 0.5417462033242006
23 0.31469049415824657 0.09802135410776527 0.12147756933854179 0.19604270821553055
23 0.0498285603626563 0.10600749465630731 0.0840321207253126 0.21201498931261462
12 0.7464246509777259 0.3074204574549799 0.04327852773541672 0.08595239104521445
12 0.8989590042262329 0.28266072073881787 0.06878767401194423 0.12639331413373658
12 0.8197348644085938 0.2931391347713351 0.030160931895728993 0.09762787287665928
12 0.4684633051380384 0.3371868379258996 0.01548018284565984 0.04953263141714327
12 0.514139154444653 0.33226619207136177 0.014680749050069507 0.04809524145951593
12 0.15552787385944464 0.41291001702442287 0.023075130508958396 0.09302469659134577
22 0.6078125 0.3321957414029706 0.784375 0.6643914828059412
21 0.04299444571498297 0.686084647954318 0.07020535685760425 0.17505292631358615