4 0.7565992767345424 0.9089793632435635 0.3936420066836355 0.18204127351287286
23 0.27950596033577263 0.052176401012884406 0.15901192067154524 0.07537724464663244
24 0.2893192280394527 0.5373796627619087 0.09167951734563573 0.16767588582982174
16 0.372814075389861 0.7441543904349475 0.5252749093729981 0.5116912191301051
10 0.2887067027172022 0.6824053658797853 0.1225840720082724 0.117161823472289
13 0.9292365243873156 0.7739221244409443 0.08219652402927125 0.3891058076549582
13 0.7804805773790433 0.6548644393042001 0.10905901603277127 0.43686329909549976
12 0.38906069137888427 0.6244280703322977 0.042169866008908666 0.11966608959849133
12 0.586989935053293 0.7401066628114835 0.029497143340226906 0.09237171454150446
12 0.8104416183959062 0.877763412958507 0.04069827267663584 0.13344179271636816
12 0.10447151336727116 0.45180151956024084 0.05559656667727224 0.1428503908743178
12 0.871161216064588 0.9085382504741207 0.028534080004772377 0.06453734387822073
12 0.6192029983887475 0.7702047488950124 0.02869771200668154 0.08953734387822074
12 0.7919504287277017 0.8562945912602242 0.040607366008908664 0.11955290382747895