23 0.4942447137067494 0.37143159092205785 0.06837726828878879 0.15752090742193997
23 0.24840563169152693 0.39527265188751964 0.03333642342198502 0.05860135855247108
24 0.6150612324898297 0.523703043372367 0.05913226087441501 0.09461678202973836
24 0.2906846442959624 0.4994616123872915 0.0964876808363588 0.12429394915086378
24 0.1140193500754559 0.48704686220365995 0.21511429992345027 0.43146183114823566
24 0.6590022334784129 0.5297732745093713 0.040509594866803764 0.09920243664401009
16 0.5327474340864352 0.8227545172879098 0.33972036908709136 0.31860463059667743
16 0.7682041605889942 0.7308376944972822 0.46359167882201147 0.3648081890844155
13 0.7865389958171121 0.27566071435011164 0.14481372878264284 0.5304812427785385
13 0.28254852693889154 0.22023340793551605 0.03540955387778304 0.4404668158710321
13 0.8221050934025195 0.3941022765917538 0.06770344764227261 0.2643037017095038
12 0.8278682858547306 0.6114229751636446 0.052526775208870904 0.21496516489242987
12 0.9873013468532653 0.6271004535956959 0.025397306293469413 0.1991216115655697
24 0.4349731551703774 0.5837731969158887 0.24310003707186906 0.3247045868444887