21 0.167578125 0.27569444444444446 0.02421875 0.05694444444444444
8 0.303125 0.40208333333333335 0.0265625 0.06805555555555555
4 0.3703125 0.4326388888888889 0.125 0.05138888888888889
4 0.086328125 0.5159722222222223 0.17265625 0.08472222222222223
23 0.06640625 0.16319444444444445 0.1328125 0.3263888888888889
23 0.437890625 0.33819444444444446 0.04296875 0.12083333333333333
23 0.40078125 0.33819444444444446 0.0296875 0.11527777777777778
24 0.02421875 0.35 0.0484375 0.2916666666666667
24 0.723046875 0.40902777777777777 0.10859375 0.09027777777777778
16 0.501171875 0.5506944444444445 0.91328125 0.23472222222222222
13 0.96953125 0.49930555555555556 0.059375 0.9986111111111111
13 0.812890625 0.44375 0.06328125 0.8875
13 0.879296875 0.49930555555555556 0.05390625 0.9986111111111111
13 0.71953125 0.18611111111111112 0.059375 0.37222222222222223
13 0.613671875 0.24791666666666667 0.05390625 0.3458333333333333
13 0.095703125 0.42986111111111114 0.09921875 0.04027777777777778
12 0.4734375 0.5055555555555555 0.0375 0.26944444444444443
12 0.70390625 0.4534722222222222 0.0265625 0.12638888888888888
12 0.90546875 0.4736111111111111 0.0234375 0.16111111111111112
12 0.096484375 0.39166666666666666 0.01796875 0.07222222222222222
12 0.65859375 0.42569444444444443 0.01875 0.09027777777777778