4 0.8086589196172976 0.6465277777777778 0.37548235268140856 0.19305555555555556
23 0.16357105665181887 0.19444444444444445 0.15679598734881747 0.20277777777777778
24 0.3091719949475024 0.6875 0.0893084953453176 0.15694444444444444
16 0.44562229660648 0.7881944444444444 0.5199601533656804 0.4236111111111111
10 0.3438643472708665 0.8180555555555555 0.12252043734086335 0.09861111111111111
13 0.929009150640524 0.3423611111111111 0.07126811469604419 0.38472222222222224
13 0.7694886999721604 0.3645833333333333 0.09734935669954403 0.4305555555555556
12 0.41782483428152517 0.6784722222222223 0.03903577534213589 0.11527777777777778
12 0.6202279472867749 0.6097222222222223 0.027144302673454135 0.08888888888888889
12 0.8496023666255701 0.5381944444444444 0.037573272676635835 0.13055555555555556
12 0.12580496427436635 0.7722222222222223 0.05246247601049951 0.1375
12 0.910703498627479 0.5131944444444444 0.027743739337999784 0.06111111111111111
12 0.6553932879535476 0.6083333333333333 0.026353962006681542 0.0875
12 0.8281361729591155 0.5354166666666667 0.03825452534213625 0.11527777777777778