23 0.5502734198441396 0.3974460795295519 0.2097040568171334 0.28293154511556495
23 0.4032308244705223 0.4675840494421623 0.04876082832748878 0.11496516489242986
24 0.1960777307201103 0.5852984355887797 0.3877371481302656 0.7599586843779962
24 0.6001680771080251 0.5831551528119565 0.11443642126547413 0.20304162786992538
16 0.5741547993067189 0.8394913216046035 0.6557023494308073 0.2962848827880546
13 0.7029756799904094 0.35241590287735325 0.19600361566286145 0.7048318057547065
13 0.8700609042193456 0.3274047162270637 0.06826835348799705 0.5907330031376129
12 0.7198365819776414 0.7103659864534354 0.05989892572970099 0.2154905279022919
12 0.4929555949649326 0.6498431943354498 0.05299040665497756 0.22762681504931062
12 0.6783573068154857 0.6652654225402717 0.047948350648623086 0.19127322870287836
24 0.4644945170428333 0.6568738075725412 0.20121544683301948 0.37272437242270073
20 0.3865742713051893 0.4031347287183979 0.015225579545304768 0.039656727134071916
25 0.8802098922471757 0.7402556540881366 0.23958021550564865 0.3358965230340402