24 0.3712863818947321 0.5619813350247148 0.16542684990117795 0.196267170865472
24 0.8238692029625956 0.5576013872106311 0.16110337094786545 0.20703872466354625
24 0.7310404489810483 0.5005885339107365 0.08416216837349921 0.094774548981526
16 0.7782658820359064 0.7957628088243448 0.3965095209055132 0.30307007121103846
16 0.32997564032142124 0.803656241927786 0.6599512806428425 0.28684899616134174
13 0.12539666470959396 0.4308420957166257 0.04327737606836286 0.4645373438782206
13 0.6983174961949205 0.24183535655385957 0.09867750761015906 0.48367071310771914
13 0.12305291470959397 0.43101187437314414 0.06988537869919878 0.4678503908743178
12 0.6581909950559705 0.5474334496012137 0.05137205517696728 0.1644500913559726
12 0.6129883989951657 0.5354663556255442 0.04691977360693613 0.1475004602617752
12 0.38466248979429857 0.5700187373061355 0.03621749203690507 0.1300980860835289
12 0.9623821832666198 0.6237752602656643 0.03155310786427279 0.05909497409367725