23 0.138671875 0.27847222222222223 0.15078125 0.35138888888888886
24 0.2390625 0.5777777777777777 0.075 0.21388888888888888
24 0.2421875 0.5263888888888889 0.0578125 0.10833333333333334
24 0.678515625 0.5416666666666666 0.04609375 0.1638888888888889
16 0.5 0.8201388888888889 0.99375 0.3541666666666667
13 0.86171875 0.2611111111111111 0.025 0.5166666666666667
12 0.616015625 0.6354166666666666 0.05390625 0.3013888888888889
12 0.72890625 0.6465277777777778 0.0421875 0.1763888888888889
12 0.36015625 0.5979166666666667 0.0359375 0.2013888888888889
12 0.140625 0.5965277777777778 0.0453125 0.22361111111111112
24 0.488671875 0.63125 0.15703125 0.29583333333333334
24 0.340625 0.6083333333333333 0.175 0.3111111111111111