8 0.5542574303125116 0.6472359687635177 0.06779112158778719 0.11518312006043219
6 0.7433788193733928 0.7610699805848755 0.04157322394515219 0.09744967071913588
23 0.34189645946998604 0.23815863390802455 0.27754291893997207 0.4763172678160491
16 0.20784050268608714 0.7686304694370367 0.38467902274507904 0.38496128334814883
13 0.9250526005977818 0.6652625870533011 0.05288105913900907 0.2907638402564198
13 0.9243087570293135 0.44283024097092455 0.13416540818660536 0.7422520319142594
12 0.798728772123652 0.7393141736787334 0.15244871960192583 0.39755013475098777
12 0.6100804180089587 0.6435357174129313 0.0539854867654336 0.18398102955055562
12 0.9006262391419344 0.7031187619096283 0.06243368755122205 0.17878106821987672
12 0.1929785011359012 0.5148032336213886 0.03959334698068138 0.11124157936487665
12 0.7243430481784998 0.6464549011352768 0.056947820925833524 0.20768912090481484
12 0.15777622849326606 0.4995751072280861 0.027583498552257925 0.09964556703802462