8 0.385546875 0.6770833333333334 0.10390625 0.22361111111111112
23 0.502734375 0.4965277777777778 0.04453125 0.1986111111111111
23 0.552734375 0.5013888888888889 0.04609375 0.16944444444444445
23 0.19609375 0.27152777777777776 0.146875 0.32916666666666666
23 0.59375 0.49166666666666664 0.0296875 0.1638888888888889
24 0.27265625 0.5388888888888889 0.1109375 0.14166666666666666
2 0.11875 0.5833333333333334 0.2375 0.20277777777777778
2 0.57734375 0.55 0.028125 0.044444444444444446
16 0.215234375 0.8409722222222222 0.43046875 0.3125
13 0.8875 0.3770833333333333 0.165625 0.7541666666666667
13 0.400390625 0.24097222222222223 0.01953125 0.47638888888888886
13 0.3671875 0.18194444444444444 0.015625 0.30833333333333335
12 0.764453125 0.5555555555555556 0.01640625 0.075
12 0.165625 0.5048611111111111 0.0296875 0.059722222222222225
12 0.3921875 0.61875 0.0734375 0.25972222222222224