23 0.1659937193467494 0.1723825639480856 0.18979993869349876 0.3447651278961712
16 0.5611504167329515 0.8163028735135524 0.5829772266868172 0.31804359414803146
13 0.8693607167011347 0.37066635107653795 0.1061527393777709 0.5914797487306644
13 0.7051030410367483 0.42348675888354476 0.2711066720639515 0.8469735177670895
13 0.3382229816796585 0.14494466355157928 0.05663290268936265 0.28988932710315857
12 0.6938535550604518 0.72750353133611 0.07250280334977202 0.22190153877049537
12 0.6395700423893838 0.6748870546285125 0.06704314401654479 0.2227809075830215
12 0.2844817320377028 0.4675461103584794 0.0655891846753633 0.11993034122290598
12 0.5446933470520203 0.6309166953135791 0.04722099267981754 0.17651674858013816
12 0.7349598130569519 0.677812403138886 0.03269486867440872 0.10437322076472874
24 0.25692944404438434 0.5576664993226315 0.5110953253898611 0.7874447791325149
25 0.8605325250636333 0.753666229964877 0.23733801002545363 0.3552426966169381