21 0.134765625 0.2875 0.02734375 0.06666666666666667
8 0.285546875 0.48055555555555557 0.06484375 0.1638888888888889
23 0.39609375 0.36527777777777776 0.0328125 0.15833333333333333
16 0.499609375 0.63125 0.99453125 0.2986111111111111
13 0.63515625 0.2534722222222222 0.0609375 0.38472222222222224
13 0.49765625 0.4395833333333333 0.28125 0.05694444444444444
13 0.758984375 0.1951388888888889 0.06796875 0.3902777777777778
12 0.805078125 0.4861111111111111 0.03671875 0.175
12 0.76640625 0.48680555555555555 0.034375 0.1597222222222222
12 0.4796875 0.5819444444444445 0.0765625 0.45555555555555555
12 0.208984375 0.41041666666666665 0.03046875 0.09583333333333334
12 0.096484375 0.41041666666666665 0.01484375 0.0763888888888889
12 0.67734375 0.44375 0.0171875 0.09305555555555556