8 0.56875 0.5346820096187411 0.03125 0.07286866963717134
4 0.365234375 0.6499164652733292 0.32421875 0.20392911415231968
23 0.887890625 0.23642274273279823 0.21484375 0.4405554370888865
23 0.3875 0.5246826146120361 0.0640625 0.21243632831175682
23 0.438671875 0.5160189500317931 0.0625 0.1818484503854538
23 0.47890625 0.4925456955229846 0.04609375 0.17178684327038335
24 0.108203125 0.6723772130631502 0.18125 0.24958272834003847
13 0.733203125 0.34711171691768883 0.21796875 0.6683978596081592
13 0.821484375 0.22324348642047573 0.07265625 0.4140029902397568
13 0.8296875 0.22757984553356655 0.1453125 0.42383931381284695
13 0.421875 0.44067148454625793 0.0703125 0.27089895112808005
13 0.2171875 0.24615947620056325 0.04609375 0.3148423988259389
12 0.294921875 0.6019341808119159 0.0375 0.14660907023127234
20 0.34609375 0.3759094051205618 0.02265625 0.07269089659806033
16 0.67578125 0.7883584889313111 0.6484375 0.42328302213737773