4 0.3612029337037484 0.7206161882209353 0.6744692650609425 0.3068269673686397
24 0.7127852645127882 0.5530854910453742 0.1632490228654909 0.21041868431075098
24 0.5363182509918673 0.5725662121173064 0.19886906433530313 0.2369407797060963
24 0.8913504582561107 0.43894913041834677 0.21729908348777868 0.41850092233980024
13 0.8487090904700958 0.139860822905695 0.10054318094019159 0.27972164581139
13 0.3186743940056256 0.4876424712828323 0.053070469414779 0.4384094689822523
13 0.11047870348919622 0.4255859233534984 0.03425349282842385 0.27461569818925935
12 0.5186992032151191 0.5719383709260902 0.044052589563046494 0.13815071482365385
12 0.6372718711825438 0.5530779351215654 0.0259474303072194 0.12971843396726732
12 0.36601071283376596 0.606839546919644 0.031733638837407166 0.10662483117335345
2 0.18668655598260056 0.62029667788035 0.2788938702330856 0.3004187666551557