23 0.3211637777447093 0.15003637955799354 0.1829525554894186 0.2620358978019923
23 0.6965269736735341 0.4654533138439752 0.23264031842154242 0.3424354761491595
23 0.49629481571640427 0.2678694575824383 0.18168322367353404 0.4228235662148551
24 0.887192740762293 0.769738075169481 0.05875888605166182 0.11027781894997998
24 0.858833234296231 0.729247187567474 0.02834396034569906 0.06337520999884892
16 0.678528446093427 0.8517980819761514 0.5772397645814765 0.2964038360476972
13 0.8646578538859547 0.5369355502178894 0.22068119068315079 0.6604567727213116
12 0.7437909074949115 0.8029419284930094 0.10899822994174038 0.3197146868845146
12 0.7179085375094765 0.7231264617162675 0.06744957594338974 0.21224890469571595
12 0.6423815201896084 0.7085506843067428 0.07672528754272996 0.25462714529852865
12 0.6750121637631177 0.700156491860917 0.05467679130365362 0.19454722139465477
17 0.22727870008545997 0.5153673575939492 0.45264790769276725 0.9140680485212319
24 0.6083857791629528 0.7050422883875386 0.22862641983346813 0.4308715452605008