8 0.31370376497718777 0.5765964786492283 0.017801265439406144 0.03874504348113482
24 0.8406024083528413 0.39172702094105016 0.18970266066226812 0.2911902916427296
3 0.5829394982841404 0.5390163775940593 0.40488739146193814 0.3275866684902474
24 0.4979890110184083 0.4860723350081899 0.060025869358614516 0.09174446641295933
24 0.27391684511046616 0.5829549380322628 0.025932014185764983 0.058755416780640404
24 0.6891266564723795 0.43190100383865826 0.1434437746106063 0.18240894161332494
2 0.5759620725781774 0.49502467623366375 0.10682431301126591 0.13813900221337638
13 0.2526693250854599 0.47950864905880486 0.09187892610167428 0.3215595880689577
13 0.445233078219563 0.4168907987849276 0.05846102084968248 0.23451705754098448
19 0.16521727810716721 0.7994093504357253 0.285112100553996 0.39937032679235357
12 0.6225798340588042 0.4520174733272098 0.02151729882550111 0.07508252613427038
12 0.2463529605103012 0.595380652134397 0.014949050079142268 0.05518533860577703
12 0.31270656047073003 0.5634586270902899 0.017133675705962935 0.04563289504007299
21 0.11534282132453622 0.5478589231267225 0.22254756756361252 0.629282153746555