4 0.7886535617359307 0.6593082867871646 0.41202636646291496 0.18207512337166853
23 0.9558853694593618 0.4219135057604128 0.08822926108127653 0.30712433044617016
23 0.8377600288328153 0.24662804039392155 0.20023677464894368 0.4113981536773617
24 0.15906011561417452 0.7091521479059646 0.08780761646291486 0.17201421789220983
24 0.08736770070008279 0.7263541013700477 0.12628694029820453 0.23287586796391288
2 0.9791236742421165 0.5718372615321761 0.04175265151576681 0.1544990411248659
16 0.40115742339337634 0.7695101442995737 0.5832064049066685 0.4609797114008526
20 0.8870047732921771 0.36818515330822815 0.08095450814060037 0.38965763997029357
13 0.8925266335928559 0.436349803019585 0.044006706806548126 0.24836165007170305
12 0.42735309220842616 0.7470157950919691 0.22612756727656896 0.5059684098160618
12 0.5796536979865493 0.6125818322442397 0.041307752713533395 0.13033033766188123
12 0.8325822851643935 0.5475805526596049 0.037401502713533576 0.13020912193321313
12 0.6008326571679465 0.5896495292136703 0.018248710990419425 0.06300910606040636
12 0.20351113947217847 0.6945739065634264 0.0377699949116173 0.14270912193321297
12 0.7850283941083055 0.5495739429920754 0.03765048620519007 0.11217780952339101
22 0.41660428171569086 0.5624246121884882 0.4484252911572872 0.4371387864304798