21 0.7975007079219096 0.1261775054015312 0.165772429995868 0.19534459523610762
8 0.2894651032969615 0.5751846176010038 0.10525315729444458 0.22539807431332848
8 0.9735683261786804 0.527635248545068 0.03880923328249999 0.10116367099521457
4 0.1223539311364235 0.5330576915569152 0.244707862272847 0.13833760533605263
24 0.221144055519288 0.3910461684676652 0.08484843189572917 0.09842734992683246
16 0.6612404190264061 0.5644900111751252 0.6632650258355557 0.19828747906843347
13 0.8456618583309545 0.4771194732941072 0.05240418028020884 0.5430727691192174
13 0.6131055644951735 0.3010844080011497 0.05481805262104178 0.3099091378060196
13 0.10873562770762138 0.32086424566962146 0.03158122758291686 0.38415760028827695
13 0.7787915949382115 0.5403487052573926 0.04390265567892389 0.6691464971135692
19 0.8469928150185932 0.867413968610339 0.2811077956871877 0.2651720627793218
12 0.5408831127478123 0.5044823235864117 0.034522429995868006 0.19127174675285674
12 0.7232780386596179 0.482353198764571 0.01775185087368065 0.10328688383818413
12 0.8243044432948956 0.4966037972481879 0.01873312262517359 0.11858890476169551