9 0.514453125 0.8430555555555556 0.96484375 0.3055555555555556
23 0.52421875 0.33958333333333335 0.2078125 0.2847222222222222
23 0.271875 0.38958333333333334 0.1125 0.19027777777777777
23 0.77578125 0.19236111111111112 0.4453125 0.38472222222222224
23 0.019921875 0.2923611111111111 0.03984375 0.3236111111111111
23 0.397265625 0.4041666666666667 0.08359375 0.20555555555555555
16 0.237890625 0.8479166666666667 0.40546875 0.2986111111111111
13 0.046484375 0.9159722222222222 0.02109375 0.1625
12 0.06328125 0.6965277777777777 0.0140625 0.05694444444444444
12 0.03984375 0.6930555555555555 0.009375 0.04722222222222222
1 0.501953125 0.5013888888888889 0.99609375 0.7444444444444445