4 0.7143333876894236 0.760191470627155 0.4024982861043537 0.0513835866008915
23 0.922339318260289 0.5838645731477224 0.08059199072842205 0.27721308144544093
23 0.8151904144731011 0.37997171132284485 0.1558737918598901 0.36409990319801266
24 0.5386614824388026 0.6055915808738626 0.07208407825883115 0.06463227825362215
24 0.03044550322145383 0.6031009905450531 0.06089100644290766 0.22286864775677281
2 0.9465078108449276 0.7188413254241739 0.10136757816063521 0.1802090278411296
16 0.3258680579180614 0.8108368432641245 0.4957629936552882 0.3783263134717509
10 0.21706549009965367 0.7557427919123313 0.12675794272021176 0.06103123392968731
13 0.842499815186129 0.5101196737649129 0.02857094847574828 0.37528281117136575
12 0.4189575156162898 0.6571330698168124 0.030060204722264318 0.11419594101780035
12 0.5318958650014578 0.6437173426052611 0.015084644515609823 0.07376463717556685
12 0.7623032550776705 0.6648510367639164 0.027734635440423715 0.11972725561581035
12 0.2670680231298472 0.6361170032914919 0.02932440651766246 0.12807674958750745
12 0.5626938800776704 0.6627865152129454 0.015915891490547906 0.08905049527252658
12 0.7267927415139889 0.6533722711300296 0.023782933645025393 0.105797965131012
12 0.20222654571961707 0.6347518923549511 0.0293925842107595 0.14891008292084076
12 0.3335515411820239 0.6131927193108407 0.01973123789975162 0.06131311909065826