4 0.7382864975657231 0.7193260432230933 0.39859135030401127 0.16350430040095698
23 0.92907997013254 0.4982195905673538 0.1098737015966055 0.2997788996215058
23 0.6154863495811643 0.5194535435312391 0.0670230153230392 0.13248049488271996
24 0.21228374237566144 0.6484188168671452 0.1920986111784261 0.2443808190958407
2 0.9542398196765234 0.6254699177717744 0.09152036064695324 0.21362737597117448
16 0.3204006371473249 0.8052450302337026 0.583163962965312 0.3895099395325948
13 0.9521348209122522 0.29548756904300283 0.09489464182450433 0.49737969725211284
12 0.5005649923756614 0.6633310438393846 0.045992932319233584 0.13416713410155315
12 0.11839379747058291 0.7513888888888889 0.21374014231879607 0.49722222222222223
12 0.5701685323946896 0.6530590772107001 0.04272335228117754 0.1617428491832303
12 0.7896301509688988 0.6103089528737289 0.031834931824941924 0.12927304172892365
12 0.9864845990868727 0.5344828329941488 0.02070908942959626 0.05239920236939292
12 0.7467164449422595 0.6275105013914545 0.038466933802108375 0.1462630087093517
22 0.4453058187065306 0.6015148008554158 0.2645466141441755 0.2730987727040956