8 0.1984375 0.6138888888888889 0.1484375 0.17222222222222222
4 0.73984375 0.6638888888888889 0.515625 0.14166666666666666
24 0.512890625 0.5145833333333333 0.16484375 0.19305555555555556
24 0.401171875 0.5326388888888889 0.06328125 0.10138888888888889
24 0.184765625 0.49166666666666664 0.08203125 0.08055555555555556
16 0.5 0.8402777777777778 0.996875 0.11388888888888889
13 0.065234375 0.3472222222222222 0.02890625 0.6944444444444444
13 0.030859375 0.3159722222222222 0.02578125 0.6291666666666667
13 0.72890625 0.42430555555555555 0.0203125 0.43472222222222223
12 0.434375 0.6118055555555556 0.0765625 0.29305555555555557
12 0.1953125 0.5909722222222222 0.071875 0.20694444444444443
12 0.405078125 0.5375 0.01484375 0.075
24 0.8265625 0.5173611111111112 0.3453125 0.32083333333333336