21 0.7587907313283955 0.7445931488345721 0.43202551913382303 0.4708730722246692
21 0.6568741933234472 0.5725495124442357 0.11393813103709682 0.10699902286549072
11 0.447459740895307 0.5275718622589013 0.02269335391920819 0.02888889183263199
3 0.15471831142842035 0.5299900564459368 0.17164298244902274 0.15896331614940157
15 0.7924409349436699 0.3391417570019401 0.1146227219576744 0.5596875132468438
13 0.8061838715366925 0.564213678871639 0.05954013605166182 0.0613938569862416
27 0.36882627553504305 0.5209523292266095 0.0644094924781526 0.06780754809323426
6 0.7989550785836862 0.8126511788716388 0.3092292136444044 0.3276637308475244
6 0.6244337663638431 0.5877305683420182 0.04561402837152997 0.06559028366526398
6 0.6478485343105318 0.5876933628070555 0.0876196719450391 0.060813503628197194
15 0.9526964733443297 0.35695919566186196 0.09115178120801701 0.6650099303072193