21 0.7257963749019047 0.7871825745869221 0.47228680628084163 0.4256348508261558
21 0.6454138560972863 0.6372247916394483 0.12202341567683313 0.1166468413771451
11 0.44290863321517504 0.5550769466341061 0.02586381802583091 0.030560519237293703
3 0.15415602177411936 0.5074553798517325 0.18298965940862688 0.17340776206571745
15 0.8032276707579049 0.42767372076554133 0.17220790142456116 0.5538938702330857
13 0.7934876432443048 0.6549083433608797 0.06436402837152996 0.06624504809323425
27 0.3660649883880245 0.5351885433687288 0.07079588479802065 0.07271330290255769
6 0.7595743298373275 0.8631746449126748 0.3367177161516867 0.2736507101746504
6 0.6115018573509274 0.6469891720393349 0.051909492478152686 0.0673710384745874
6 0.6348711611909936 0.6501513775742978 0.09253449247815268 0.06878969473518967
15 0.9386961578257813 0.4754167947194913 0.11596992478152615 0.6596329495445131