21 0.8265098986208266 0.656304577330045 0.34218049316430876 0.5458032111371217
21 0.7389558773471959 0.5338732993542264 0.16201925273047452 0.19062030298213611
11 0.4842638321676561 0.5420651987337235 0.026789758976990364 0.03983538981258548
11 0.4324967990883647 0.578721764252272 0.044140885440423536 0.06846049498543501
13 0.6399780218628057 0.49535402012476676 0.042451120413308986 0.04654003087881229
13 0.4676848653451433 0.5722300718532616 0.05524201190385654 0.09690374373179385
6 0.7872065041052165 0.698847429995612 0.24951120413308914 0.46030832884638356
6 0.6926485039088248 0.5719332404995956 0.049064734776493604 0.10922188730530316
15 0.7945165726996863 0.260682469583406 0.16409185460062722 0.521364939166812
14 0.6207416876520462 0.5794933394042389 0.12362034894328673 0.3035462003165691
14 0.5690155611886131 0.6091186549227874 0.12058625253408284 0.3190802721033236
13 0.8566564617543472 0.576534509304214 0.2810510538619425 0.2425130750854599
14 0.732869503810629 0.5059301557807172 0.050672686571891744 0.11707985141192587