21 0.7709332488216496 0.7692070558959593 0.4322691619786113 0.4487498667249973
21 0.6998889749157404 0.6442439659055044 0.160447662371395 0.1862294960216353
11 0.4680208304983264 0.5406848032702302 0.02678975897699054 0.03937158267027243
11 0.4063611678323439 0.5515592159452753 0.044140885440423536 0.06769657733927233
13 0.6267736617822196 0.5661831479153675 0.042451120413308986 0.04580339600572696
13 0.4407907099868217 0.5605342266072755 0.05367951190385654 0.09593066534054522
6 0.6733951734896847 0.7906558892425496 0.2429703126425414 0.4059249253659985
6 0.642939538147457 0.6589700845799131 0.0475022347764936 0.10835794000636341
15 0.8827231590517453 0.3772548185471419 0.15356342075921034 0.6142454080203626
14 0.5748253424021831 0.6347609725891399 0.11893284894328673 0.3013636000159085
14 0.5162497731203424 0.6385677725970942 0.11589875253408284 0.31695223734881744
13 0.787920760921898 0.7346320612269593 0.2779078731437835 0.23446809603754382
14 0.7059753484523072 0.6160462405713225 0.04911018657189174 0.11618862133990877