21 0.7804990142100501 0.7761606073647598 0.39590815827653536 0.405773861880383
21 0.7108138056059079 0.7426784739696484 0.2414194813290184 0.3223016190519591
11 0.5121871651829848 0.6262524097191633 0.027298885551659248 0.043115082939624474
13 0.928246767456461 0.7210316193456594 0.09102619480442442 0.11561013103285873
13 0.30691328409555246 0.6669940047245054 0.06807961850553061 0.1429166754978958
6 0.6315120892911279 0.7680901909373565 0.07894675486796868 0.3181894940095503
6 0.6484132171321495 0.7838962402117171 0.13486156412073386 0.39041172359113024
6 0.6289950154278661 0.8228322546396875 0.05330009821299129 0.1908085384745874
24 0.31131045779665856 0.6387325954686782 0.048265950486467354 0.08132441106992569
15 0.8812446769508122 0.3750297048171726 0.09283334577406385 0.7500594096343453
14 0.5979552954596382 0.7224155923886354 0.08522402840691896 0.31997024881887376
14 0.11602127719569359 0.5994865901112008 0.03269549756436803 0.08390377404661713