21 0.8171875 0.78203125 0.3625 0.4328125
11 0.53046875 0.60234375 0.0265625 0.0453125
11 0.70078125 0.58671875 0.0390625 0.0546875
11 0.33203125 0.590625 0.0328125 0.05
13 0.44375 0.5921875 0.025 0.04375
13 0.475 0.5921875 0.034375 0.04375
27 0.5125 0.54453125 0.04375 0.0546875
6 0.66953125 0.7109375 0.0640625 0.165625
6 0.68671875 0.81484375 0.0984375 0.3640625
24 0.3 0.6328125 0.05 0.090625
15 0.92734375 0.3640625 0.0296875 0.728125
14 0.7609375 0.7625 0.13125 0.471875
14 0.0828125 0.59375 0.034375 0.09375
14 0.97421875 0.6578125 0.0359375 0.171875