21 0.7693323126536658 0.7847558660764893 0.4613353746926684 0.4126513733734992
11 0.5329604348606256 0.5982218969190403 0.03982878742738745 0.05065456493480802
11 0.7036924658778723 0.6210439679429284 0.054473484284234173 0.06340002678536116
11 0.34035124979060305 0.5421606319015064 0.0463698858558109 0.057013659090609535
13 0.45025494271850847 0.5683901209444578 0.03663101282028158 0.049037517856907444
13 0.4803063157540377 0.5756844237044014 0.04607878742738745 0.050763659090609536
27 0.5269972251834971 0.5373389439969409 0.059233758891340214 0.06504434740221221
6 0.6479947375894939 0.7346076359619915 0.10978603060296202 0.17833528003177204
6 0.6426223409803161 0.8207087771956936 0.19853181513486523 0.3406910040571898
24 0.30047326653982603 0.5756958806836906 0.07497007485477489 0.10122730925276535
15 0.925312523159364 0.4549887252498242 0.14937495368127215 0.7167625803560836
14 0.7264857646777992 0.774677482553425 0.26205496773989906 0.43078989853730254
14 0.0954710893276863 0.4885755304388092 0.06090757485477487 0.10098184740221221
14 0.9576435456973005 0.7518773620192994 0.08471290860539896 0.17633640340856668