21 0.90234375 0.68046875 0.1921875 0.3484375
21 0.90234375 0.5890625 0.1921875 0.165625
11 0.4828125 0.5640625 0.04375 0.103125
11 0.1984375 0.63515625 0.140625 0.2515625
11 0.6046875 0.559375 0.0625 0.128125
11 0.8546875 0.58359375 0.065625 0.1140625
13 0.76171875 0.54453125 0.0921875 0.2046875
10 0.8890625 0.51875 0.021875 0.05
6 0.07734375 0.64296875 0.1546875 0.1046875
6 0.234375 0.61796875 0.46875 0.1609375
14 0.4828125 0.528125 0.040625 0.121875
14 0.2015625 0.55859375 0.090625 0.2640625
14 0.6 0.5078125 0.0375 0.11875
17 0.96484375 0.48359375 0.0671875 0.1453125