21 0.8215806050916067 0.6849001420510715 0.3568387898167867 0.532835413958578
11 0.6235032160369458 0.537609905036715 0.06925906010845857 0.08870003571381488
11 0.830979372751 0.4761700243563197 0.025272710772388508 0.04731137662320535
11 0.3168173996819713 0.6023441554404568 0.048782933645025485 0.060220479707460584
11 0.7412219811622563 0.4925820028459643 0.03621021077238851 0.04750229139585791
13 0.1990446132830302 0.7723856944006826 0.16728853571157004 0.28882849512873604
13 0.4479174087571575 0.5742719281686283 0.04095225292686635 0.05695911201270896
6 0.8075156434354553 0.7406689009795253 0.26643508371978014 0.41242172808260735
24 0.18622645071524357 0.7179163827122854 0.09775676483072289 0.15325345941492116
14 0.2676441014773694 0.6110157719173925 0.03958974082661779 0.09130683847375849
14 0.8552253938282389 0.48043478450258953 0.04123405405833438 0.10539661201270878