21 0.7792092495995535 0.7987029171451935 0.3995786290555422 0.402594165709613
11 0.09812071104306944 0.6037921773119945 0.040262535713814954 0.07011409255827132
13 0.18609622362497116 0.7139608401960187 0.15894217207625302 0.2491518065307549
13 0.3404212593387861 0.6505580830244426 0.1179159772718286 0.1352877139724832
13 0.22335649026406265 0.6394345553496283 0.1445057508107789 0.13777779691210784
27 0.05391238393010138 0.5988938569862416 0.10782476786020276 0.3040377139724832
15 0.6255753295486001 0.481500581295162 0.08089899269310408 0.2511111214142119
6 0.6768672739492827 0.677941560876742 0.10128185633066593 0.07692957694917482
6 0.6468524914818786 0.6956548505324557 0.051881874187573375 0.10955853847458741
19 0.8813502224071552 0.6968081558820841 0.08927278003177222 0.10461806733052796
14 0.2991826047124035 0.6842956767638404 0.11472852191409721 0.2210615228654909
14 0.9060189857998356 0.6718726432682123 0.05223643019392767 0.12987103847458742