21 0.8188646712501895 0.7975104636444043 0.3622706574996212 0.40497907271119155
11 0.1816656948615111 0.6137766581549856 0.048792024004105095 0.062346887305303154
13 0.5440434958947834 0.7375828488381364 0.15725902985783763 0.17798391066226812
13 0.38309236035616395 0.7305562958560001 0.16039312021691723 0.17963733887551356
13 0.22216395071524359 0.7274359928738641 0.16040221057599685 0.18119983887551355
13 0.07527986035616396 0.721599866851332 0.14319652985783757 0.17757473370266402
27 0.6275094599868216 0.5837879105957612 0.029987481849627427 0.052426318025830906
15 0.622240177005726 0.4836515182758931 0.056160138170898224 0.25471624373179386
6 0.6943156857863249 0.6544701351272251 0.09859203610435348 0.029426738717229027
6 0.7111537278426067 0.7291662582467632 0.14792948165323558 0.1855236260225322
14 0.06164460723290599 0.7946281898917278 0.11585330073868469 0.3111313797834557
3 0.8554440833269968 0.6919654381093613 0.1699862888348278 0.21741012351524952