21 0.87421875 0.74262466765539 0.2515625 0.48856972116625175
11 0.69609375 0.5765042595004044 0.04375 0.065335494985435
20 0.2359375 0.6842088301000249 0.446875 0.27862773449408673
27 0.22734375 0.6198962775136001 0.10625 0.13434155925034225
6 0.80625 0.7570532290173034 0.128125 0.45372805674305994
6 0.94765625 0.5642927306666561 0.0875 0.06973348997087019
15 0.340625 0.33334867524374445 0.1015625 0.6060801669304743
15 0.14375 0.37605769780928666 0.115625 0.6471143438900784
15 0.76640625 0.3121438942984251 0.1171875 0.5830973079967011
14 0.52265625 0.6058327436652868 0.0625 0.15494356426490724
14 0.78203125 0.5813485353646519 0.0453125 0.12163095909205772
14 0.6921875 0.5615468492338478 0.034375 0.07443771034569906