21 0.87109375 0.771875 0.2546875 0.45
11 0.68671875 0.5828125 0.0359375 0.059375
20 0.2140625 0.6390625 0.421875 0.209375
27 0.2140625 0.57421875 0.090625 0.1203125
6 0.77109375 0.77421875 0.0671875 0.4453125
6 0.93828125 0.5984375 0.0796875 0.05625
15 0.36640625 0.303125 0.0171875 0.60625
15 0.16484375 0.3234375 0.0265625 0.646875
15 0.796875 0.31015625 0.03125 0.6203125
14 0.51015625 0.59296875 0.0421875 0.1484375
14 0.77109375 0.59765625 0.0296875 0.1171875
14 0.684375 0.56796875 0.025 0.0703125