21 0.8780779557614732 0.6483451073242728 0.24384408847705358 0.5054667117440431
11 0.709463918015768 0.509584476016576 0.04802048863591431 0.0678082382131759
20 0.2613554748329013 0.6837049501666158 0.46135015178371364 0.3134376852749103
27 0.24696964650541253 0.6210422843270156 0.11643529788867957 0.14125004631872767
6 0.8342980969918798 0.673439306662319 0.16566727921769803 0.45735023531769164
6 0.9564415992272884 0.46125817618319165 0.08711680154542308 0.07602315260503385
15 0.3339751741048479 0.31987358250777 0.1526059918790299 0.603497489246633
15 0.14208372889338636 0.3905799964853433 0.17206510389173868 0.6449957845319033
15 0.7548683267026357 0.2632960967757936 0.1691116534052714 0.5265921935515872
14 0.5391883741842782 0.5644282954946673 0.07457508035608366 0.15803513192686935
14 0.7945656209378673 0.5024932599293066 0.055225062499176227 0.12278683664159917
14 0.7037497061652149 0.49577668714144635 0.04034435633066593 0.0752568651776464