27 0.7302564106447658 0.7779932470532993 0.10801672433401847 0.2756922906531944
13 0.839785260948777 0.8502974728332642 0.23004823323126686 0.29940505433347153
27 0.6650439516337865 0.5758845799752088 0.09755938539871387 0.24891158510611114
6 0.09683375699444433 0.8249103874428126 0.1338205375661606 0.18107077488562523
6 0.09403240916189108 0.7561603874428126 0.12821784190105417 0.043570774885625066
6 0.9883010850181531 0.9141080125365282 0.023397829963693793 0.17178397492694372
6 0.08702501688027606 0.8715126305089583 0.10643568380210837 0.0836502610179167
6 0.9960572117481735 0.8750553106922577 0.007885576503652913 0.060175087005972114
14 0.7400532218997415 0.6736330553739242 0.12344540615896057 0.347858231382639
14 0.9287457184025195 0.7550590144363893 0.14250856319496102 0.4898819711272214
3 0.3944833953217266 0.6903717332825001 0.5331519644853678 0.6192565334349999