21 0.8435443776718847 0.7786542338876871 0.31291124465623066 0.42709194804263434
11 0.033534194839785786 0.48102273333068196 0.04133570533113405 0.07857953333863606
13 0.2852882261143096 0.6726904232972744 0.09724603919208263 0.28228633601209036
13 0.26985710589776535 0.7869710992998197 0.04842077962517113 0.05367044000636341
0 0.0894157849689405 0.6288602493236823 0.1489161877801568 0.2329045013526354
27 0.6624284214828208 0.36585588391154955 0.12687135471063105 0.33417610001590836
6 0.48429637595602504 0.6094166219366848 0.21172241316955062 0.13679311736154426
6 0.35137256419840024 0.5265597632877294 0.18499477711788873 0.07712721602481701
6 0.7543912302709447 0.7868036359007318 0.1712865959351424 0.4112294960216353
15 0.8640878613745487 0.42055992321773256 0.22472045064577345 0.7445510733609078
14 0.8948307106749034 0.6444968625477782 0.11039925705962901 0.25119996801399935
14 0.029590840920577528 0.4529340959977729 0.0361768438900784 0.11600680800445425
14 0.45099814264907245 0.6199637706079117 0.1323317445232167 0.3607931440165448
3 0.6863446092629776 0.5969058892425496 0.17214308762187222 0.17225790268936264