21 0.46140125835270246 0.7328125 0.9228025167054049 0.534375
21 0.7603371999230312 0.7629059223964239 0.312390938829558 0.4741881552071522
11 0.8811036008261558 0.5396795487244105 0.052237111795565026 0.06522626291777786
11 0.22176580636111867 0.5008767414506252 0.05149306733052796 0.08862739532659739
11 0.1817137252355927 0.4835249340799307 0.03455853847458741 0.05076371941479163
13 0.6501710593563436 0.5475965790252784 0.1143105589778255 0.3227127610179167
27 0.08256198493905754 0.4012553351061111 0.1651239698781151 0.23688567021222226
27 0.5917236422959682 0.5196521105604172 0.24429072485707462 0.37881990349472244
6 0.37992304674247185 0.5170680519554518 0.24609623920022683 0.07286084422416686
6 0.30336054674247187 0.5152860399876044 0.08439484736759484 0.0472399823325695
15 0.37536455463183815 0.22219130983923643 0.055520890736323644 0.4275080573706944
14 0.8911804613557767 0.7096737792540282 0.18970246169504854 0.5806524414919437
14 0.05845979682728987 0.5444780050339931 0.11691959365457974 0.3577060100679862
14 0.5803347305930704 0.6810552039315627 0.18988600016963594 0.6378895921368745
14 0.7817236158022803 0.7107810311538891 0.18328877058805587 0.5784379376922217
14 0.7083010178865313 0.5622416136945493 0.0706845553496283 0.23582970364722228
14 0.12757186225890124 0.46662706838861123 0.032053586567821625 0.11315461664125