21 0.4879887066359105 0.7179849720001181 0.975977413271821 0.5639755089218632
21 0.813457042568459 0.7090916185121212 0.3185180214035423 0.5226422077900679
11 0.8930558252705485 0.44681771510355456 0.0523079346753633 0.06496252678536116
11 0.2344433465945488 0.5270498750016477 0.052598836012090366 0.08996252678536117
11 0.19237402526259414 0.5176300105533068 0.03497498400699968 0.05216251785690744
13 0.6659569759309577 0.4968661282513538 0.11780785471036168 0.3238659683433749
27 0.08240232531031924 0.4571209788966817 0.16480465062063848 0.24200804220663663
27 0.6028848112667303 0.4800019565788426 0.24816806405154318 0.38394217207625303
6 0.3939274345958214 0.514892974028713 0.24462270401018138 0.07925467207625303
6 0.31801891526100334 0.5271532406678044 0.08492044000636341 0.04834777110331832
15 0.34186768463559236 0.22289243466145003 0.06128622939208821 0.4337943474022123
14 0.9150837245783222 0.6346762252498241 0.16197821475172347 0.6292625803560836
14 0.07018358863781951 0.6026380304388091 0.14036717727563902 0.36034893912238175
14 0.6204070239099587 0.6523172873419634 0.1967350227561777 0.6626750982129911
14 0.8250490705760949 0.6526507037394689 0.18997594541690505 0.6188160040571897
14 0.7260586819303214 0.5005035970017657 0.07305788136536222 0.23716480925276534
14 0.1362149319303214 0.510799357955519 0.03255905601527202 0.11304547077900687