21 0.46953125 0.7453125 0.9390625 0.50625
21 0.80078125 0.75078125 0.2703125 0.4953125
11 0.9 0.49765625 0.046875 0.0609375
11 0.2390625 0.50859375 0.04375 0.0859375
11 0.19765625 0.49453125 0.0296875 0.0484375
13 0.6703125 0.5234375 0.0875 0.315625
27 0.0828125 0.421875 0.165625 0.225
27 0.609375 0.5 0.2125 0.3625
6 0.3984375 0.51328125 0.240625 0.0546875
6 0.321875 0.5171875 0.08125 0.040625
15 0.36875 0.21640625 0.01875 0.4328125
14 0.928125 0.68984375 0.140625 0.6171875
14 0.06328125 0.56640625 0.1203125 0.3484375
14 0.61328125 0.6734375 0.1328125 0.65
14 0.8171875 0.6953125 0.13125 0.60625
14 0.7296875 0.53359375 0.05 0.2328125
14 0.1421875 0.48203125 0.021875 0.1109375