21 0.8586043147521979 0.8211334896570577 0.28279137049560427 0.35773302068588464
11 0.12264820459953607 0.5790428542583438 0.062176347832553214 0.07116934585538673
19 0.7084358073750051 0.6949463103407547 0.08079369665368966 0.14524351581733086
13 0.4291687545229864 0.8278583335352783 0.039346342889637495 0.04684050790866543
13 0.43351140323039206 0.7430204185162502 0.06497237847863158 0.21635451186299798
27 0.6260557530029306 0.4342051285158127 0.1281620810638202 0.3889590237259961
6 0.7692791013669564 0.8896924886684745 0.11168555239490807 0.2206150226630509
6 0.8780174314050125 0.8753408285923623 0.206708892318796 0.24931834281527543
15 0.7785149081361269 0.38582066113905744 0.12517763840164448 0.6602610207602467
14 0.7892109634967847 0.6483206611390575 0.035133686767857955 0.09658583992388792
14 0.12221978167184262 0.5493871877564411 0.04269151878308035 0.0906541749048598