21 0.7210382394532837 0.7212900270142308 0.5176116087630028 0.5015427153050227
11 0.4691110953769126 0.4885586399284142 0.017732970779006863 0.032251057878390374
11 0.706137762585197 0.5465553375234572 0.06430005357072233 0.10676521046687384
11 0.5004429159937637 0.48205103469497723 0.017678423701106106 0.029126057878390198
11 0.8907797694850558 0.6099444613845071 0.17815582223840884 0.28041408404557516
27 0.1656504991892211 0.6034981843702762 0.3313009983784422 0.7148786312594476
6 0.49772347037856035 0.7272725294333053 0.13973207061355558 0.49358194198043537
15 0.15448117410814322 0.1425900474256338 0.07853765178371357 0.2851800948512676
15 0.6524026566582728 0.3263868936982001 0.16315375405389448 0.6527737873964002
14 0.09264364732278199 0.6631531764071813 0.18528729464556398 0.5580686471856374
14 0.39020484537691263 0.4931544056428425 0.03409435633066602 0.07534861049510866