21 0.85859375 0.75078125 0.2796875 0.4109375
11 0.6453125 0.5828125 0.01875 0.046875
13 0.21484375 0.6015625 0.0671875 0.1
13 0.44453125 0.61328125 0.0578125 0.1234375
13 0.21171875 0.65625 0.0734375 0.209375
27 0.55859375 0.33125 0.1078125 0.459375
6 0.92578125 0.8390625 0.1453125 0.215625
6 0.73984375 0.7265625 0.0890625 0.371875
15 0.07421875 0.29375 0.0203125 0.496875
14 0.2953125 0.52421875 0.01875 0.0421875
14 0.084375 0.5359375 0.025 0.04375
14 0.25078125 0.52890625 0.0203125 0.0390625
14 0.19921875 0.53203125 0.0171875 0.0390625
15 0.7671875 0.3578125 0.053125 0.684375