21 0.7891922918921414 0.8089406222069598 0.36415669072245205 0.38211875558608027
11 0.617891098583731 0.640047342842343 0.028706802673454136 0.05130994292790554
13 0.19371834926004883 0.5491588997095498 0.08724655601527202 0.1165026033908223
13 0.41490245858532193 0.6188678939185814 0.08435791335136286 0.1366695541766104
13 0.17825643391950372 0.6015925409420442 0.1181885680299077 0.22569782092583351
27 0.5881512439529113 0.37445657609311994 0.20705326273072427 0.4812629243166556
6 0.8348400518778238 0.9175022930089586 0.1898272106938169 0.16499541398208278
6 0.678527511895323 0.8031145771265772 0.16851692671863389 0.3904538337461151
15 0.12313586596913777 0.2332021058720215 0.12872826806172447 0.4604366939613628
14 0.28893139926800304 0.49496801343945407 0.027089758672817866 0.0465496683207995
14 0.08071945727245736 0.45244010339082213 0.03337612133990877 0.04996576674922295
14 0.2444546932686394 0.48820643713693723 0.02861589600572696 0.04349744292790554
14 0.19376434993636654 0.4780287624059968 0.02549089600572705 0.043351893713693815
15 0.785779674610139 0.4532302011955639 0.2016588800922685 0.6887115512811264