21 0.8510047365438744 0.7875 0.29799052691225114 0.425
13 0.10062179273916685 0.7125 0.1386817989592033 0.23125
13 0.18058817446722966 0.56875 0.10383540818602892 0.1328125
13 0.43152323269868714 0.61640625 0.08442366689245624 0.15
13 0.4503816960639558 0.49921875 0.08107293758467123 0.05625
27 0.6048191333099424 0.33046875 0.1802362924004825 0.4875
6 0.7756870697629598 0.78828125 0.18469141904016267 0.4234375
6 0.9441040405914602 0.9390625 0.1117919188170795 0.121875
15 0.09266661408806567 0.24765625 0.12283322817613133 0.4953125
15 0.8432851690401627 0.4234375 0.19292215739305937 0.759375
14 0.09676869515944457 0.475 0.032062227498762794 0.0453125
14 0.15478591304726894 0.47890625 0.03535100180902231 0.0484375
14 0.35297110752934496 0.50390625 0.018579581637205855 0.0265625