21 0.87109375 0.7703125 0.2546875 0.45625
13 0.084375 0.7734375 0.125 0.215625
13 0.1640625 0.61640625 0.08125 0.1234375
13 0.41640625 0.6296875 0.0578125 0.14375
13 0.425 0.509375 0.071875 0.046875
27 0.56328125 0.31953125 0.0890625 0.4796875
6 0.775 0.771875 0.1 0.453125
6 0.95703125 0.9109375 0.0828125 0.175
15 0.046875 0.2875 0.021875 0.540625
15 0.80703125 0.3796875 0.0484375 0.759375
14 0.07265625 0.53515625 0.0234375 0.0421875
14 0.13046875 0.53046875 0.0265625 0.0453125
14 0.32890625 0.528125 0.0140625 0.025