3 0.1534944324570998 0.4304382806088974 0.2048981161891231 0.1728494084656546
19 0.8305109500396839 0.749462584185586 0.3389780999206322 0.4078663492002387
24 0.5924975141318174 0.5144844504964792 0.04978902294989246 0.06389712912529338
13 0.7740320060325945 0.46270004862137903 0.08322107495267979 0.3261813610136623
13 0.12015194201416454 0.19484829049472913 0.08789993655265355 0.3660193623317731
13 0.8425613711295856 0.4786098009156795 0.07218153558323143 0.38774757840281115
13 0.8413597272307081 0.477653023577272 0.1219141702595163 0.41006293018969703
13 0.8939044962534416 0.4289564478106827 0.08538387220768308 0.2806026956651065
23 0.9387219491215607 0.4082999827158341 0.12255610175687857 0.3782576047650291
12 0.4931524900506232 0.508115932067714 0.015401605555300898 0.04685200527244362
12 0.5372169156340045 0.5101409155913277 0.009981355729309648 0.02151244795940682