3 0.1512486486561129 0.508244762339204 0.2017351582477834 0.1331622442773276
19 0.8473099480856048 0.7170313581543454 0.3053801038287905 0.4529910934630185
24 0.5919590958435599 0.49051042597680083 0.046860271591463894 0.05586761290283799
13 0.7681796643799964 0.398678105603347 0.06116425324046224 0.3232135092358259
13 0.10323631847945325 0.281578126551689 0.06211851266820026 0.3648801759024926
13 0.8374094543480214 0.39920316984435295 0.04288017108260497 0.39239728480809316
13 0.8362146376749742 0.3982585359871607 0.09459327121171252 0.40500006175830344
13 0.8858631555974109 0.33778760877502095 0.06592165583533184 0.27578200661653157
23 0.9396915655745387 0.3035752360156815 0.12061686885092263 0.3645491772804357
12 0.4926421882897424 0.5081332147821312 0.011588327056694462 0.04670662861860369
12 0.5370432494664066 0.5002793013554345 0.008673851025344285 0.021512562999654723