3 0.14227166276346603 0.5864583333333333 0.1955503512880562 0.08125
19 0.8553864168618267 0.765625 0.28688524590163933 0.46458333333333335
24 0.5813817330210773 0.5239583333333333 0.04332552693208431 0.04375
13 0.7540983606557377 0.41354166666666664 0.0351288056206089 0.3145833333333333
13 0.08665105386416862 0.365625 0.03278688524590164 0.35625
13 0.8231850117096019 0.40729166666666666 0.0117096018735363 0.38958333333333334
13 0.8220140515222483 0.40625 0.06323185011709602 0.3875
13 0.8688524590163934 0.340625 0.04449648711943794 0.26458333333333334
23 0.9279859484777517 0.30104166666666665 0.10655737704918032 0.33541666666666664
12 0.48302107728337235 0.5510416666666667 0.00819672131147541 0.04375
12 0.5269320843091335 0.5385416666666667 0.00702576112412178 0.01875