21 0.8753597086998237 0.656575454784584 0.15424109981466572 0.21435605357097245
13 0.45093508365741475 0.48432894034819485 0.08957342068857255 0.06141158510611113
13 0.047160297629898075 0.5904619990500695 0.05907244355406329 0.17154899810013902
27 0.6127827753125615 0.29060039019569495 0.15594253138782932 0.531325348023889
6 0.874682574586922 0.7678850163362503 0.250634850826156 0.46422996732749944
15 0.2378001997141491 0.7518028086049655 0.06912703375008196 0.3700592332825
14 0.03997030180624932 0.47398301386770836 0.03181548439090337 0.061628484232430655
14 0.2439583973597456 0.481072734516771 0.03321429328391083 0.05697735182361115
14 0.31225452957373073 0.49202972473312523 0.020059528855940555 0.037936411094166546
14 0.37410968882955786 0.49737249458475724 0.019895837748947987 0.03324891109416672
14 0.187926652169069 0.48601350123427095 0.02485615626060227 0.041170513867708355
15 0.9410615096186469 0.522755660712917 0.1178769807627063 0.954488678574166