21 0.86015625 0.61796875 0.1359375 0.2046875
13 0.4328125 0.47734375 0.084375 0.0546875
13 0.02734375 0.61484375 0.0546875 0.1671875
27 0.59140625 0.27109375 0.1109375 0.5234375
6 0.878125 0.75234375 0.240625 0.4921875
15 0.225 0.76171875 0.0375 0.3671875
14 0.02265625 0.4984375 0.0265625 0.059375
14 0.2265625 0.48984375 0.028125 0.0546875
14 0.29453125 0.49609375 0.0171875 0.0359375
14 0.35703125 0.496875 0.0171875 0.03125
14 0.1703125 0.49921875 0.021875 0.0390625
15 0.953125 0.4859375 0.09375 0.965625