21 0.844862204885984 0.5550701940949538 0.1773348631835546 0.22440107806243947
13 0.40487901402195253 0.48577685607356536 0.09570864767057934 0.0677238311856975
13 0.029569694426305203 0.6872045633299124 0.05913938885261041 0.17390110831306044
27 0.5401082643606367 0.261949512394836 0.2197834712787264 0.523899024789672
6 0.8419718210102147 0.6847349681972549 0.27118219696846707 0.5248555960164204
15 0.2275231394184373 0.799994413058766 0.1130753686106214 0.369295421544777
14 0.008839453584988052 0.5732738735365668 0.017678907169976103 0.06270907825883114
14 0.20020148010075461 0.5314853075743758 0.0389673247398008 0.05802157825883114
14 0.26841589156614387 0.5264023769544124 0.02384029172311406 0.037627265027114734
14 0.3313662709193575 0.5174450125912278 0.02359463025772479 0.03293976502711473
14 0.14535352781676245 0.5497676749626226 0.03033595318850333 0.04235112646343318
15 0.8881761929001964 0.4468234403825207 0.22364761419960716 0.8936468807650414