24 0.5434142165469775 0.5416607114965749 0.09772208576002167 0.18091405293768523
13 0.8135146003000145 0.4800179980958808 0.10703499661500497 0.6161852492396297
13 0.6971574802159485 0.4804015643325936 0.09978866154589344 0.4098867591180557
13 0.8193694012367827 0.4802604487037512 0.2029260179824659 0.6555296157537966
23 0.9097493979960793 0.4250071090375476 0.18050120400784125 0.4762659688439817
23 0.12895735840668 0.2685603942495835 0.17658109452684861 0.39642044047527797
23 0.24395194731008743 0.32118060270893556 0.1638896138845434 0.3626022059262039
12 0.18516923536397556 0.4696038028106021 0.03215827356709948 0.09912891970601857
19 0.8284733772054966 0.8517309797348153 0.34305324558900674 0.29653804053036953
12 0.9650096123586117 0.8982883225631959 0.040288648306086354 0.13691986043546317
12 0.642196975521858 0.6196194798597695 0.023409245448191385 0.080039488855
12 0.9831400462023492 0.9094565861142608 0.033719907595301676 0.13459407649425922
24 0.5979459580946123 0.6261101885732879 0.08243823590137643 0.17820034802388893