24 0.5141450060593371 0.4539608039747288 0.09830291128214114 0.18474892528181688
13 0.7534630959164369 0.24005111056273962 0.10665694634042823 0.48010222112547923
13 0.6469230422039257 0.2684327441467481 0.10112114362605003 0.4135274607105857
13 0.758527814766074 0.24804770113328017 0.20191392550298085 0.49609540226656035
23 0.8393235213523786 0.13750543534921855 0.19254733668634344 0.2750108706984371
23 0.08540143680340918 0.548995361456599 0.17080287360681837 0.40326495946923446
23 0.19726964849676715 0.5020346625328375 0.16505809817021916 0.3689612980411565
12 0.16843426636871264 0.6872601356509231 0.03247943591462438 0.10034248690352854
19 0.8318057639456736 0.5959297485597733 0.3089718049857801 0.5200915357019525
12 0.9657605347231722 0.42796447285091416 0.039561848812118154 0.13832765095090097
12 0.6190141434919718 0.44319303419342987 0.023668908622786217 0.08091325723720715
12 0.9769869574997588 0.4239176611609067 0.01724540458791451 0.13440069423755266
24 0.5790766446840916 0.4859784502394209 0.08301222818205928 0.18140416542531537