11 0.22990649919251638 0.6056596898410482 0.08515802434972927 0.1372668762235353
11 0.19831162581572181 0.5817782457388307 0.0355204886359143 0.06682540145127866
11 0.032250249192516386 0.6125619981859015 0.05432503571381495 0.07060516587924912
27 0.810965584419864 0.5962994925739699 0.36792307467074536 0.6811905241314353
27 0.5383617017075786 0.4238987360353659 0.3656945527566483 0.46405758783376605
6 0.3512184375041191 0.5889310029104069 0.14829322402541764 0.08637898801910034
14 0.503351907472347 0.6851189782308176 0.22598894480112913 0.6012797909216581
14 0.6755832378284307 0.5245113165279197 0.08388762499835245 0.2434077488188736
14 0.3817377804421045 0.5402380425661206 0.059086448050835294 0.16446429328391082
14 0.9236701359619917 0.5806521560061482 0.13945933522405235 0.47489585099579196
14 0.9546337638030129 0.595967131959531 0.07856847402212246 0.5649008029025577