11 0.21918146498397367 0.6042577825860638 0.08750497840045357 0.13774935079830275
11 0.18802323422126735 0.5805629560080487 0.03666667549789593 0.06702567391627667
11 0.024644058217626243 0.6123116576046541 0.04928811643525249 0.0709146778706092
27 0.8000495190676578 0.5915111600017501 0.37960326459760624 0.6832660751323212
27 0.5306249403892023 0.4207171348300601 0.37358140997361744 0.4661422421285156
6 0.3407117246026205 0.5868235903809984 0.14971231252120454 0.08723469764227279
14 0.4910713339511149 0.6821148912558508 0.23635920688572512 0.602536045474826
14 0.6660043904818697 0.5205195221687593 0.08809031015895172 0.243872016805914
14 0.3720634175237116 0.537957667453305 0.06192462504240907 0.16479201186299797
14 0.9129587468351392 0.5752083862757539 0.14767367440158735 0.47566052768032885
14 0.9436358279606651 0.590341296351866 0.08839293283910798 0.5653013478325531