21 0.80625 0.7860212150226741 0.3671875 0.3245112364928845
11 0.31484375 0.5191188102268776 0.025 0.03739358418674961
11 0.46640625 0.5302900706090469 0.025 0.03739358418674961
20 0.13515625 0.528184455134615 0.2703125 0.23761891026922993
11 0.26484375 0.5115191418533784 0.0234375 0.02636507892507787
11 0.4984375 0.5423119284733199 0.01875 0.026092063140062294
27 0.29609375 0.5024017470868154 0.0328125 0.05972361049510884
27 0.49921875 0.5220449311041557 0.03125 0.06744510523343691
27 0.46796875 0.5202248258707188 0.0328125 0.05816111049510884
14 0.41171875 0.5169486364505322 0.0140625 0.04144404735504672
15 0.64609375 0.3720056757013096 0.153125 0.6339185156438412
14 0.68984375 0.5714288230281214 0.0484375 0.1387586631118273
6 0.83984375 0.8933105917616151 0.234375 0.21337881647676973