21 0.8191694701684511 0.7241667285566868 0.3616610596630977 0.30111125071608863
11 0.32363946631148466 0.500242711290593 0.025627291395857822 0.036228401336727244
11 0.4759832163114847 0.498470031269912 0.02562729139585791 0.03622840133672707
20 0.14357981939573977 0.5257801553150918 0.27254102191409724 0.22031468936981646
11 0.2735712824641088 0.49691826396404715 0.023873876623205437 0.025272720003181703
11 0.5073968575451866 0.5074814045990031 0.019186376623205346 0.025218176002545434
27 0.30384911769145645 0.48562622795991095 0.0322591209411625 0.05817612667090888
27 0.5078235515388323 0.48715981393223035 0.030832988635914306 0.06597044533736351
27 0.4758059383083074 0.488313781269912 0.03223184740221221 0.05661362667090888
14 0.42035082507778265 0.48974046861077525 0.01474433847375849 0.039226132001908984
15 0.6487507402574721 0.32376838124604945 0.15306964204118573 0.6250920013526355
14 0.6998434561652149 0.5200888505729134 0.04922052434972919 0.1349204400063634
6 0.8610396493447862 0.8464048078851416 0.23375125730360083 0.23548515603118042