21 0.82578125 0.71171875 0.3453125 0.2734375
11 0.315625 0.5171875 0.021875 0.034375
11 0.4671875 0.50625 0.021875 0.034375
20 0.1359375 0.553125 0.259375 0.2
11 0.265625 0.51640625 0.021875 0.0234375
11 0.49921875 0.51328125 0.0171875 0.0234375
27 0.2953125 0.503125 0.028125 0.05625
27 0.4984375 0.49296875 0.025 0.0640625
27 0.4671875 0.49609375 0.028125 0.0546875
14 0.41171875 0.50078125 0.0109375 0.0390625
15 0.63125 0.321875 0.1 0.61875
14 0.6921875 0.51484375 0.0375 0.1328125
6 0.8703125 0.83125 0.215625 0.21875