24 0.484192037470726 0.5291666666666667 0.02927400468384075 0.0625
19 0.772248243559719 0.7645833333333333 0.4274004683840749 0.4666666666666667
24 0.30327868852459017 0.49375 0.28337236533957844 0.4083333333333333
24 0.5409836065573771 0.5239583333333333 0.02107728337236534 0.052083333333333336
24 0.06206088992974239 0.5677083333333334 0.08196721311475409 0.11458333333333333
13 0.65807962529274 0.32083333333333336 0.10070257611241218 0.6416666666666667
13 0.7921545667447307 0.325 0.02224824355971897 0.6375
13 0.7933255269320844 0.32395833333333335 0.08313817330210772 0.6395833333333333
13 0.6692037470725996 0.32083333333333336 0.04566744730679157 0.6416666666666667
23 0.8817330210772834 0.22604166666666667 0.234192037470726 0.45208333333333334
23 0.057962529274004686 0.3458333333333333 0.11592505854800937 0.4041666666666667