24 0.5011381118665732 0.4898328169777714 0.039140679993857626 0.07641051861886936
19 0.7839518682681313 0.5574379481413605 0.4320962634637373 0.6888602442315427
24 0.3225169779353831 0.5555507213943274 0.3445763619979291 0.5560079360757993
24 0.5548720660077135 0.45350581335972684 0.02948672066670726 0.06303705563081875
24 0.10420942733454694 0.7585871340271979 0.09940635633146741 0.1568696622941862
13 0.6326057491060678 0.26902007915081494 0.20432156846974692 0.5380401583016299
13 0.7622612635396464 0.2215755789250254 0.1263960633790587 0.4431511578500508
13 0.7635992191268542 0.2301774400737681 0.18527806354644855 0.4603548801475362
13 0.6441006426083631 0.25784356173796036 0.15002798310899781 0.5156871234759207
23 0.8322475137779516 0.1337981923729031 0.2991554491015707 0.2675963847458062
23 0.08058348476973184 0.5467923933366325 0.14599424463843025 0.4564152133267349