24 0.4859484777517564 0.5524150671199081 0.03278688524590164 0.06802439007074099
19 0.7798594847775175 0.7313808057228708 0.44028103044496486 0.5372383885542585
24 0.303864168618267 0.542791519881806 0.30562060889929743 0.47098925506416717
24 0.5421545667447307 0.5391175929554637 0.02459016393442623 0.057268292553055745
24 0.06850117096018736 0.6517950054454168 0.08782201405152225 0.13280342578472215
13 0.6463700234192038 0.3371832137755565 0.13817330210772832 0.6265551676790743
13 0.7804449648711944 0.3271103326957882 0.059718969555035126 0.5920563295336112
13 0.781615925058548 0.33028382281736224 0.12060889929742388 0.6008278158554632
13 0.6574941451990632 0.33347720326384356 0.08313817330210772 0.6159427986317593
23 0.8629976580796253 0.23677888626676055 0.25995316159250587 0.4128481403227781
23 0.06030444964871194 0.4306222412610649 0.12060889929742388 0.42791114918879647