21 0.9515779466297826 0.7951677807204405 0.09684410674043491 0.3255331936879401
11 0.6270404505865115 0.6445377920519659 0.12388231456303558 0.2217715237259963
11 0.4749921082067135 0.9607504520908972 0.18295634215265544 0.07849909581820569
13 0.45365718226914586 0.5790043394667773 0.10704229534115868 0.1384496877564411
9 0.40477038217828876 0.7469611606075848 0.351318997059324 0.3666860701894056
27 0.17927025667026236 0.4009934501137307 0.352808412481442 0.6926119002274614
6 0.32493239597309864 0.6813414777940596 0.1740793091359686 0.07881470258518863
6 0.6760611267512219 0.6130132194282837 0.13202900723608924 0.19871602570316255
15 0.8073886126177277 0.45621141558768163 0.3116522252354553 0.859324556349241
15 0.709912747059324 0.38129764581601827 0.26357549411864784 0.7154817144481868
14 0.19549055743848792 0.67421875 0.35445944368910653 0.6515625
14 0.6104018272261916 0.5799341225843136 0.12067542740790564 0.22008168973360737
14 0.5212950616223594 0.5903357703031361 0.08499023292582972 0.19368101581733085