21 0.91796875 0.8515625 0.1609375 0.29375
11 0.5671875 0.6375 0.071875 0.20625
11 0.32890625 0.9484375 0.1609375 0.1
13 0.41328125 0.54453125 0.0765625 0.1203125
9 0.32109375 0.69921875 0.2765625 0.3015625
27 0.14296875 0.3171875 0.2859375 0.634375
6 0.259375 0.621875 0.165625 0.0375
6 0.62421875 0.61484375 0.0859375 0.1796875
15 0.80078125 0.45625 0.0796875 0.9125
15 0.721875 0.37578125 0.071875 0.7515625
14 0.10546875 0.64140625 0.2109375 0.7140625
14 0.56796875 0.571875 0.0671875 0.20625
14 0.4765625 0.5671875 0.0375 0.1875