11 0.4866269363083676 0.5300939909037721 0.035796258891340214 0.06559076674922296
11 0.3797776228261323 0.5389853014905233 0.05610875889134013 0.06653683664159918
11 0.31228190777232034 0.5523072468996281 0.028600188998963993 0.0449871683207995
11 0.2857557950758733 0.5543256652204277 0.032923815963434674 0.03739299214211709
11 0.11553749441391954 0.6147110093056248 0.041284279569504576 0.08299659057054072
11 0.21593560070022583 0.5849806598437441 0.045171258891340126 0.06602741439185814
11 0.5446919933804623 0.4992035558337495 0.031506865177646406 0.04044521753501122
11 0.6188743560769093 0.49496551199622124 0.02071491439185813 0.04306079528527036
11 0.1492746395753553 0.5826048306457431 0.03292381596343472 0.03739299214211709
13 0.21990397084027097 0.70380343445085 0.3573545434232434 0.2411559627775004
27 0.237260598838199 0.7906848502904502 0.3936302994190995 0.41746590570540576
14 0.07140219664744987 0.5580457863939301 0.10670818817039447 0.3495334272121397
21 0.835226986351149 0.7038352820552132 0.3295460272977021 0.48832206120592386
6 0.883358425350113 0.6829384311455904 0.2332831492997741 0.2715283593866783