21 0.7045934332334547 0.7257235537623257 0.5557962856261753 0.5485528924753487
11 0.4129046348300601 0.5663614780789812 0.03647601087441501 0.05316354135632899
11 0.4644817222824901 0.5491954028099217 0.02034167490485981 0.03993579528527036
11 0.19679020349940973 0.6259589942090317 0.068872016805914 0.0827440334984459
11 0.5142615463890471 0.595346964844415 0.05063135277546902 0.09437073821317572
11 0.46578955429771246 0.5555181774170276 0.015144838935304605 0.02721747146395259
9 0.8613474520165351 0.6639558395325741 0.08774935079830257 0.08674232878371627
27 0.10986845403088238 0.71796875 0.21973690806176477 0.5640625
6 0.7975966753247892 0.78403266749223 0.3610037559686802 0.4319346650155399
6 0.6061452988605052 0.5878855293601075 0.1929116946765234 0.14154545285270287
1 0.3532948714841873 0.6269864549196175 0.17558622631118492 0.2904538337461151
14 0.1908412924347144 0.5990690084770554 0.042373183802108375 0.0830693651776464