21 0.82734375 0.765625 0.3390625 0.4625
11 0.06796875 0.7609375 0.1359375 0.3375
11 0.61640625 0.54765625 0.0140625 0.0328125
11 0.146875 0.58359375 0.05 0.0640625
11 0.94296875 0.8734375 0.1109375 0.25
11 0.65078125 0.54609375 0.0234375 0.0359375
11 0.72890625 0.571875 0.0234375 0.06875
11 0.20859375 0.59453125 0.0421875 0.0546875
13 0.24765625 0.62734375 0.0640625 0.0484375
6 0.84140625 0.725 0.1109375 0.153125
15 0.25390625 0.29765625 0.0203125 0.5953125
14 0.0453125 0.6796875 0.090625 0.421875
14 0.9390625 0.7125 0.11875 0.571875
14 0.77890625 0.61875 0.0515625 0.234375
14 0.109375 0.56875 0.028125 0.0875