21 0.8404752584770554 0.6865747241491832 0.3190494830458892 0.5254101079202769
11 0.170038865587422 0.8320489098373122 0.2186987659206535 0.3355567466803503
11 0.6477806060769093 0.5190291967272326 0.021913541356328815 0.03449317466803503
11 0.2024039476809072 0.6544688105012421 0.06592040653397531 0.07380111436318479
11 0.9797261571531479 0.767042953268336 0.04054768569370424 0.26759656615858274
11 0.6809740957378271 0.5102400040070207 0.03157963978475227 0.040797716822512695
11 0.7634056060769092 0.5183565101553408 0.040847631926869354 0.07209316861791085
11 0.2647947857702484 0.6517614461380573 0.056035984284234265 0.06280907220870695
13 0.31123529218038914 0.6757165757247485 0.07627570967712849 0.06136474687674216
6 0.9107065992524838 0.6440963326586354 0.1487029813887503 0.1742556323171655
15 0.23363456120592377 0.35186144008793313 0.1710404776646965 0.5867738130353248
14 0.1288466313031877 0.7697716236347627 0.19664829156121666 0.43227721057599666
14 0.9356571718354563 0.610225326706707 0.12868565632908754 0.5852113130353247
14 0.8236367847367912 0.5531718716898552 0.10964478949430187 0.24119769262201593
14 0.1622327119489308 0.6476693646577723 0.04960620181924558 0.09245112041330898