19 0.9097747541460336 0.8417048468822691 0.18045049170793276 0.3165903062354618
24 0.49971194837858685 0.5723279590905099 0.07000112323662658 0.10906242705129637
24 0.5606632143671554 0.5779744454123619 0.031794362287151795 0.07001074316092588
4 0.3382792997797894 0.7228067636760189 0.657094564105162 0.4539468606853712
24 0.6056838453340904 0.5767163150929638 0.04884205820268806 0.10402293819629639
13 0.7838630801274604 0.3852981956643993 0.06506452536820685 0.3940426826237964
13 0.8547061714623551 0.38823184801963084 0.06799006039379793 0.3046533097767593
23 0.9491310847368507 0.44421863613967727 0.10173783052629863 0.20412166033379647
24 0.7816698739888851 0.6610246765408346 0.07211257253207172 0.15702758383953702
24 0.6907290137777102 0.6177076038462973 0.037853617377853095 0.08066986043546318
12 0.5710457296829206 0.6002616114457415 0.012609200150841288 0.0463182345490741