21 0.7986046899331605 0.7900943952845456 0.40279062013367906 0.4198112094309089
11 0.07547252191080198 0.7010160133458728 0.13272631980277685 0.3582820266917457
11 0.6184258607915976 0.5880795450177155 0.01935001785690744 0.03513900395433271
11 0.1483764135515411 0.5392601126613009 0.05903980925276531 0.07266817885919252
11 0.9024283084353959 0.916585252508639 0.14880351298564348 0.1668294949827221
11 0.6528554078694982 0.5926052189339921 0.02880683847375849 0.04020850593149898
11 0.7269338360348312 0.6323163177551285 0.03406708279171564 0.07321200692008212
11 0.20809233278842038 0.5612107085166878 0.05103639448011288 0.061412343878220456
13 0.24234064772322847 0.6000795489348671 0.07129434740221222 0.05911501482874755
6 0.8204771047025176 0.8031965035344033 0.13416826866768652 0.17253552768032882
15 0.289270600241586 0.2920561433073792 0.112916200483172 0.5651395217488299
14 0.05995088757695878 0.6168492603801233 0.1059377232113435 0.43369852076024673
14 0.9073114882288772 0.756269835018153 0.18537702354224556 0.487460329963694
14 0.7708298863591428 0.6871921601504744 0.08854785145940199 0.24250051779449713
14 0.11287924431466186 0.5182963552469271 0.042206865259119694 0.09228034190105419