19 0.860655737704918 0.78125 0.27634660421545665 0.42916666666666664
24 0.41451990632318503 0.5489583333333333 0.08665105386416862 0.11875
4 0.30269320843091335 0.7197916666666667 0.6053864168618267 0.34375
24 0.525175644028103 0.5302083333333333 0.07611241217798595 0.11875
13 0.740632318501171 0.3072916666666667 0.05269320843091335 0.6145833333333334
13 0.7464871194379391 0.3072916666666667 0.02459016393442623 0.6145833333333334
13 0.8337236533957846 0.3072916666666667 0.06557377049180328 0.5520833333333334
12 0.3665105386416862 0.584375 0.0117096018735363 0.06875
12 0.4724824355971897 0.571875 0.01288056206088993 0.06041666666666667
12 0.8214285714285714 0.5760416666666667 0.02224824355971897 0.10208333333333333
12 0.7745901639344263 0.584375 0.02224824355971897 0.10625