19 0.8458557769146949 0.6782709139631938 0.28595877556154203 0.48507875340844014
24 0.4045648045171068 0.5408893946520189 0.09551177199831135 0.13603888589758906
4 0.3059655578350662 0.7337238498290801 0.6119311156701324 0.4674840165378645
24 0.514299078940265 0.49879351209747314 0.0849254173407418 0.1334099832847836
13 0.7234377173065161 0.272803070203909 0.09645009231905216 0.545606140407818
13 0.7293402312146711 0.2702044769955186 0.06825162187979127 0.5404089539910372
13 0.8164684147927087 0.24761319820610828 0.1047680884473694 0.49522639641221655
12 0.357333761203207 0.5859921709341468 0.016844723462751635 0.07162137784812662
12 0.4628026795707734 0.5514001208771736 0.016653871577204084 0.06328804451479328
12 0.811722966528087 0.4833963346545918 0.029317732878478133 0.10556089926976213
12 0.7651121918422169 0.5014157776033863 0.029413158821252176 0.1097275659364288