24 0.5175644028103045 0.5447916666666667 0.08430913348946135 0.15208333333333332
19 0.8173302107728337 0.7885416666666667 0.20140515222482436 0.41458333333333336
24 0.45784543325526933 0.48541666666666666 0.10070257611241218 0.14583333333333334
13 0.711943793911007 0.2947916666666667 0.0234192037470726 0.5854166666666667
13 0.8144028103044496 0.20625 0.02459016393442623 0.4125
13 0.7078454332552693 0.2947916666666667 0.059718969555035126 0.5895833333333333
24 0.09133489461358314 0.5864583333333333 0.11007025761124122 0.16041666666666668
12 0.39344262295081966 0.5322916666666667 0.01873536299765808 0.06875
12 0.7377049180327869 0.553125 0.02576112412177986 0.13125
12 0.7950819672131147 0.54375 0.02810304449648712 0.12916666666666668
12 0.20374707259953162 0.5604166666666667 0.0234192037470726 0.09166666666666666