24 0.51115697010064 0.5083200591195488 0.10729095094055337 0.19075112184372783
19 0.8338797689217815 0.5883733396691567 0.26657729506178623 0.5069649003249926
24 0.4456895576002698 0.48153668848512404 0.12256114634753731 0.19362249969185447
13 0.6688429372920369 0.22976934899331933 0.11898859848384181 0.45953869798663866
13 0.7579512091826307 0.11993169235578252 0.09065495868391887 0.23986338471156504
13 0.6646014377221385 0.23659522767720664 0.15557464212012567 0.4731904553544133
24 0.10000384293019424 0.7657828097125606 0.1347001649635558 0.21297868778015688
12 0.3883512817310441 0.5594160819045605 0.029820711466415472 0.07645485141192575
12 0.7270042880050878 0.4035071265080296 0.04769325620236007 0.14188684806888255
12 0.7822650572306088 0.36527168523075676 0.04881650341832695 0.13986413354437938
12 0.20657015963965936 0.6832740929889207 0.038589988434533665 0.10187918307373754