21 0.8295474066194973 0.76015625 0.3409051867610053 0.4625
11 0.655843327666965 0.54765625 0.026636911069925696 0.046875
11 0.7937252735832809 0.55859375 0.02874504809323426 0.0625
13 0.936065263289253 0.63515625 0.1278694734214941 0.2265625
10 0.8443924508952755 0.6671875 0.08036709019601887 0.1984375
13 0.6899727910064761 0.540625 0.03305060217691817 0.0515625
27 0.45561763837407093 0.5859375 0.12378970798203355 0.1890625
6 0.9349330830244427 0.84375 0.13013383395111475 0.28125
6 0.21833838238362113 0.659375 0.3895039880191004 0.146875
15 0.19625003974053173 0.2953125 0.0604861876484315 0.56875
14 0.10679570325752814 0.5078125 0.02184028366526398 0.04375
14 0.5805432273041452 0.5390625 0.01408234736759475 0.0453125