21 0.79921875 0.77109375 0.3203125 0.4515625
11 0.63515625 0.55234375 0.0234375 0.0453125
11 0.771875 0.56796875 0.025 0.0609375
13 0.91796875 0.65 0.1296875 0.221875
10 0.81484375 0.678125 0.0671875 0.196875
13 0.66953125 0.546875 0.0296875 0.05
27 0.43203125 0.58359375 0.1109375 0.1859375
6 0.91796875 0.85859375 0.1609375 0.2765625
6 0.18984375 0.6484375 0.3796875 0.134375
15 0.19296875 0.284375 0.0203125 0.56875
14 0.0890625 0.49375 0.01875 0.04375
14 0.56015625 0.54140625 0.0109375 0.0453125