11 0.06875 0.7859375 0.1375 0.29375
27 0.07578125 0.4828125 0.1515625 0.178125
6 0.27421875 0.6828125 0.3703125 0.096875
19 0.56171875 0.7375 0.3453125 0.2875
19 0.78671875 0.7015625 0.2265625 0.165625
24 0.3640625 0.4375 0.0625 0.103125
15 0.5015625 0.14140625 0.01875 0.2828125
15 0.7734375 0.27265625 0.025 0.4484375
15 0.15546875 0.28828125 0.0171875 0.5765625
15 0.64375 0.325 0.025 0.65
15 0.9203125 0.28046875 0.021875 0.5609375
14 0.51328125 0.61328125 0.1078125 0.3421875
14 0.7515625 0.6015625 0.084375 0.28125