11 0.08815248227986495 0.7072863944801129 0.1314833992388783 0.3145727889602258
27 0.10414891950483338 0.4101210681812191 0.1832130425090765 0.20461713636243814
6 0.27219721843970046 0.6449205823846785 0.3877440336118279 0.16602974350388297
19 0.5498685736866276 0.7535997017009881 0.404631739162766 0.35056838473758506
19 0.7781527411771135 0.7614878883877377 0.25983920950527095 0.20751603977100466
24 0.39424733748961094 0.4214303096565072 0.08427152372599611 0.11389095048646744
15 0.5700471976422727 0.15672074756107274 0.07864755931499054 0.2824227621748646
15 0.8217728182122391 0.3375515564068009 0.12127009391540149 0.4471125535707225
15 0.2081931378701718 0.262043852677218 0.13826127574034358 0.5192330154212755
15 0.6862319076418353 0.36407137174864623 0.1637308024320893 0.6461500714276299
15 0.9476854249048599 0.3727641278344308 0.10462915019028038 0.5581318741875735
14 0.5187711295043959 0.6226809383083074 0.18014107513232122 0.35914099512873604
14 0.7566995524320893 0.6565003794592839 0.14315572828835138 0.29447847727182863