21 0.792864872909514 0.7707359529816322 0.41427025418097185 0.45852809403673567
11 0.7319514355985421 0.5839165919430561 0.06642639342673622 0.10305357123840295
11 0.7682883258911464 0.5683649803357993 0.032813806420763925 0.06791485182361115
11 0.6899451203440629 0.5571716007767714 0.024383057370694416 0.041170513867708355
11 0.6169251944322574 0.5398555077868755 0.011483013867708359 0.023692073138263936
6 0.6491064872696534 0.7738245853904516 0.13271254217180584 0.4523508292190968
19 0.5281185739912851 0.6158711874984032 0.1281302256830557 0.2715866721120834
15 0.1877416150257294 0.2831248905769446 0.10985823005145878 0.5600672906531945
15 0.12051709422416687 0.24642301795177093 0.10665918844833375 0.489718423062014
15 0.8131423117390975 0.3484349932535771 0.11051284669270878 0.5881922906531944
14 0.5204502379352436 0.5547882171336809 0.06671733415618064 0.11555357123840296
20 0.21641735457649353 0.5758215368534725 0.4133416802802087 0.3141430737069449