21 0.891135630455798 0.6689790872625331 0.21772873908840396 0.4791183043815014
11 0.6981137782118015 0.5170968076345028 0.05541701186299815 0.05717730032431163
9 0.5060589293906651 0.44695940584749394 0.2143357085166878 0.20203760714144484
27 0.5695152288198239 0.6803934687537072 0.30826075794584645 0.43788537824476315
27 0.6289008631927735 0.5261229801177929 0.04023768083635879 0.06784206493480802
6 0.8985448945431083 0.7377699975709586 0.20291021091378347 0.3490217012972462
15 0.7105660627750316 0.29237882021310924 0.2117571255500632 0.5847576404262185
14 0.8360621057783997 0.4873257126679226 0.06555069863085591 0.1525988944801128
14 0.7341149452079959 0.5180320162386449 0.052512187756441085 0.10084547970746058
14 0.9697553789729232 0.4740017780097678 0.060489242054153534 0.11668866801906326
20 0.2575073187437117 0.7171118133132504 0.40555756920082214 0.3349706582765354