21 0.8455010717384417 0.7664017644721784 0.25166454166985197 0.46719647105564305
11 0.5777205794897752 0.6023303776557329 0.04739021046687384 0.064792840343633
11 0.5481163794756576 0.5858898281307028 0.02571263154179615 0.04029080732694634
13 0.9076656847232121 0.5882766802329809 0.10624854195220053 0.16601450361804454
13 0.7742924716255022 0.6447612963572115 0.05758425782192056 0.07934666327441153
20 0.24752963445498083 0.6678680099496227 0.49505926890996166 0.3067921483479479
6 0.18271670555813796 0.7329707095200814 0.3654334111162759 0.22302357869652986
6 0.8491728323323725 0.8391088398893478 0.17123504707269782 0.3189624412027158
15 0.7090061897731224 0.3529622207128995 0.1788626204537552 0.6371392311168074
14 0.7988367162932433 0.5731695793738982 0.06322658404557516 0.17622166327441152
14 0.9528871794615401 0.5922139077317438 0.04035052616718495 0.15788774310259512