8 0.756960505652048 0.6790587631587551 0.013112193101843509 0.03648402757088576
24 0.305071653312291 0.5676942817730111 0.1982201005639336 0.2454681786583786
24 0.07242486311466714 0.5161416024256608 0.13901807413944173 0.14061653818465486
24 0.39443251214562275 0.6313187752930712 0.09469871663955673 0.16401262475795803
24 0.4890009675365873 0.5964700995271706 0.05816731979064036 0.12558794099758283
24 0.5475762276149693 0.605488406667561 0.07328079938343578 0.11018270085408423
24 0.8014706181268362 0.6848293432521185 0.040248657741230265 0.0699657821887989
24 0.7010197009020205 0.6254913713753841 0.05711898780143853 0.1442409081881081
13 0.8580024850890683 0.4708824673211051 0.08344039223810747 0.5899315643775978
23 0.25947151240948557 0.39525703501298093 0.07838702614870711 0.1751541654253155
23 0.3213556829060577 0.46285125751039097 0.041487744705335075 0.08047948166494005