8 0.7576112412177985 0.5770833333333333 0.0117096018735363 0.03333333333333333
24 0.3044496487119438 0.5729166666666666 0.1873536299765808 0.2
24 0.06908665105386416 0.5770833333333333 0.13817330210772832 0.10833333333333334
24 0.3957845433255269 0.615625 0.08665105386416862 0.14375
24 0.4882903981264637 0.5583333333333333 0.05152224824355972 0.1125
24 0.5468384074941453 0.553125 0.06791569086651054 0.09375
24 0.8021077283372365 0.571875 0.03747072599531616 0.06041666666666667
24 0.699648711943794 0.5364583333333334 0.05035128805620609 0.13125
13 0.8489461358313818 0.34479166666666666 0.05152224824355972 0.5770833333333333
23 0.25175644028103045 0.4125 0.0702576112412178 0.15833333333333333
23 0.3161592505854801 0.46458333333333335 0.03747072599531616 0.07083333333333333