8 0.7461614701008692 0.6475043947246396 0.013425705447091528 0.03426711594418445
24 0.294113465344074 0.5824030026857965 0.1943417996256776 0.2263369605062477
24 0.0650662185806266 0.5550084703672922 0.1301324371612532 0.12668360740125095
24 0.3834767204218198 0.6378978142950873 0.0914461194767836 0.1564515889476984
24 0.4780053219510504 0.5926056272224891 0.05577217046997284 0.12057157576658947
24 0.5365703670495506 0.5958084269687819 0.07185896993818523 0.10301002636221786
24 0.7906920286819447 0.6486468558651555 0.039663830031797985 0.06530134783255334
24 0.6900854017086078 0.599637262304069 0.05487378197572028 0.13715335310499674
13 0.845876959051547 0.42842365297522644 0.0727037164523506 0.5837506903926628
23 0.2470222671200969 0.4152535395681144 0.07642806581101196 0.16784802768032894
23 0.3093341877729775 0.47608756329411056 0.03983418733998602 0.0757180144992199