21 0.9105076487190225 0.6973675706715303 0.17280325838781535 0.4370506999091429
11 0.5926894105246832 0.5539163003179997 0.036310204722264317 0.06594590456798421
11 0.710708157499621 0.5391400701057034 0.034720433645025396 0.06117651741285464
13 0.8821150040070208 0.6106012330414308 0.03635565651766228 0.07375840456798421
13 0.8697377238545956 0.5901625802824688 0.04252384328594587 0.06002345318850324
20 0.2686928534412867 0.6669606914298584 0.5171249092481369 0.2848352611928181
6 0.2051252571302787 0.7194958712126133 0.3902260659621911 0.22038990162730823
1 0.6497388412428424 0.5478024191557637 0.07587267447164336 0.15393058344622795
15 0.7925677324388026 0.31817463138937857 0.11798953512239478 0.6363492627787571
14 0.8943791755517978 0.5162370793779576 0.05273515632127079 0.2042647761192818
14 0.9209962177062756 0.5054699977407517 0.03333974082661797 0.0923446302577247
14 0.7505564526791609 0.5362706976498947 0.03974427693097127 0.11923467887824372