24 0.7825638022418209 0.44040522941752347 0.017538747915108534 0.04544876488454127
18 0.437452934220693 0.5977116112950968 0.24206798581243558 0.19129875749251374
19 0.8621008303472916 0.6139603909636926 0.25103792965591104 0.4893367645080763
24 0.13376690915000514 0.6271664949736186 0.2675338183000103 0.37066701005276265
24 0.7624264982202289 0.42898701885653334 0.0371467244686964 0.08072354380020728
24 0.4031710872608179 0.5243898287775332 0.07859552125608804 0.14734911566266456
24 0.6783483455673479 0.4512045204692496 0.02952104152487276 0.05707883504016588
13 0.8260882847813994 0.2505322883909909 0.09489602996881707 0.5010645767819818
13 0.9108385678841064 0.09487968846628388 0.07059452699525322 0.18975937693256775
13 0.9609107070903767 0.2815508534261181 0.0781785858192465 0.5631017068522362
23 0.1694458542985334 0.4416089125878179 0.09624334586568781 0.19696454721387227
24 0.5838935519915941 0.5129344115397989 0.08126467171426884 0.16009179636045612