24 0.7969079323880486 0.7324777336575464 0.01861408818081624 0.047288825475450595
18 0.4479637889450416 0.6526173225769601 0.24297919375941365 0.19896135979946006
19 0.8622918732758929 0.8564842746040997 0.27541625344821435 0.28703145079180054
24 0.14752305211118563 0.47072783870851376 0.2821636019479089 0.37895567741702757
24 0.7782093503131181 0.7070153917773587 0.03811285872066452 0.08217468376037544
24 0.4224213579712521 0.5579683330541374 0.08057556739103548 0.15015416542531548
24 0.6950363884766575 0.6730912453760747 0.029391294723933217 0.058578787427387626
13 0.8692659366518783 0.4983054154875991 0.10758315375919643 0.665998925281817
13 0.9645635375071441 0.40560857043573745 0.07087292498571178 0.3536416024256608
13 0.9746295193096001 0.6253774149352194 0.05074096138079993 0.7191438753786339
23 0.20724799883134468 0.3228426104201355 0.09923736854323861 0.1995263242340992
24 0.59794211886908 0.6692041888563599 0.08315605262267732 0.16076489771093114