21 0.800714114068597 0.769223479771226 0.39857177186280596 0.461553040457548
3 0.524897544393973 0.5407960267289267 0.1319863190854491 0.13191052768032882
11 0.5883287853187866 0.5691557900747997 0.026898843285945873 0.0588948389353046
11 0.6285952370159889 0.6434355484777565 0.036419289031219645 0.08427684091247087
13 0.2747430082896194 0.5040468073378241 0.086746541958086 0.1425641847906915
6 0.6633025560032421 0.8215035627750316 0.12878054761542684 0.35699287444993677
6 0.6597003121515621 0.7540520549035472 0.07925220452587264 0.1969333498097196
15 0.927662954329481 0.36116019524517695 0.07989866178221945 0.5765571828135252
14 0.1967907251121321 0.5305509575281044 0.049355626267041375 0.15978617688202626
14 0.6315111587571576 0.6076253824701453 0.054015855189802585 0.1552896778706092
14 0.5913265202916719 0.5474081240671884 0.03009656615858276 0.07152217292769336