21 0.7706072538966314 0.7427403956185733 0.4369649374984032 0.5145192087628534
11 0.5480451889264926 0.5702278642775426 0.01787848423243048 0.03018760517284953
11 0.59878941812493 0.6068844297960909 0.04077177678548623 0.07457410266556704
11 0.6228633509705898 0.5802226413954312 0.029179660144236053 0.046130853919208195
27 0.29304595155993 0.7019034807996701 0.5857674198309727 0.5961930384006597
6 0.9339963002494092 0.8159916229865243 0.07220492116215312 0.1504379206913981
6 0.05865146134357574 0.7717589912245113 0.09269795269729172 0.09169941818411545
6 0.9072513090831243 0.8566477152272499 0.14738806553881964 0.22757473370266404
15 0.9024618916237843 0.4914175203209571 0.19507621675243136 0.9347340158351175
6 0.9395916836081589 0.8442984794130147 0.08815853590354195 0.23209709765100187
14 0.3971509168906591 0.7647481247688909 0.20960235049243092 0.4705037504622183