24 0.8085480093676815 0.5635416666666667 0.01756440281030445 0.052083333333333336
19 0.8805620608899297 0.7791666666666667 0.23653395784543327 0.43333333333333335
24 0.47365339578454335 0.515625 0.07845433255269321 0.11041666666666666
24 0.5292740046838408 0.5104166666666666 0.04215456674473068 0.09583333333333334
18 0.32142857142857145 0.6520833333333333 0.6241217798594848 0.25416666666666665
13 0.8846604215456675 0.3385416666666667 0.12763466042154567 0.6770833333333334
13 0.8998829039812647 0.3385416666666667 0.040983606557377046 0.6729166666666667
23 0.13875878220140514 0.3875 0.08782201405152225 0.25833333333333336
23 0.24765807962529274 0.44166666666666665 0.040983606557377046 0.12916666666666668
12 0.452576112412178 0.5479166666666667 0.01522248243559719 0.05
24 0.3711943793911007 0.5229166666666667 0.13114754098360656 0.15
2 0.6774824355971898 0.547625 0.09032786885245914 0.10118750000000004