21 0.7620013928441223 0.7169668014401315 0.3944494375636136 0.2482407893857248
11 0.8792186638955146 0.6503343794557217 0.07832838584218216 0.09618520401018138
11 0.29829110082615584 0.5224317200429526 0.03606647477225655 0.048837489337999786
10 0.8941516939325815 0.6927127834579488 0.041135920688572726 0.059829533338636054
9 0.5007241308632228 0.5669918840706332 0.2767708642426358 0.23281468936981647
19 0.302715705998299 0.5076334233768162 0.04793155771188111 0.07552725867281787
19 0.5225991308632227 0.5672464227402694 0.0989533990890262 0.19482269867918128
19 0.5785391068166057 0.599160041414678 0.10131450725639404 0.17298406134627217
19 0.46850190790506474 0.5720879167329516 0.09032244355406327 0.1712942920114539
19 0.4134696675237116 0.5589424793920882 0.09506450725639422 0.17291133601209036
14 0.7040202564537859 0.6092173887650864 0.0547470421027846 0.13651930267345413
20 0.12561009129232703 0.5015454133513628 0.25122018258465406 0.17809082670272575