21 0.7590878622866715 0.7898997120489348 0.39257722166884046 0.41311009582002856
11 0.09301771422975161 0.6524068616327102 0.1684375926374552 0.22904312626704132
11 0.5945288643535861 0.6002837419067724 0.0468065334984459 0.06587953005422928
11 0.6267377427657989 0.663360458827481 0.04099318114108108 0.07521816861791084
13 0.7796658436754218 0.6163894891762978 0.14750004631872748 0.11488972267624523
6 0.6541820384653538 0.7951962661072691 0.19526557402620526 0.4025897105759967
6 0.642054411915168 0.9381968323640478 0.09913532092583352 0.11617042154477701
14 0.6320630976043631 0.6328689829297819 0.05782111621110371 0.13467498184962742
14 0.11106354694240932 0.5835705032214538 0.12846756410140792 0.24286927693097127
14 0.5970374342459623 0.5799621515476927 0.03964900496239885 0.07989657825883115
13 0.29542143031702084 0.5660961360295987 0.11297949710451585 0.1115647347764936
3 0.41998478267438577 0.5747439073032293 0.12755141935425698 0.12258404800821018