21 0.8586816029765373 0.6761447756450724 0.2826367940469254 0.4985660483856423
11 0.229482332088976 0.7581634487188736 0.17163536724456102 0.23718328453190338
11 0.676016922040344 0.5283195134439633 0.0468065334984459 0.067662688998964
11 0.7321791848606256 0.5742462894988112 0.04255568114108108 0.0768193651776464
13 0.8551928457378271 0.47534640901968384 0.14757282092583351 0.12224748924663302
6 0.8203235018575177 0.7016756226257538 0.20489743920385167 0.44921240363849113
6 0.8673526672828331 0.8372834828410014 0.10251718610347993 0.15912675103345747
14 0.7245100800220614 0.5440686379272346 0.059383616211103704 0.13684933664159898
14 0.2184313620727653 0.688996071754403 0.13166533870851377 0.24935364474715094
14 0.6696384894515208 0.5090429745688339 0.04121150496239885 0.08143409057054055
13 0.38212568093168414 0.6062091887940763 0.11454199710451585 0.11603172249741008
3 0.5024724141824611 0.5677202694398193 0.12918669396136268 0.12918669396136268