11 0.5258469660369458 0.5727806060769092 0.07084883118569749 0.09546235731976367
11 0.02400721008501748 0.5017637071959291 0.04310562626704139 0.15977741439185814
10 0.5409316105525557 0.614878214844415 0.03783634328594587 0.05955909057054072
9 0.14575039987836302 0.48478387655018595 0.2876101260706496 0.3008177531003719
6 0.5371344448615111 0.6334462783266502 0.19894656010845857 0.09674237510244374
6 0.32850433342519264 0.6174808682780183 0.10507838544042354 0.07206339867609231
6 0.5895418273750683 0.6468217276646965 0.0941136143631848 0.06686647642635143
6 0.8860698310875016 0.4216955649254682 0.22786033782499687 0.143510367244561
6 0.31320606547121177 0.5386645095105127 0.13946247579950316 0.0752269400324213
19 0.14727653844204455 0.47860665115729184 0.12951582493918154 0.24503001778268024
19 0.21779811670087573 0.5178190084770554 0.1214760659621911 0.20560364474715093
19 0.0723038095192834 0.47980097001621064 0.12002265027114649 0.22428087014004525
14 0.40245037265280403 0.5740626621155466 0.06812380698520074 0.16406680810555194
27 0.7306986133812261 0.7447776923042236 0.18382152985783762 0.1819521290313853