11 0.53203125 0.54296875 0.0546875 0.0828125
11 0.01875 0.603125 0.0375 0.153125
10 0.55546875 0.5796875 0.0265625 0.053125
9 0.134375 0.55625 0.26875 0.2375
6 0.55546875 0.59921875 0.1921875 0.0484375
6 0.35 0.63671875 0.096875 0.0484375
6 0.60859375 0.59921875 0.0859375 0.0453125
6 0.86953125 0.3 0.2546875 0.08125
6 0.31953125 0.56328125 0.1328125 0.0421875
19 0.14609375 0.54609375 0.0828125 0.2265625
19 0.22265625 0.5671875 0.0828125 0.1875
19 0.07421875 0.56640625 0.0765625 0.2078125
14 0.41328125 0.575 0.0359375 0.15625
27 0.765625 0.659375 0.15625 0.14375