11 0.9146507637054301 0.7846149412908442 0.1706984725891399 0.36000103558899427
11 0.5662753634229505 0.682917201139495 0.14713063335454457 0.1621710306460784
11 0.967861851368544 0.6197831201500368 0.06427629726291215 0.12630251482874755
11 0.711760038749178 0.6365263152836705 0.08106928134945371 0.12199701680591399
13 0.8482333407463145 0.6210034274506798 0.20670562802354447 0.18177787650146532
13 0.4686094754137236 0.6110010973754427 0.21117604670590726 0.2975302104938541
6 0.8134685367599956 0.7203203365382087 0.13481135200509087 0.04297536167271758
6 0.6736066054264502 0.7130596403788108 0.6492203920273623 0.2279206364244782
6 0.623288979431859 0.750834213002493 0.5311056440165446 0.1434581117098986
14 0.5642037860836779 0.6391035341433005 0.07409312269254435 0.1935536818249421
14 0.7472339147437692 0.5981469061961416 0.048511320019090046 0.1425350098858317
14 0.06223330076381371 0.7178215113687065 0.05011018268618093 0.14572367688202625