11 0.860838964635348 0.8259986321225179 0.1506725675636126 0.3480027357549641
11 0.5244050226320491 0.6933404799851537 0.138648626022532 0.15391729534115867
11 0.9444507496707957 0.6707549875599271 0.07845527210332363 0.12268058344622812
11 0.6763456073509275 0.6613988404551747 0.07358591567683312 0.11618492198083885
13 0.8141183919906636 0.6592299101065928 0.19677937476889085 0.16788462008095947
13 0.4367890138565606 0.612069468565193 0.19398464687221448 0.28630707146044043
6 0.7675268853267461 0.7545933197629597 0.13358538981258547 0.033522908186028745
6 0.6280695802330388 0.733983169378847 0.6448986260225322 0.18044873360319827
6 0.5739216378340286 0.7663552561044356 0.5303527412245114 0.10424035843385618
14 0.5280217676174843 0.6497133107178483 0.06170569279472175 0.19044793758467105
14 0.7164537818032493 0.6275085193334184 0.0384213054894186 0.14086401741285465
14 0.018546445368511202 0.6777055981455492 0.037092890737022405 0.14407090456798421