11 0.23974195772757953 0.790601275160508 0.18173118275429 0.2405273628234877
11 0.8865053742398008 0.6260021761301475 0.13750497840045384 0.1366932508107789
11 0.8587920580903992 0.7928078465848427 0.16227683302444262 0.3541807597392328
13 0.7446353327699885 0.6368151708551417 0.2161408990890262 0.19740465421934558
13 0.3592608279606651 0.636342243503883 0.23117067676384034 0.314783068991998
6 0.9390425863981855 0.5542186793765584 0.08655754809323427 0.06397277110331831
6 0.7281893880347989 0.7272083457740639 0.1641369110699257 0.04971144805083529
6 0.4932712402117171 0.6715139046230874 0.08266865626060227 0.04204322402541756
6 0.9442757234214941 0.5386754999934095 0.07609127404661713 0.0325591298696164
19 0.603655668704838 0.6445168023496112 0.09698910580511537 0.13910913879807013
14 0.24547609175566318 0.7383257090078839 0.12421134863353922 0.2926159683433749