11 0.20888270071524356 0.7330154392790122 0.16698855386194272 0.2440215577372161
11 0.8728542971244474 0.756067675489548 0.13044199980360816 0.1372409367187636
11 0.8127212939029935 0.8652727443853923 0.13931807181592362 0.2694545112292154
13 0.7328878272768726 0.7268289545699176 0.20577834308955403 0.19942168927901208
13 0.356597517168414 0.6174421891378379 0.212719210379605 0.31853571032569955
6 0.9443974990180413 0.7032226675264531 0.0940954336450254 0.06483531570031094
6 0.698222456667172 0.809156336182301 0.1627454396951496 0.05165204721387227
6 0.4804122670702181 0.689475354809914 0.08146816861791084 0.042232273606936134
6 0.9505656857863247 0.6895241885731405 0.08141362646343282 0.03285727360693613
19 0.5936844267111384 0.694510736281123 0.0882908612399266 0.14103379465362345
14 0.2249980592246958 0.6839709945265666 0.10636921642972927 0.295159852532014