21 0.8440151774883295 0.7544080726520365 0.2797810575344826 0.43747627516050824
11 0.5930868264721152 0.6564962727314667 0.06681909012915473 0.14952844155801373
11 0.4229083702830513 0.5743537487854793 0.014653533386094963 0.02055796185055314
11 0.7104250906578802 0.6224331440796664 0.030261813011265914 0.07392842370110611
13 0.38616688822973994 0.5757759269508123 0.040136918184115446 0.09127956493480802
6 0.7726941069552161 0.763461518674277 0.14486048825501036 0.4163807508107789
14 0.7096127484171544 0.5966791676186167 0.039574628529814505 0.1256272913958579
14 0.5937376958307297 0.6072911595009419 0.0658476235152495 0.16981366801906325
14 0.6214595305496079 0.5669837593387861 0.03223348997087001 0.0880181972400564
25 0.5422183114284204 0.5262008465947285 0.1032279515702104 0.11268300649282174
13 0.8908998523363627 0.5654040738698525 0.18937605172849495 0.17509327759614007
10 0.2252604804704657 0.6043527146932222 0.16137072367353414 0.23238758035608367