21 0.8127577860689044 0.8214141127068618 0.37448442786219116 0.3571717745862763
11 0.5918266468776098 0.7002134640754056 0.09873182835784533 0.15574201734563572
11 0.44728435153645113 0.5642385067234065 0.018415807326946164 0.023637494668999892
11 0.713207001920564 0.7070912674251776 0.04619997060135787 0.07705339600572696
13 0.4115548914505429 0.552891926718634 0.05960072930778502 0.09438634667409058
6 0.7383442000206846 0.8245209313733163 0.2312521585247131 0.3509581372533674
14 0.717365557438488 0.6821549020925867 0.0675703595655099 0.12727157200827238
14 0.6042137822237172 0.6535111867440874 0.1012769742194024 0.17451019867918127
14 0.6401579262762519 0.624260038749178 0.05154256784239593 0.0896079400063634
25 0.5726971093383673 0.5586708540738148 0.1269453595655099 0.12796246268299924
13 0.8943198459400421 0.7155593901177218 0.21136030811991588 0.2072510680299077
10 0.24934814054603174 0.5268004993634532 0.21005883197589004 0.253853348026726