11 0.8216888729738564 0.8620143993480817 0.21321928493120837 0.27597120130383673
11 0.7815400773276929 0.7664441696373258 0.13341767912609298 0.15379893019392804
11 0.5075693531884086 0.6873980032431156 0.10809029691210785 0.14398755357072252
13 0.28576132977476365 0.5920643636342666 0.2651835782151191 0.34973081330995515
6 0.8512003020999493 0.7191930685816657 0.17616568511654265 0.08115236282348767
6 0.11274792650938628 0.6664352978886796 0.10035220798203355 0.1906989123370204
6 0.39170874021171714 0.6697411245913153 0.08305060217691826 0.05298072402541774
6 0.9062598243324681 0.7318800292144025 0.06402778366526399 0.04484094155801373
27 0.6497915695231447 0.7336571688265469 0.2244990361123346 0.21316602191409723
14 0.5444617179791985 0.6606815446389734 0.06735616950744613 0.14015344155801354
14 0.05862099873405564 0.6449227621748646 0.11724199746811129 0.3085955243497292