21 0.819333706959451 0.643437813770066 0.32020370653952135 0.20543993102595035
11 0.8583418102292114 0.5507490247604855 0.10630303262324503 0.15992827792830405
11 0.048835523157342506 0.6844812206013579 0.04817751482874762 0.07268722749876275
11 0.9209200646778358 0.5328898173881106 0.12683570851668763 0.20466092378986112
11 0.9413280651721273 0.5316106004047974 0.0837276956651067 0.14159435775648763
11 0.05197115753029215 0.8380975435321364 0.09297004448624284 0.21535940637700648
13 0.6737612217881985 0.5653460340327395 0.10471135771838505 0.12086577792830404
6 0.6813814263133724 0.781830849161602 0.17390702669174568 0.13540631275401332
6 0.5111537924347145 0.61710885063194 0.051146005931499164 0.030745388964152198
6 0.6591456234613536 0.6358256303692664 0.17336851581733087 0.08392569990914289
19 0.15371934133240048 0.754044569482076 0.2888687707974277 0.49191086103584797
19 0.4159911896592453 0.7045059520568495 0.3274564269192073 0.459963656715691
14 0.3998223615983556 0.6786051933504222 0.17297056228073995 0.30374687697836456
14 0.13078586011548082 0.6715518526681049 0.13872821345960357 0.22867163387576941
14 0.2927075399632565 0.6174043424913396 0.12109504448624282 0.2168333751693421