21 0.821875 0.6828125 0.31875 0.115625
11 0.86640625 0.59609375 0.0671875 0.1421875
11 0.0453125 0.57265625 0.03125 0.0640625
11 0.9453125 0.5953125 0.10625 0.178125
11 0.9625 0.59609375 0.071875 0.1234375
11 0.0171875 0.7234375 0.034375 0.209375
13 0.6828125 0.575 0.078125 0.1
6 0.64609375 0.78828125 0.1515625 0.0921875
6 0.5125 0.59453125 0.046875 0.0171875
6 0.65390625 0.64140625 0.1671875 0.0359375
19 0.1328125 0.66875 0.159375 0.46875
19 0.4015625 0.6625 0.21875 0.403125
14 0.390625 0.63359375 0.096875 0.2796875
14 0.128125 0.57578125 0.08125 0.2078125
14 0.2984375 0.55390625 0.065625 0.2015625