21 0.7988741089699762 0.7732632507249158 0.34237601687504104 0.19414978292387647
11 0.858755051258095 0.7000818149898231 0.10222224282842376 0.15594377461060632
11 0.05699411069925675 0.46993206677218974 0.04771330290255767 0.07006845909205772
11 0.9306932443684452 0.7195197882676457 0.1386135112631095 0.20105769780928656
11 0.9508383360196675 0.7246846613871839 0.09832332796066509 0.13880173871722884
11 0.03143609390903378 0.6096705166930475 0.027733163516996395 0.21309103338609497
13 0.6823810350160263 0.6332938171013941 0.10247521397248338 0.11848923871722886
6 0.6057714389143759 0.8308614873970808 0.17306053248413758 0.1283476235152495
6 0.5113864887368906 0.6088069794795219 0.050927582939624474 0.02801735141192587
6 0.6414584238534334 0.6906373041692704 0.1728224303072194 0.07683058762187223
19 0.1375124791182438 0.5854410579967011 0.2515625662342196 0.4990071159934022
19 0.38939492684865834 0.6466215650563301 0.3185665277596321 0.4510075366848
14 0.38442468465320667 0.6160391547897733 0.16807047603820086 0.29834187476889085
14 0.1374182206807233 0.4933444862099464 0.1342559820286507 0.22399509263643722
14 0.3091121714063627 0.51551030588513 0.11674109981466554 0.21411998746358768