11 0.018117106763888627 0.6677750904181794 0.036234213527777254 0.08421317391627667
6 0.04855041594072855 0.7362677638401645 0.07223998233256952 0.08567751482874755
6 0.1259149625778467 0.604135696159398 0.04531380642076392 0.06897017589344294
19 0.2910834080569439 0.7218696828135253 0.3224673328250004 0.5562606343729495
19 0.4828533339687494 0.7102238700756747 0.31538218464861156 0.5795522598486507
19 0.8042386779085758 0.6904245895039584 0.3746480818750701 0.6037695761209043
14 0.7950461690748606 0.6486045040286947 0.19648279502159766 0.39357753954332714
14 0.09796984090260359 0.6960539407221905 0.12580531268902803 0.3079636917107738
14 0.29657230148368 0.6298572322426839 0.1815461664125002 0.28838070357377177
14 0.6500986514074301 0.559807306386422 0.15636432845659734 0.27954953163466156
14 0.4659405505337496 0.6101707678316781 0.1248233877271531 0.2657761917107738