24 0.7356035513309092 0.7109734258565926 0.09199001966934951 0.18394098917643334
24 0.019586229381289268 0.42678714339797597 0.039172458762578535 0.2535742867959519
24 0.4378504204553645 0.533864812765042 0.16569416490013966 0.22369560172966155
2 0.667156279069609 0.6473332094072322 0.07369418693190921 0.11884854978269364
24 0.7123891752656236 0.6237150687140492 0.058164867381071315 0.10795914177422124
24 0.536804025010907 0.596367178564681 0.06124817598179591 0.0934849025966893
24 0.9112782631454776 0.715386466979994 0.07818894626273908 0.1522909772718286
18 0.24118381649372264 0.6316494713173292 0.4823676329874453 0.38413227596799165
13 0.8576296893227597 0.467662168279437 0.11257798128709208 0.6445758441547029
13 0.8691245052156278 0.4753174821321082 0.09742682457342403 0.5670924989167646
23 0.11084649988334219 0.2953758679639129 0.07818894626273884 0.1522909772718286
12 0.5841408406135975 0.6405846477199333 0.03394290798493371 0.11969548268361194
12 0.5017415659627866 0.632812601725268 0.026922126010252408 0.0799303257572762
24 0.21018573600021498 0.4840471769453201 0.28154789772621996 0.304306312767239