21 0.7536848492410659 0.696623586818541 0.456467447679454 0.5522976903481949
21 0.7310206234613537 0.5824162696642008 0.3679010603035735 0.29422931078916703
13 0.5333298813700191 0.5495531375397217 0.08057352076024671 0.1002195119678472
6 0.6337662800774246 0.6322909427262147 0.1939595415204934 0.2012027433504862
19 0.5306797252482396 0.49966224031326345 0.09714820851668762 0.20051045269729179
15 0.9246963220922098 0.4381272879003121 0.1506073558155805 0.8762545758006242
14 0.7288771447158918 0.481780490028923 0.0878660504177418 0.24088087955902787
14 0.7684980602292115 0.4863218664538188 0.09067271543676991 0.23314111474138902
27 0.3299276501530993 0.46530934337114555 0.16867038144438115 0.23183449430041686
14 0.40745047228249004 0.5165795962209371 0.05649403361182799 0.1605387629177777
20 0.12366169859367493 0.5648593209540624 0.24732339718734986 0.1671563580918752