21 0.7666834733114231 0.7066327930141203 0.4475764355985422 0.5747695438281946
21 0.7481718222852425 0.5953271002382907 0.37744054787138914 0.3127138287312306
13 0.5471548361529509 0.5683713137136969 0.08521276101791671 0.10457049756436802
6 0.6547296403895133 0.6476242114402206 0.20167552203583358 0.20968646590774292
19 0.5404879152751384 0.5190161960189451 0.10625391926229177 0.2033352800317722
15 0.9134182286297566 0.446587411519651 0.1731635427404868 0.8636103068171334
14 0.7372362819163885 0.4943140251572128 0.1009131090418057 0.2422886858759707
14 0.7769891129384371 0.49891575040044656 0.10229377108590292 0.23450345941492098
27 0.3364004805296177 0.4896621124164507 0.17892900626826408 0.23896486282348767
14 0.41888501899861064 0.5387774967502938 0.06464699430041687 0.16043866801906326
20 0.13239879212654493 0.5961773449665803 0.26479758425308986 0.18136264285525988