21 0.7567912375639864 0.7787800872607716 0.42152303369405536 0.44243982547845667
16 0.6921411601106522 0.9297348891610706 0.07786605042954128 0.058180681141081436
19 0.5651337613084191 0.5886282380037787 0.13866851085413395 0.29637419396136266
6 0.7356078770939654 0.930871280188677 0.2666563127540133 0.13825743962264597
15 0.7250886154468621 0.614874022535682 0.11410668136463471 0.5415026033908221
15 0.6516444713943274 0.5816933413946008 0.06670497964646938 0.32107878742738744
20 0.113781459747224 0.5284782185684685 0.227562919494448 0.20070643713693706
14 0.22416792458283066 0.51949282444049 0.047755826548823065 0.10821491439185812
14 0.9220621127333285 0.6968818095487848 0.10674348145549147 0.371262877997928
14 0.8901846709647859 0.6476245181924559 0.1128297071452323 0.3684289764263514
27 0.3532755704443877 0.5067103422231705 0.11484815128862395 0.16901117328319834