21 0.8254348484842335 0.7762372841176186 0.3491303030315329 0.4475254317647629
16 0.8056002990707449 0.9173997090534467 0.07457727611928178 0.05491013192686935
19 0.6267671336486268 0.5833050372179904 0.1227978493887445 0.290958947890304
6 0.8547714614406452 0.92683875165263 0.25777263568479186 0.14632249669474007
15 0.789059093734535 0.6017747090534467 0.08598168136463454 0.5401926604629168
15 0.7111454556748942 0.5724275033052597 0.049517479646469374 0.32027826674922294
20 0.1526745364075888 0.5487543312649157 0.25769074852966195 0.18813366252983138
14 0.27887186623577226 0.5328104617440431 0.04142393939369331 0.10636131596343468
14 0.9765126696059896 0.6730633198878669 0.046974660788020726 0.36889985731976366
14 0.9554443744341732 0.6252229793173264 0.08911125113165355 0.36443068114108107
27 0.40412417175369625 0.5137052049196175 0.10678998982323477 0.16395980024766904