11 0.4409268091838353 0.5791549820575883 0.02806281551854859 0.05187158267027261
11 0.654307347584495 0.5582083247533142 0.023147994985435006 0.04400453866963616
11 0.6393643091838352 0.5814640114178597 0.016716138558944316 0.03768181333545435
13 0.7211084026782023 0.5457088720957683 0.11921666442319179 0.12478291868236298
6 0.2401121184341776 0.6830323180299077 0.4338989415410805 0.20341918539145176
6 0.7338514097378314 0.7957725067631773 0.1820422395086517 0.4051067653564534
6 0.8278966456185733 0.6281861121100858 0.34420670876285336 0.09149989337999784
15 0.8718656059642722 0.3319110961170856 0.14060621192854442 0.6451681440165447
14 0.27857757336960026 0.6092862827020893 0.0493588054894186 0.13958975867281787
14 0.48822770651826825 0.540656103397497 0.03173338479802066 0.07065794533736351
14 0.6381056860642971 0.565048670751087 0.025528848904643197 0.0721477200031817