11 0.4309398624870501 0.5563123899113546 0.036922111248705036 0.05548758700597212
11 0.6431338014860141 0.6049538309251394 0.030235463606069858 0.04596711664125017
11 0.6220957094677315 0.6224134346486115 0.023694365177646403 0.03957164627652787
13 0.7115028118250963 0.6151295711414936 0.13921666542531544 0.14059124525034736
6 0.22721770305759068 0.5890300516711113 0.4123716832079958 0.2749351033422226
6 0.6488894576057046 0.820589829406528 0.25162258188408837 0.358820341186944
6 0.7915970343225064 0.7262502155181604 0.35208053846084475 0.1533497376509029
15 0.8951883755167287 0.44969032835968825 0.20962324896654252 0.6721698599917364
14 0.26436879259467394 0.5321449252462156 0.07537248924663302 0.1437876740119446
14 0.4877335179875681 0.5357829907850351 0.044045406533975394 0.07438305737069442
14 0.6252742133966729 0.6068793536265631 0.039357906533975216 0.07427395459715277