21 0.8417849197962612 0.7652438137361819 0.2907896682251273 0.30528585972519606
11 0.3985354104264873 0.531996775402029 0.055123837235821684 0.07659124373179385
11 0.44522860324489494 0.5646106986007094 0.03790906615858276 0.0714036385589445
13 0.7100627420049681 0.7082770967265652 0.11651585518980241 0.15648934389007838
6 0.8599576819947053 0.865008133015654 0.2296339996072163 0.26601275956691134
19 0.3257700761175319 0.5486326944440745 0.050445427594901206 0.07801735141192587
14 0.12225575331964969 0.6934354144231918 0.24451150663929938 0.5743708288463836
1 0.6269553262157277 0.6222510170222518 0.12445562021691714 0.1785916644231918
14 0.7607445189359395 0.5925444481384912 0.06989538524403187 0.19887542069139813
14 0.7943928110904173 0.5841469264308787 0.04142495159900648 0.13868206677218975
1 0.5360354104264873 0.535997616784825 0.08333974082661796 0.09303459765100222