21 0.8494127239020045 0.7268656071347102 0.2783090027052708 0.2859749031980128
11 0.3970069812619578 0.5281265626425414 0.052398841343090474 0.07217498184962742
11 0.44511721725813985 0.5565333637740095 0.03361247867599957 0.06894089754067192
13 0.7155740732415952 0.679990086253863 0.10953972668681722 0.1490647347764936
6 0.8724860498886414 0.8254440077004442 0.21853401336727102 0.2512544695529872
19 0.3248774425923216 0.549583406124879 0.04774770401018138 0.07527271077238851
14 0.1193568853039559 0.7116465480082101 0.2387137706079118 0.5576680960164204
1 0.62899223058564 0.6005747761454044 0.1175885840229082 0.16942268657189175
14 0.7614961952578216 0.5607179114876322 0.060085166693180626 0.19564884328594587
14 0.7936547145926397 0.5499667638487643 0.03441245735199914 0.13769089754067193
1 0.5338075472629124 0.5218907190620079 0.07914315467854482 0.0879545179539809