21 0.7691546159756599 0.7391024468396099 0.46169076804868003 0.503412741068251
11 0.4245935304882991 0.5795458092560606 0.081325348023889 0.13886367694751697
27 0.13015385267663246 0.6222005081176748 0.24626981515757002 0.6493489837646503
27 0.3228283958952781 0.438295292209932 0.04549564437666671 0.07576365909060953
6 0.5820495398906952 0.9308474362863031 0.06370143692972227 0.11981366801906326
6 0.2890015226045144 0.5967623571447402 0.21686541736243078 0.25836942775829586
1 0.721343856760695 0.7033246339333966 0.224571427430417 0.38813874837514695
15 0.6668187045002435 0.6440956842577081 0.05966985999173637 0.21501707386326174
15 0.6904347764042364 0.4834621473260773 0.10782295136611157 0.5391636858759707
14 0.5352420493900005 0.6659315482990119 0.23856641793111172 0.6539001160698985
14 0.3394002596867366 0.5458623303593789 0.09135627108590301 0.23431254464226878
14 0.8891469929692366 0.5925393181878096 0.11671994699770849 0.25037392126547414
14 0.6175421370615629 0.4745741168872681 0.04847648043270851 0.13672843262955983
14 0.8343146758148963 0.6208512788205466 0.08405161094166687 0.18889095048646745