21 0.790625 0.74609375 0.40625 0.5046875
11 0.421875 0.596875 0.0625 0.13125
27 0.10625 0.67421875 0.2125 0.6234375
27 0.30703125 0.4671875 0.0359375 0.071875
6 0.61484375 0.9359375 0.0453125 0.125
6 0.2890625 0.628125 0.184375 0.234375
1 0.7296875 0.6890625 0.171875 0.365625
15 0.66953125 0.6359375 0.0296875 0.2125
15 0.67734375 0.4734375 0.0296875 0.5375
14 0.54140625 0.67578125 0.1453125 0.6453125
14 0.334375 0.57265625 0.059375 0.2265625
14 0.88515625 0.5609375 0.0828125 0.240625
14 0.60390625 0.47265625 0.0296875 0.1328125
14 0.83359375 0.5953125 0.0578125 0.18125