21 0.7853313482129911 0.6787684747193486 0.4293373035740178 0.5947237101832133
11 0.4361451948011291 0.5962271228491958 0.07252165665497756 0.12697156615858277
11 0.48094345170098807 0.5222765384420446 0.04977390340856669 0.0768443011314682
27 0.48770592045139993 0.4621657402374426 0.04174321509696401 0.06429884933607007
6 0.6953640564068009 0.8125571465587134 0.1745319902574721 0.3322317587805987
15 0.7108434115229463 0.44627816158582795 0.1337548060030592 0.5022897287263695
14 0.5713071732907737 0.6868127075018368 0.259346915580136 0.6263745849963265
1 0.6305985783241935 0.548144667734148 0.152037607141445 0.20711358411256367
14 0.6765638689092723 0.45154692368607635 0.055225062499176046 0.12062157220870695
14 0.2971684695578955 0.5555788760706497 0.0422886858759707 0.09554884933607007
14 0.7693962512145207 0.4442753000513136 0.058431883116027275 0.12532725292686636
14 0.3279548193957397 0.5291981832522421 0.02757162094116259 0.05796703610435365
14 0.9374296363624381 0.5327797847296114 0.1251407272751237 0.35545109016268805