21 0.76875 0.7359375 0.39375 0.521875
11 0.4078125 0.5765625 0.046875 0.11875
11 0.46875 0.51328125 0.034375 0.0703125
27 0.48828125 0.45625 0.0296875 0.059375
6 0.61328125 0.83984375 0.1046875 0.3171875
15 0.7109375 0.4859375 0.01875 0.509375
14 0.51953125 0.6921875 0.1234375 0.6125
1 0.609375 0.56875 0.1125 0.1875
14 0.67578125 0.48359375 0.0296875 0.1171875
14 0.28125 0.50859375 0.021875 0.0921875
14 0.76875 0.4953125 0.03125 0.121875
14 0.3171875 0.4890625 0.015625 0.05625
14 0.9296875 0.61953125 0.08125 0.3453125