21 0.7895709646054556 0.6982384311415514 0.4208580707890889 0.544564386023476
11 0.42632944245775495 0.5537093396662645 0.05263890507947586 0.12285100180902227
11 0.48664689436452074 0.4879338534610744 0.038392866604888456 0.07219590456798422
27 0.50499510108061 0.4306193204443877 0.033323420688572546 0.06101274310259512
6 0.6363865218540005 0.8088118402320914 0.12206849527549454 0.3245639880142125
15 0.7280432206807232 0.4525850944159629 0.04591276695985904 0.5108489687923357
14 0.5405779701325691 0.6651237952296171 0.15581853501602633 0.6211047953411587
1 0.6277282513507624 0.5384583966545265 0.12222720798203354 0.1951221494796016
14 0.6927778432760616 0.4513025554063823 0.03534227767481415 0.11882524310259512
14 0.29887407585286646 0.4899478120766446 0.026656758437520446 0.09341580732694617
14 0.7862103847458739 0.4597115196761621 0.03706846878180663 0.1235946302577247
14 0.33415681142489617 0.4693144075086604 0.019151793283910833 0.057150758706427315
14 0.9492510764858386 0.5787437234304923 0.09961314191744997 0.35146068068726616