11 0.3575825366660411 0.616226005460949 0.1107232137152085 0.1928056444174139
11 0.9605283115516663 0.4931542033475223 0.0589412017473613 0.11595225292686635
11 0.08917868199263841 0.5662204185197149 0.08357752583555564 0.10047269867214012
27 0.043128484898020666 0.5190272559519283 0.08625696979604133 0.2599295119038567
6 0.22368096856177036 0.5615334394005621 0.21929682028847228 0.0918885599120669
6 0.14989797644555508 0.57594994252382 0.06526263050895835 0.051935204722264317
6 0.17577014542350647 0.5721936834486337 0.12027743882958335 0.06631586729005097
19 0.40562260600458294 0.49930212587425793 0.10825152393569457 0.15373405405833437
14 0.8559466482732979 0.6558491251868869 0.2665810087368058 0.5795976381708983
14 0.3580923361529509 0.5607527102814093 0.13001872758291685 0.21635222872636942
27 0.4989732157119787 0.48343675223949517 0.08772081838861112 0.14424087939029934
27 0.5736829281929163 0.462774794295777 0.10171058320625015 0.14119769262201592