21 0.11640625 0.64921875 0.1421875 0.0390625
13 0.3625 0.55078125 0.178125 0.2609375
28 0.778125 0.603125 0.440625 0.13125
27 0.0359375 0.66015625 0.071875 0.3328125
6 0.35859375 0.65703125 0.1796875 0.0578125
6 0.36875 0.678125 0.203125 0.01875
6 0.36640625 0.63984375 0.1515625 0.0203125
6 0.6328125 0.67890625 0.73125 0.0265625
6 0.51796875 0.7140625 0.9609375 0.0875
15 0.2015625 0.36953125 0.034375 0.6203125
15 0.2453125 0.36953125 0.11875 0.6203125
15 0.24765625 0.371875 0.0328125 0.615625
14 0.37109375 0.540625 0.0796875 0.178125