13 0.5042583586307041 0.5187319873399305 0.356468321043543 0.5181856417827913
6 0.6809572347694215 0.7501353638318164 0.5862500132468439 0.13238246260359965
6 0.5124354132625424 0.7311031847232121 0.24475199400955017 0.08754331555913666
6 0.16261895173712976 0.7015793685993781 0.29335318511654285 0.09505197867096396
6 0.5294492984717524 0.7574003742139859 0.2761458377489479 0.04882942605424532
15 0.3307266333102935 0.3785359817253229 0.0999554593327959 0.7570719634506458
15 0.801237540752022 0.3868247507764589 0.08132945570459889 0.6768046946818584
15 0.7581795107149552 0.3706192529837718 0.08989097857008961 0.7412385059675436
15 0.4365500473754441 0.3694914225668081 0.09203383192813419 0.7389828451336162
15 0.38234369701262433 0.3777701422769014 0.09704871414211932 0.7555402845538028
14 0.5291021020072822 0.5664036478915092 0.12559031015895172 0.24745039462538862
14 0.6969766266868715 0.40303285067763683 0.027455366604888454 0.07176858418674961