13 0.5122125626820615 0.546875 0.3933554757185981 0.5234375
6 0.6986799454350182 0.7703125 0.5621770542357772 0.15
6 0.5396459262346883 0.75859375 0.24960284639736088 0.09375
6 0.18552672756747185 0.7390625 0.29831313103709695 0.103125
6 0.5592310005287254 0.78359375 0.2781992078384164 0.05625
15 0.32402590406485754 0.409375 0.16111259171200035 0.7578125
15 0.7975316002247915 0.40703125 0.13512910174113024 0.6703125
15 0.7498897220906885 0.3796875 0.15334555581862297 0.759375
15 0.42850045539764103 0.38984375 0.15316369939213229 0.753125
15 0.37577026049134826 0.403125 0.15816944813849104 0.7640625
14 0.5413173894833812 0.59375 0.14472879295300628 0.2484375
14 0.694619548892008 0.4265625 0.0317788489046432 0.071875