19 0.5669865040067152 0.770133928096007 0.5631895469969258 0.45973214380798594
11 0.4552652648064884 0.8373214280960071 0.33974706859647236 0.32535714380798597
28 0.1512449752355927 0.4828157660519099 0.2327381551642939 0.45036759517409736
6 0.2773362161651 0.7007689450978475 0.2747321598887994 0.13285409327423636
6 0.34037192950461115 0.70927308254066 0.1464236214142119 0.0799083183886113
6 0.18576879737544402 0.8554181178755209 0.37153759475088804 0.1702112357510419
15 0.5005827763240518 0.465144488885174 0.2544792682258034 0.7599971683123613
15 0.5539260311333752 0.46013098698531296 0.2508631949048256 0.7458619331300002
15 0.6045163081752172 0.46678168369868106 0.24801101341648 0.753601697947639
15 0.8983357408446893 0.5611915260229869 0.1950348355563314 0.846042464665139
14 0.5160043573647599 0.7994590586049655 0.254975253713015 0.40108188279006907
14 0.6463044709744235 0.7031016966164589 0.15754963828925295 0.2643924211621528