13 0.77890625 0.5598629976029041 0.4421875 0.6086427599230128
28 0.27578125 0.6104559748283102 0.178125 0.4369455375661605
6 0.83203125 0.7901526754735134 0.275 0.13308039133021285
6 0.47734375 0.7569502673373865 0.2609375 0.11688238836446345
6 0.83984375 0.7600022604544854 0.2296875 0.09842154844057553
6 0.5296875 0.7372081117098988 0.375 0.16528007908665393
6 0.8515625 0.8128235129259433 0.296875 0.10897172927693433
6 0.8484375 0.8048836789335546 0.303125 0.15297639726171183
15 0.56875 0.4395810366147585 0.1765625 0.7478193705699662
15 0.6671875 0.41077955737500516 0.175 0.7743182035737718
15 0.61875 0.42677463049297903 0.1796875 0.7698217045623551
14 0.8140625 0.6136392550172779 0.15625 0.27042919961943923
14 0.97421875 0.4209463721272031 0.034375 0.08265067391627667