11 0.8319517835191089 0.9358920708946137 0.1752226235152495 0.12821585821077264
11 0.1997436549227874 0.5839976209854706 0.10996133636823098 0.1867364393936935
11 0.06042170830063494 0.6551245912481443 0.12084341660126988 0.27274918249628843
11 0.5026389858807421 0.5271046483479479 0.04423338479802066 0.07252345318850324
27 0.31456467286947604 0.5907975768875074 0.23099656505633 0.3787335888732951
6 0.09465195579335248 0.5568851650834339 0.18930391158670495 0.16377033016686776
6 0.6830656541313646 0.893475519560561 0.19307536473976086 0.21304896087887784
6 0.13261599089530698 0.5515292797373265 0.10571645407749282 0.09446705223856355
27 0.635945579375109 0.5708656936891066 0.3404290525199176 0.49367691542211817
14 0.21397129097444925 0.5252777182265087 0.10325669530200417 0.17078389077317446
14 0.057439112298985476 0.554878929782755 0.11487822459797095 0.3066328595655099