11 0.3115278186321685 0.44752461669005755 0.023594008897248563 0.04333392017181659
11 0.38939815064739103 0.4496802589335699 0.02021434091247105 0.03692014586155708
27 0.02343354692051974 0.6085594504749698 0.04686709384103948 0.5328810990500603
6 0.08779188829010129 0.5239553991409174 0.13134284190105416 0.047421633875769406
19 0.2532312044879929 0.5963615863869041 0.25819177376317726 0.5202593475797223
15 0.7731205291260226 0.23700984057077568 0.06000894174795483 0.47401968114155135
15 0.11814386904991044 0.21976972778167622 0.05226542593062402 0.43953945556335244
14 0.28393471783386576 0.5316063675945687 0.14407624113993248 0.3599216338757694
14 0.18650130232054615 0.5312555647901782 0.09439989330737926 0.2887150192218769
20 0.5208391516359742 0.43811423790267073 0.17265222729976806 0.29593437697836433
28 0.8445658117120862 0.45233170963568237 0.2762335306460784 0.1594789778374471