11 0.15724360696351808 0.6976800948512676 0.05105124491161735 0.08241765785015538
11 0.9284867639063515 0.5359987271695228 0.08402087516934209 0.11705026308359248
11 0.9664659622336149 0.6289527956418439 0.06706807553277017 0.23689232622365458
27 0.3189147693334185 0.7172583055299031 0.38155977498762805 0.47396520492285354
6 0.7890015400256334 0.595842705981661 0.058215291723113974 0.04077618942018653
27 0.6499766615769309 0.6196126769012915 0.2435950282669884 0.3381957629424182
27 0.9348369643255505 0.5017679403378198 0.13032607134889887 0.18705892619541978
19 0.7351495217082678 0.5402066269859962 0.07989994120271575 0.157311242036905
14 0.8346415886461525 0.5994535533931774 0.09929175033868418 0.23009629465362344
14 0.8650007960185272 0.5357781902672325 0.06583744120271576 0.15649219468185827
14 0.9854306462002412 0.581630474609274 0.029138707599517488 0.3047476841585148