11 0.025999843752059555 0.6411262890095806 0.05199968750411911 0.08567855042954128
13 0.3335439679429283 0.6561216887163248 0.1563511858759708 0.10341932835784533
13 0.4908594103117208 0.45274330393604423 0.2313511858759707 0.10734991180407363
27 0.11941465300482486 0.5654059147447497 0.23882930600964972 0.23481317051050077
6 0.5214706619365739 0.6665667865231898 0.2846398271096728 0.11950907507848499
6 0.5417422516281484 0.6678460035065029 0.5603216655834313 0.17298371438132137
6 0.5238320028459643 0.7101530122129303 0.2742829797074606 0.06276775214770644
27 0.2108560848236058 0.8062998303940103 0.4217121696472116 0.38609014472990316
19 0.7882587414818787 0.6307300265735669 0.40804569399035023 0.4819006117132165
24 0.32332703693492626 0.43654617311249255 0.07381142126547413 0.1147043091359686
15 0.8656038603911511 0.2030542424252265 0.07191727921769768 0.406108484850453
15 0.7236657763816193 0.22121276119484778 0.0718627321397971 0.44242552238969557
15 0.4451061741081432 0.13339459690235372 0.050303557627912096 0.26678919380470745
15 0.1002282763816194 0.2499823106063066 0.06399568506189653 0.446697937584671
15 0.5967526745151803 0.30561375565420956 0.09399465096963944 0.6112275113084191
14 0.10673600609237524 0.6820578262101389 0.18422636444504553 0.44831574852966194
14 0.7695905620987297 0.6270251724351241 0.14283770535443593 0.40243668249628844
14 0.023697409500941898 0.6099172325871455 0.04563187418757346 0.11010534034363299
14 0.7342667167251123 0.5937523270031084 0.11022402840691896 0.3226739393936935