11 0.03667356670568271 0.507829858167368 0.04625052586424746 0.08746528366526399
13 0.32131064264907244 0.614414641747814 0.1641199874635877 0.11499506134007831
13 0.5186449807331631 0.46206342414713364 0.2377848079967011 0.1253720553496283
27 0.13930682172024764 0.4604513719623661 0.2586094365265156 0.2509722560752678
6 0.49916050950040447 0.6793699752355927 0.2913644490629279 0.14285222122887742
6 0.5181378300335179 0.6865277108076224 0.5651489415410806 0.21797130543444646
6 0.49103577243252816 0.7226661074495778 0.27410274122451134 0.08605658420556886
27 0.20507554037921683 0.7318700149761245 0.37941734468150123 0.43313497004775103
19 0.7675214352728743 0.7267161680718658 0.4649571294542513 0.5102282381039185
24 0.3626701138818311 0.39634419882672284 0.08461434389007838 0.11846231252120454
15 0.9406465577988452 0.2891913423038174 0.1187068844023095 0.48367065027015255
15 0.7962662123907631 0.3006521758764141 0.12228680628084128 0.44756945916315993
15 0.5518844119159093 0.13484247559448778 0.08327446740532807 0.26968495118897556
15 0.19217444279472173 0.18512647894860776 0.11247388558944346 0.3702529578972155
15 0.659425441936792 0.3281100316815294 0.1687312119285446 0.6489881154237621
14 0.11208875534376932 0.5732341141578179 0.2036277344940868 0.4535317716843643
14 0.7457232724325282 0.7137722239696483 0.18663881129540627 0.4061111346610559
14 0.038176230733163105 0.4788417626138717 0.05161998746358768 0.11106647477225665
14 0.7194502774470931 0.670895243206942 0.14525764185764967 0.3250595421027846