24 0.36885245901639346 0.5625 0.20140515222482436 0.2375
13 0.939695550351288 0.16666666666666666 0.01990632318501171 0.3333333333333333
13 0.7418032786885246 0.13229166666666667 0.02224824355971897 0.26458333333333334
13 0.7037470725995316 0.13125 0.0234192037470726 0.2625
13 0.617096018735363 0.15833333333333333 0.02107728337236534 0.31666666666666665
13 0.5562060889929742 0.109375 0.02576112412177986 0.21875
13 0.26990632318501173 0.21458333333333332 0.01288056206088993 0.3625
13 0.6504683840749415 0.10208333333333333 0.01990632318501171 0.20416666666666666
13 0.797423887587822 0.08229166666666667 0.02107728337236534 0.16458333333333333
23 0.936768149882904 0.21354166666666666 0.12177985948477751 0.24791666666666667
12 0.6182669789227166 0.721875 0.13817330210772832 0.5520833333333334
12 0.40105386416861827 0.5885416666666666 0.03395784543325527 0.18125
12 0.7921545667447307 0.7270833333333333 0.23302107728337237 0.5416666666666666
12 0.9724824355971897 0.7552083333333334 0.05269320843091335 0.48541666666666666
24 0.15139344262295082 0.5491041666666666 0.1388407494145199 0.21131249999999996
24 0.02576112412177986 0.5541666666666667 0.05152224824355972 0.225
24 0.5394730679156909 0.5535625 0.12880562060889936 0.25595833333333334