24 0.3850201423443751 0.5831367743552214 0.2224663850921272 0.2921805043263511
13 0.9111245158701621 0.10081928734306175 0.049415308086928296 0.2016385746861235
13 0.7124764068055337 0.09345725703883317 0.04556171290849134 0.18691451407766635
13 0.674488343639816 0.09822394156240731 0.046868958942395504 0.19644788312481462
13 0.5907924964598316 0.13705125379132388 0.05043745193605649 0.27410250758264776
13 0.5263107727471253 0.09738991883423588 0.04559578437012897 0.19477983766847176
13 0.25448039720534527 0.2661944659121366 0.04691204088232057 0.3637727651510159
13 0.6184929486625049 0.07610729870495063 0.037922665474892696 0.15221459740990126
13 0.7624932454912013 0.03635268615172252 0.035525132668585334 0.07270537230344504
23 0.9118462818103893 0.10987991504840416 0.1445356549556731 0.21975983009680833
12 0.645955111078534 0.6709153225185543 0.18983380664935123 0.5868501666644697
12 0.4186821151078732 0.5998087132084418 0.051075799228883424 0.18899095346261868
12 0.8174559365792219 0.627028042217621 0.2825440902201135 0.6022229794339057
12 0.9744801213421336 0.604210465920924 0.05103975731573288 0.4955318712114222
24 0.16905690118588684 0.6304892472963052 0.15855310574227913 0.24855014285526
24 0.04551433617424136 0.6697605741346199 0.0729367262189137 0.2375621850640935
24 0.5522181784194996 0.5268767705693896 0.1522087738509094 0.2899986212103239