11 0.9792260653644076 0.5316054165340971 0.04154786927118472 0.1708579400063634
11 0.8906651940642696 0.46313777454650557 0.028561352005090867 0.03782726400381797
11 0.8075174340785873 0.5695883165579596 0.12549199069063519 0.17799882535009015
11 0.7431094887412237 0.5406462512333228 0.06035679201145392 0.08506589067472685
27 0.5680304094525399 0.8716342639242761 0.2622112880330894 0.24676810136854357
11 0.47222537141945065 0.6289660532702301 0.0683692866804538 0.10234429734245402
11 0.9333430427275428 0.4376377878740058 0.025345445337363513 0.029978401336727245
11 0.6813452854073603 0.5374581639083679 0.047547709341181486 0.05835794000636341
11 0.8298367820655426 0.47322184655477795 0.03969884667409076 0.05514203333863606
6 0.3426742314210414 0.6421938539545021 0.17316587468172653 0.11293744668999892
6 0.3083992287555414 0.6511875932925019 0.09945565467854492 0.08864542401336309
6 0.3964259400859051 0.6282853479471843 0.06493520401018138 0.0757454346753633
6 0.25677364143058645 0.7135154179662743 0.4001101826861809 0.14838624005408843
14 0.5371787567631774 0.704783118594867 0.3551645934118145 0.5821794373806342
14 0.35586457475331423 0.6342268126193659 0.05425224267981754 0.09749316534054522