11 0.971875 0.671875 0.053125 0.1625
11 0.87890625 0.57421875 0.0203125 0.0328125
11 0.7703125 0.65390625 0.084375 0.1609375
11 0.715625 0.60859375 0.040625 0.0765625
27 0.45546875 0.88984375 0.2109375 0.2171875
11 0.43125 0.6203125 0.04375 0.09375
11 0.9265625 0.5609375 0.01875 0.025
11 0.65703125 0.5890625 0.0359375 0.05
11 0.81796875 0.5671875 0.0265625 0.05
6 0.303125 0.5984375 0.159375 0.071875
6 0.2671875 0.59765625 0.084375 0.0671875
6 0.35859375 0.59921875 0.0484375 0.0640625
6 0.20078125 0.64375 0.4015625 0.040625
14 0.47109375 0.71953125 0.2109375 0.5578125
14 0.31796875 0.59453125 0.0296875 0.0921875