27 0.6020534739696484 0.7023114235141613 0.45832348692279223 0.5668949003549704
27 0.15391614056668762 0.7177901568087565 0.30783228113337524 0.5644196863824871
6 0.2780802606301372 0.706602141747814 0.048095248818873684 0.08126984736759475
6 0.0645261590013731 0.9676562367531559 0.12389385698624167 0.06206846878180698
6 0.045121394573402834 0.9870610011811263 0.07883432813030113 0.02304068511654265
27 0.8849974379421315 0.5769468026481036 0.1693948738612825 0.2478075613400783
6 0.9531025971979588 0.5706670315967115 0.049856156260602094 0.04231647477225664
15 0.18025046207356676 0.24574154201796644 0.0751984736759482 0.4551984206885725
14 0.6314780791417915 0.6864582450210406 0.12719250489414158 0.33528771397248336
14 0.1498634913928435 0.7360490834877786 0.12390381378714888 0.33049108656782167
14 0.9699800731513417 0.6012895490199066 0.02315479092165802 0.21617063702330858