21 0.3749441080093364 0.6239349945847572 0.31941524122451137 0.08394512100965308
19 0.6205725082467632 0.7209964050133338 0.18231972116625172 0.2556356702122223
11 0.18781618104973224 0.6055265674386807 0.04896634890464333 0.07296602773541672
11 0.1153645195295343 0.6108667244487849 0.05641513605166186 0.060647865691319504
13 0.8919581117702601 0.6031783510611118 0.09556386724704354 0.2255104526972918
6 0.6390046360184083 0.6567345364722227 0.7219907279631833 0.1278847974901396
6 0.8377603847647672 0.6644054853697924 0.3244792304704657 0.08100195896555587
6 0.7830437645149694 0.6701275020872923 0.050909282132453625 0.032413762917777686
6 0.7204301042484127 0.66476654844007 0.03197742570596294 0.025727351823611144
6 0.9640664439818561 0.666533642664237 0.0667161385589445 0.03902743882958326
6 0.8229784427282147 0.6741798756623965 0.036710389812585474 0.027398954597152782
6 0.7664329260351673 0.6627143923798965 0.17842652837152997 0.06817203780340293
15 0.8326583534569899 0.36289753675656317 0.07781670691397977 0.6888456008736806