21 0.8703973859007318 0.7363633269822849 0.24756917472945156 0.46390900565734067
11 0.8413836899268216 0.5439940198006926 0.0637908746817267 0.1113011143631848
13 0.7448263159214127 0.5832787127172961 0.041406797342454206 0.06742384933607007
13 0.7334802832590943 0.551179285024199 0.06562609468490824 0.13474770472226433
20 0.18946555923777714 0.7050561804235717 0.352981738701453 0.2582862404338343
10 0.0806087272438223 0.6598886052879983 0.15970335868872626 0.16341812626704133
27 0.6706535665977305 0.5117486254814745 0.030323846674090583 0.0548602168225127
6 0.8867132765754586 0.6770792305730812 0.1525999306969986 0.22431017447164336
6 0.8412729598981865 0.7549451553393121 0.18307032272436102 0.4260363009350764
15 0.9253052512730937 0.4491633088319123 0.14938949745381258 0.888309041958086
14 0.5950263105904126 0.5652185382456528 0.033703385343726744 0.07675339754067209
14 0.7199172225891399 0.5753207669720222 0.04057155068427178 0.12991475897699054