21 0.8618862173274995 0.6954373146406547 0.2529523069894449 0.47236838441013057
11 0.835109431042708 0.5045231545645426 0.06508209897381931 0.11348417984777566
13 0.7380883074676037 0.5482824248304977 0.042188806420763926 0.06884284190105419
13 0.7271150930868051 0.5167286773019557 0.06719011284152784 0.13698534684397004
20 0.18127265017315913 0.6958523749814095 0.3559642849536113 0.2705114071475435
10 0.07686574563159698 0.6557778147150168 0.15373149126319396 0.16893036661563343
27 0.664743032866319 0.48024469064782843 0.030960365691319502 0.05589717292769336
6 0.8788931857923605 0.6354256446787108 0.15520056553881964 0.2295495316346617
6 0.8325435562333328 0.715365154070251 0.18801698480111143 0.43225803756616055
15 0.9201403541047218 0.4262097425484451 0.15971929179055627 0.8524194850968903
14 0.5884883509705897 0.5372069564651593 0.0345945119678472 0.0778995069200823
14 0.7132701454235064 0.5414885967696079 0.042081010067986216 0.1312791749048598