21 0.8984388146606186 0.6625518092593559 0.20312237067876282 0.5006387483751468
11 0.4938137799543756 0.6651599809285719 0.10495558762187222 0.17205800649282174
11 0.7848837461725694 0.48733539529748243 0.024710494985435004 0.04415910308425523
11 0.7439776013454188 0.5052456440796664 0.03730142319868044 0.04750229139585791
11 0.8860825333195879 0.4730626152657103 0.02310253087881229 0.04256932954530477
11 0.8611507294795219 0.47584274188891573 0.0329321719450391 0.05835797077900686
27 0.24866641600603745 0.7288442000827255 0.470236224464957 0.5423115998345489
6 0.9289052161516868 0.7401858855582498 0.14218956769662655 0.33403190097293456
14 0.1352631455520663 0.7534914184261003 0.24079276537289918 0.4930171631477993
14 0.853761778305023 0.5173989963531426 0.07540447994174002 0.17622730925276536
14 0.696647960279192 0.49043885024817657 0.024892351411925872 0.05040910308425524
14 0.4810577156894683 0.6028508957012242 0.09066576708875881 0.1640000446422686
14 0.2523142532321983 0.7467584030048249 0.22169577289474657 0.4270921542193456