21 0.89140625 0.765625 0.2140625 0.4625
11 0.4390625 0.6640625 0.06875 0.159375
11 0.7640625 0.55703125 0.015625 0.0421875
11 0.7203125 0.56484375 0.028125 0.0421875
11 0.86640625 0.565625 0.0140625 0.040625
11 0.84140625 0.56328125 0.0203125 0.0546875
27 0.1734375 0.71640625 0.346875 0.5671875
6 0.86328125 0.8390625 0.1078125 0.315625
14 0.05859375 0.709375 0.1171875 0.559375
14 0.82421875 0.6015625 0.0359375 0.171875
14 0.67734375 0.53984375 0.0140625 0.0484375
14 0.44140625 0.60078125 0.0546875 0.1546875
14 0.184375 0.6890625 0.128125 0.40625