21 0.850734752045064 0.8096876389561828 0.29853049590987196 0.38062472208763437
11 0.427484086301724 0.6682493097581818 0.10339308762187223 0.17489730024766903
11 0.7660775733696003 0.6411090368037057 0.024710494985435004 0.04484161910658777
11 0.721523591316289 0.6382537105011888 0.03730142319868044 0.048548815963434674
11 0.8653334272888085 0.6738188370513747 0.023102530878812644 0.04320634449948209
11 0.8416913388090066 0.6656959679447869 0.031369671945039104 0.059195217535011224
27 0.200140336301724 0.6576606044242794 0.3806401785424498 0.6403212088485588
6 0.8174655432822107 0.8852698358130298 0.1732629699126104 0.22946032837394056
14 0.08679925032920441 0.6235145827126577 0.15413986302390129 0.5782791654253154
14 0.8184727991547055 0.6989429615346461 0.07384197994174038 0.17820208271265764
14 0.6830688450772125 0.6036946199306481 0.024892351411925872 0.05109161910658777
14 0.4405320040901281 0.6072219185256873 0.08754076708875883 0.1663570541766104
14 0.17209189264907243 0.6321682987999269 0.2154457728947466 0.4328981989237615