11 0.8781268066623191 0.7791926929324146 0.03626713978475209 0.04222604135632881
19 0.07838174938082745 0.6942529600914132 0.1567634987616549 0.4208690798171736
6 0.22032292287342276 0.6757469009524041 0.2948844685684686 0.13846330231458365
20 0.7423926679110241 0.7309457456612829 0.24845042431665565 0.2126970148871962
6 0.7215685916085072 0.7763502909465533 0.18292812406898662 0.1114213052100677
6 0.41770519107038784 0.6891607758499602 0.1692637303552928 0.0858391083532208
15 0.11352088275543896 0.22888697932183555 0.20108323448912208 0.4577739586436711
14 0.4226110148917054 0.6842549520286425 0.06556084160399785 0.13557793507002264
14 0.44895519107038784 0.687705283707843 0.06563361621110371 0.13714043507002244
14 0.518649106909988 0.6977116763880794 0.07130141935425698 0.1249315334984459
14 0.5492805227495883 0.7095374342459623 0.06973891935425698 0.12485875889134021