21 0.7589512966774542 0.78515625 0.41843772321134337 0.4296875
11 0.4770366436726293 0.5546875 0.07540119480442442 0.1125
11 0.6000650405883742 0.578125 0.025600017856907444 0.034375
11 0.5730485730557783 0.559375 0.0272170649348082 0.0375
10 0.7015809017903042 0.6703125 0.08068871266133186 0.146875
6 0.639871834419864 0.625 0.052100062499176224 0.1203125
6 0.6300995937553548 0.78203125 0.2044843173671449 0.4359375
15 0.0796875 0.27265625 0.159375 0.5453125
15 0.7115321948077198 0.36875 0.19396737743068915 0.6390625
14 0.6685150316599204 0.5953125 0.01945911201270878 0.040625
20 0.2833095576312075 0.5578125 0.566619115262415 0.334375