21 0.84140625 0.74921875 0.3140625 0.4421875
11 0.56171875 0.5375 0.0265625 0.053125
11 0.6109375 0.546875 0.028125 0.071875
11 0.64296875 0.53203125 0.0140625 0.0234375
9 0.8125 0.7390625 0.13125 0.21875
6 0.67421875 0.590625 0.0296875 0.13125
6 0.72734375 0.84453125 0.0734375 0.3046875
6 0.71015625 0.7609375 0.1078125 0.471875
15 0.2125 0.340625 0.034375 0.415625
15 0.684375 0.328125 0.040625 0.65625
14 0.8078125 0.61796875 0.059375 0.0984375
14 0.69296875 0.546875 0.0109375 0.040625
14 0.92421875 0.6578125 0.0421875 0.10625
20 0.1765625 0.6234375 0.353125 0.240625