21 0.75546875 0.79296875 0.4859375 0.4109375
11 0.49453125 0.59296875 0.0109375 0.0234375
13 0.28515625 0.7296875 0.1015625 0.040625
27 0.29921875 0.61328125 0.0890625 0.1203125
6 0.59375 0.83359375 0.171875 0.3265625
6 0.53359375 0.83828125 0.0546875 0.3171875
19 0.434375 0.6625 0.046875 0.0875
27 0.24921875 0.8375 0.1734375 0.25625
19 0.1328125 0.70546875 0.165625 0.3578125
15 0.7359375 0.43359375 0.021875 0.5484375
14 0.42890625 0.62734375 0.0296875 0.1171875
14 0.5375 0.609375 0.009375 0.046875