21 0.7622065041052165 0.7174161788714475 0.47018731849627393 0.5183430173648059
11 0.5137467990883646 0.5883973411446466 0.015770445745273774 0.025090903590796288
13 0.34236618189650964 0.7729819402843249 0.10818520472226431 0.0646897347764936
27 0.32898091364794113 0.6566575035160415 0.116434041958086 0.13973518657189174
6 0.6672161909716958 0.7968723955957644 0.2473941922292326 0.3592396863754999
6 0.6092900614832006 0.8167399888817102 0.1315510236113216 0.32106699980360814
19 0.47186330523668474 0.6706694856602564 0.06775110226293642 0.09726588544042372
27 0.3332133748131131 0.8691256872592629 0.23118740924813697 0.259148782784704
19 0.18916391384433284 0.7871540454741275 0.24912940905174522 0.3889362767345796
15 0.7103001331027325 0.37397979625969435 0.15625208352338849 0.5383908551898025
14 0.4579917027773567 0.6379387988919729 0.05851245764913067 0.12064884328594587
14 0.559027482831586 0.5936024707313377 0.020594301131468207 0.04855567466803503