21 0.764660859725196 0.7478666169172001 0.4706782805496079 0.44429879240048253
11 0.5133473784633075 0.5669695782463038 0.01161946159934022 0.024010710085908115
13 0.31040789805934876 0.7184446263009959 0.10279003087881247 0.047510165083433795
27 0.3194980900626477 0.600602029059958 0.09417120031656907 0.1266244549975255
6 0.6234283867765777 0.8006275260077402 0.18771792649738578 0.33902263568479185
6 0.5642125111497571 0.8092079879026708 0.07021217775102695 0.3219435990500603
19 0.45679951326132817 0.6403528465636695 0.05102895407749273 0.09160100180902227
27 0.27997390346962514 0.8287989501362855 0.18567204169936505 0.26871013568479185
19 0.15742765056663127 0.7045536239261467 0.18237720862983933 0.36994508706427265
15 0.7468776293212374 0.39120053708901664 0.047207901424561174 0.5500752431025949
14 0.4495493029156291 0.6063053951841886 0.0346598079967011 0.11882524310259512
14 0.5567707695295343 0.5803426814802356 0.012301423198680439 0.04744821008590829