21 0.7728765250063176 0.74921875 0.4542469499873647 0.5015625
11 0.28088656795932393 0.49765625 0.04217077962517113 0.053125
11 0.5481028116911177 0.55234375 0.019460705331134066 0.078125
11 0.5064859615328332 0.49140625 0.02154003087881229 0.0421875
19 0.4632959026782023 0.5375 0.08559783386094857 0.203125
6 0.08061143481065594 0.56875 0.13067098997087015 0.0875
6 0.8494283163099713 0.75 0.3011433673800575 0.075
6 0.5482488788590189 0.7453125 0.14290083465237124 0.5078125
6 0.575439516164322 0.79375 0.08856502414838782 0.4125
24 0.044558959883480576 0.35 0.03168792069139796 0.06875
15 0.671567740762293 0.3921875 0.11786269688484978 0.775
15 0.08980561223247847 0.2671875 0.05461122446495694 0.534375
14 0.17151156795932393 0.49765625 0.028562920691397986 0.06875
14 0.19573031795932394 0.49765625 0.018596887305303067 0.0484375
14 0.5601936347315137 0.53828125 0.03783027210332364 0.11875
14 0.38282114099971987 0.48359375 0.02373902837152997 0.0640625