21 0.7734375 0.74765625 0.45 0.5015625
11 0.26640625 0.50546875 0.0390625 0.0515625
11 0.53359375 0.5515625 0.0140625 0.078125
11 0.4921875 0.49140625 0.01875 0.0421875
19 0.44921875 0.5390625 0.0734375 0.2
6 0.06484375 0.58515625 0.1296875 0.0828125
6 0.84296875 0.73828125 0.3109375 0.0640625
6 0.53515625 0.74453125 0.1109375 0.5046875
6 0.5625 0.79140625 0.0625 0.4109375
24 0.0296875 0.36640625 0.028125 0.0671875
15 0.65625 0.38671875 0.06875 0.7734375
15 0.07421875 0.275 0.0203125 0.55
14 0.15703125 0.509375 0.0234375 0.06875
14 0.18125 0.50859375 0.015625 0.0484375
14 0.54609375 0.53671875 0.0296875 0.1171875
14 0.36796875 0.48828125 0.0203125 0.0640625