21 0.7710923858930054 0.7613721093866782 0.4578152282139891 0.47725578122664364
11 0.2864931872993305 0.5053768205115488 0.0443521778706093 0.05508991439185813
11 0.5530068666528146 0.5778319791124386 0.021933349809719616 0.07899829528527036
11 0.5129601868050389 0.513585388541898 0.022095175893442943 0.044696069892376046
19 0.4687446131927735 0.5575322876322752 0.09265170950527093 0.20705482878371625
6 0.08695078513188374 0.5647025088913402 0.1317540187830803 0.09503001778268043
6 0.8509237838775643 0.7948933163732104 0.2981524322448713 0.09431519602827727
6 0.5522441571847247 0.7558648180303493 0.15825544075937154 0.48827036393930145
6 0.5792178340667509 0.805503099047596 0.10118308699531937 0.38899380190480815
24 0.051443072166571735 0.3439340905705406 0.03405134783255324 0.07020549214211717
15 0.677826500037181 0.4261325461093306 0.1410174971086125 0.7816567224974099
15 0.09747847235685217 0.26810149069437506 0.06995694471370432 0.5303810128202816
14 0.17705452030313612 0.49872009801413864 0.029427514828747635 0.0715496683207995
14 0.20130510380123331 0.5006293544242795 0.020723676882026164 0.04931079528527036
14 0.5657151136870651 0.5643880632728384 0.040776191710773804 0.12042381596343468
14 0.3883594348278726 0.4984248072769823 0.026111513840164413 0.06671661910658777