21 0.7927334424256242 0.7096234525216529 0.41453311514875163 0.5416570348997407
11 0.4951509570599554 0.5007838352306428 0.023673849336070064 0.04103410308425506
11 0.5281634449597069 0.5345860909126857 0.04881929508134384 0.06647047970746059
11 0.34983391188041557 0.5025390243530244 0.04884656615858276 0.07115797970746059
6 0.073121941836449 0.6159738275167099 0.13177724082661785 0.09291597727182861
6 0.6658225262436003 0.5595297694850558 0.1384817587805987 0.17115007142762978
6 0.9012388932390636 0.8687336254119801 0.143260162371395 0.1868568920444808
6 0.6239764355899331 0.7532485418061902 0.11670779449216866 0.4566784683433747
15 0.750178824644594 0.42770266558672654 0.1503576492891879 0.8554053311734531
14 0.2085549269075302 0.5268822796280304 0.023764752926866174 0.05665910308425506
14 0.32095038777811463 0.5069498348236058 0.015861349336070064 0.040897735389503434
14 0.5961321949597069 0.5333996919683459 0.03196813836728971 0.12398297077900686