21 0.79765625 0.7484375 0.4015625 0.496875
11 0.5453125 0.53984375 0.0375 0.0515625
11 0.2453125 0.52109375 0.028125 0.0421875
13 0.034375 0.55234375 0.06875 0.1640625
27 0.23359375 0.50703125 0.0515625 0.0734375
6 0.71015625 0.6453125 0.2078125 0.26875
6 0.0390625 0.63046875 0.078125 0.0359375
6 0.3640625 0.51640625 0.071875 0.0265625
6 0.1640625 0.5296875 0.309375 0.065625
19 0.4703125 0.52421875 0.04375 0.0828125
15 0.8640625 0.49921875 0.128125 0.9984375
14 0.44921875 0.7265625 0.2078125 0.54375
14 0.28125 0.5046875 0.01875 0.053125