21 0.7191215068457202 0.7272523418266921 0.5009867688202613 0.5039844348278726
11 0.515216551331963 0.5249735533091293 0.04766817885919252 0.05965884288963732
11 0.2258940661607106 0.4665667815974805 0.0362850098858317 0.04827567391627667
13 0.03204454296618704 0.467907741597043 0.06408908593237408 0.176684516805914
27 0.2179369861226545 0.45129195007654965 0.06737318380210837 0.08386034684397004
6 0.6543361066554396 0.6518968561611481 0.2637865632693231 0.310250386387297
6 0.021367028137439424 0.546351076578015 0.04273405627487885 0.051047846843970034
6 0.3432261461987667 0.477384923384804 0.07659167490485981 0.04211851581733086
6 0.15254937325138893 0.4644087153995889 0.30509874650277785 0.13161073323126704
19 0.445268807263462 0.49974540163597414 0.06144151878308026 0.09141817885919253
15 0.8323231382901014 0.49489348657976506 0.3305150317090238 0.9525307282883512
14 0.3818416827391631 0.697318080000875 0.32173962060714734 0.5840353962731288
14 0.26458915163597413 0.454850690190718 0.030417011862998056 0.05739600593149916