21 0.653125 0.61875 0.2 0.11875
21 0.78828125 0.77734375 0.4234375 0.4453125
11 0.4625 0.7328125 0.065625 0.153125
11 0.43359375 0.56015625 0.0171875 0.0328125
11 0.3515625 0.5875 0.040625 0.05
6 0.8359375 0.834375 0.328125 0.33125
6 0.6390625 0.6421875 0.13125 0.065625
6 0.06015625 0.59453125 0.1203125 0.0359375
6 0.403125 0.54453125 0.034375 0.0234375
6 0.1625 0.6 0.103125 0.04375
27 0.2609375 0.60703125 0.109375 0.2265625
27 0.35078125 0.56328125 0.0421875 0.0984375
14 0.4546875 0.66875 0.071875 0.25625