30 0.873046875 0.4930555555555556 0.25234375 0.2972222222222222
30 0.106640625 0.37222222222222223 0.21328125 0.7444444444444445
30 0.61015625 0.42916666666666664 0.15625 0.15
30 0.558203125 0.4305555555555556 0.08828125 0.13055555555555556
20 0.962109375 0.2701388888888889 0.01015625 0.34305555555555556
17 0.499609375 0.7515694444444444 0.99609375 0.4913194444444444
20 0.21015625 0.3125 0.05 0.4722222222222222
30 0.528515625 0.46041666666666664 0.02734375 0.059722222222222225
29 0.12109375 0.18611111111111112 0.0671875 0.09722222222222222
29 0.378515625 0.4048611111111111 0.05859375 0.19305555555555556
29 0.253515625 0.40555555555555556 0.07265625 0.2638888888888889
13 0.463671875 0.5243055555555556 0.17578125 0.029166666666666667