19 0.4292345721108002 0.4640171289236117 0.020182507414373774 0.06327584194518529
31 0.26610383176807667 0.32977342097117324 0.5322076635361533 0.6067690641645687
30 0.5314901153427235 0.45504132505611194 0.05044301038012335 0.08950425835839503
30 0.49559770699663186 0.38335075227685267 0.04024033942959626 0.05300522627469143
20 0.8743242376241198 0.49216559734398274 0.12109633897248599 0.7542994574462347
20 0.6560782564072001 0.3246514676592911 0.06362739577883722 0.5285224542381483
20 0.5512083784414505 0.3453358468391984 0.04383220752810466 0.3459314748393828
9 0.5820916459702115 0.5502789360825009 0.012482753954332714 0.033818234549074094
17 0.2914924802283365 0.6666666666666666 0.582984960456673 0.6666666666666666
24 0.551542664981847 0.7222268672738272 0.6114255672236558 0.5555462654523454
29 0.7260790679093216 0.5117502864700937 0.15797827916320362 0.2521370491379631
29 0.9300635723579461 0.4826552408762668 0.070084348326845 0.1291689891924692
29 0.9705612383655573 0.489891787313057 0.041178098326845006 0.1279728995269753