18 0.020402070875071197 0.45593082739231566 0.039071770265955076 0.171196947696518
30 0.5082204058560432 0.4369998193339321 0.02208058844101295 0.043273724173466296
30 0.5600939471108002 0.4399347003305592 0.02094916996194396 0.02798786607650672
20 0.702107010114387 0.26177495941243173 0.0738473127750316 0.5235499188248635
20 0.13312224676851417 0.3770056442907106 0.03409511018984288 0.22668786069861854
20 0.601033294201916 0.3235665424684247 0.04211054003761845 0.3378555340440028
20 0.18957187077993098 0.38475315448335745 0.027798689239315787 0.19052018735323423
17 0.4721708065592057 0.7193604002162436 0.9443416131184114 0.5556913227352298
24 0.750833705000875 0.7226166419593562 0.4755053132693231 0.5381249626081898
29 0.6081786200384937 0.3866721034018684 0.06294035178688588 0.15616965981337863
13 0.23126659880254588 0.6635279256697028 0.46253319760509176 0.45349970421615005