4 0.3812330935452457 0.4523169293124689 0.026903419236879243 0.036371258559332396
18 0.03263461383613754 0.8158333274458471 0.03888126785690749 0.06348766347929945
18 0.08221869236714485 0.7703681479354695 0.07410570170428335 0.07261465601697839
31 0.15425555925111764 0.5435383241830862 0.3023745722384088 0.49903446274493873
24 0.6724686812065777 0.6955068955246901 0.4559495856310896 0.5543740055510256
30 0.47642286261996925 0.43389979892636715 0.04807898985373029 0.04601412074860636
30 0.47616376399994104 0.40751091003747825 0.05015968709378669 0.09888890066386137
20 0.6603946907455871 0.2830135922668233 0.0473518814911742 0.5660271845336466
20 0.8134924172066367 0.27553121082140736 0.05042233441327326 0.5510624216428147
29 0.3839850594546362 0.37432089672536767 0.04207049756436802 0.14974427779662625
29 0.6736125982129911 0.29449719413344505 0.13707685470581304 0.5220855695057018