0 0.8918120459500477 0.607813484181142 0.01892272266868176 0.027358789830172724
0 0.9394364786163433 0.6102094303998233 0.028379538669636162 0.040343740300814564
25 0.2535963463160463 0.711110861500173 0.5071926926320925 0.5694449436663207
30 0.5429711059635698 0.4488349684184408 0.02851589867122719 0.06117707363414805
20 0.7257571549769329 0.2783384194898545 0.07958114871099795 0.556676838979709
20 0.18573586330363773 0.3791494669368301 0.03107837201622656 0.21403567649036606
20 0.6398602893061831 0.3223364483165832 0.046113573360907975 0.3633742133074401
9 0.8045438579527522 0.5769230219071334 0.01586135733609062 0.036919361895514334
29 0.682438140634956 0.37983598088169657 0.07417439135104456 0.23570281059191953
29 0.9339960953015696 0.3675175876972492 0.12933515336568036 0.4301579424647771
29 0.039119673635433255 0.4068657069294992 0.047075542011454016 0.15238433981398947