4 0.37385959351331577 0.4647793829498872 0.02783471248093754 0.03891443887270564
18 0.007763447853923455 0.6971541721356903 0.01552689570784691 0.06653056649360281
18 0.048684561218871214 0.6703314327437929 0.07600010875746532 0.08026849265402423
31 0.15137059033072914 0.4731784291953192 0.3027411806614583 0.5296901917239718
24 0.6348029193592011 0.7536638471008478 0.47547800436840293 0.49267230579830446
30 0.46901753125079837 0.4815152682903024 0.04985518284565984 0.051157101081981356
30 0.47131614836701374 0.4552274107494638 0.05445241707809032 0.10413694155585979
20 0.667828778875972 0.3736638788878374 0.0737167890376739 0.6214502088500491
20 0.8189821434751907 0.41275391149654866 0.07609690662885456 0.6243492242454872
29 0.3842347022707811 0.3888754445316402 0.048057599923749986 0.15238433981398947
29 0.6766673569060588 0.41512105158070156 0.15767290852871554 0.5341885089583799