30 0.18687634001539408 0.40625 0.37375268003078815 0.8125
19 0.6689510296614458 0.5043765803948713 0.01973578307929138 0.06351031348050402
30 0.44509764573355326 0.38885123327850407 0.195744812937129 0.3808960555991534
30 0.5734271788128448 0.4447235768463977 0.10902099687674216 0.1361728985071579
30 0.6285734815059418 0.4627078261647096 0.025168171642972935 0.05268209014393411
30 0.9103211786655511 0.6002426453787851 0.0950312197493787 0.15766769502341732
30 0.919459829329481 0.5275354726859209 0.11424937324197941 0.3016931515202567
30 0.7630575658148973 0.48909020275217535 0.044685786104353475 0.049525736957771314
20 0.6478411110926329 0.3811419571286501 0.027666457747326588 0.10002554998381676
20 0.9218442255049155 0.42044958435420593 0.08383971057599666 0.3181726180462258
17 0.6887052538993201 0.6908864731839776 0.32566866227319907 0.4598267593319223
20 0.8670567315550397 0.39272290654406156 0.08337207796424337 0.41396553884033915