6 0.19842621996341075 0.4916799424012096 0.07173918734086326 0.1030247083663181
18 0.879075962285184 0.6842064408829198 0.23764818738063412 0.6315871182341604
30 0.5310384516231839 0.602643425995974 0.11968688602004462 0.26982366137951935
31 0.0687769983290911 0.3716534556944718 0.1375539966581822 0.5210846891667213
30 0.41721258263050165 0.49970468609244484 0.1468124600174992 0.2381878654520348
20 0.7019699379774101 0.33953279626675653 0.05730615937299817 0.5227910181874036
20 0.8460284733052287 0.4207277162056084 0.0766652340467708 0.6170105993926841
20 0.6315122609802737 0.29764344954591876 0.04680446403563465 0.46938272651602486
24 0.7344211672700711 0.8438713115467082 0.4897453946928625 0.31225737690658345
30 0.6407586232893202 0.6164022705981831 0.13240451468013567 0.18453706843696346
23 0.7862026642862976 0.6650310532512539 0.0831312206794994 0.17314816777310207