4 0.8890625 0.49930555555555556 0.090625 0.08472222222222223
30 0.45390625 0.4083333333333333 0.0671875 0.09444444444444444
12 0.09765625 0.4895833333333333 0.18125 0.07361111111111111
30 0.57734375 0.41041666666666665 0.084375 0.07916666666666666
30 0.66796875 0.40555555555555556 0.0734375 0.09166666666666666
30 0.7265625 0.41180555555555554 0.0484375 0.06805555555555555
30 0.419921875 0.40625 0.01171875 0.10972222222222222
30 0.64296875 0.4041666666666667 0.215625 0.09444444444444444
30 0.63671875 0.39375 0.05625 0.0763888888888889
20 0.809375 0.28541666666666665 0.025 0.3402777777777778
20 0.502734375 0.33819444444444446 0.02109375 0.19027777777777777
30 0.34453125 0.3701388888888889 0.1625 0.28194444444444444
29 0.046484375 0.3229166666666667 0.09140625 0.2847222222222222
20 0.13954687500000001 0.2611111111111111 0.05982031249999999 0.5027638888888889
20 0.2371953125 0.2659861111111111 0.05199218749999997 0.39677777777777784