8 0.251171875 0.6569444444444444 0.50078125 0.39444444444444443
18 0.289453125 0.4597222222222222 0.01640625 0.08055555555555556
19 0.5515625 0.49027777777777776 0.03125 0.09166666666666666
30 0.52734375 0.45208333333333334 0.01875 0.0375
20 0.855078125 0.30972222222222223 0.01796875 0.6194444444444445
24 0.438671875 0.7284722222222222 0.87734375 0.5375
15 0.838671875 0.3104166666666667 0.08984375 0.6180555555555556
29 0.104296875 0.4166666666666667 0.06171875 0.17222222222222222
29 0.156640625 0.42986111111111114 0.03046875 0.10694444444444444
29 0.7171875 0.4 0.075 0.17777777777777778
29 0.807421875 0.41180555555555554 0.06484375 0.19027777777777777