18 0.356640625 0.9125 0.07890625 0.12222222222222222
18 0.42109375 0.8486111111111111 0.065625 0.07777777777777778
18 0.444140625 0.7354166666666667 0.02890625 0.05694444444444444
18 0.441015625 0.7944444444444444 0.04765625 0.05555555555555555
18 0.4734375 0.7576388888888889 0.0328125 0.05694444444444444
18 0.45546875 0.6041666666666666 0.021875 0.025
31 0.27578125 0.4777777777777778 0.5515625 0.3611111111111111
30 0.556640625 0.4965277777777778 0.02578125 0.04861111111111111
30 0.563671875 0.48055555555555557 0.02578125 0.041666666666666664
30 0.5734375 0.47430555555555554 0.0515625 0.07083333333333333
20 0.591015625 0.2777777777777778 0.02109375 0.5527777777777778
20 0.552734375 0.38680555555555557 0.04296875 0.3013888888888889
20 0.6265625 0.2791666666666667 0.028125 0.5583333333333333
17 0.357421875 0.7541666666666667 0.71328125 0.4861111111111111
29 0.884375 0.4847222222222222 0.0921875 0.4388888888888889
29 0.983203125 0.1125 0.03203125 0.225
13 0.145703125 0.4986111111111111 0.29140625 0.19166666666666668