30 0.6080919200065594 0.46539006221020507 0.03734037628012441 0.06884921475990084
30 0.20572541869114142 0.4910625570549969 0.025356315770898162 0.03622575535311701
30 0.30374954237572344 0.4856701173727548 0.021404563140062116 0.03459436112053535
30 0.5228863147378288 0.4602842625704084 0.031280092079257214 0.0504541517231756
30 0.5574965331677978 0.4747683811438408 0.02908055524755433 0.030912705141254073
20 0.0934637607351052 0.38368163242933656 0.03749854195220044 0.2878571495856985
20 0.1589827094338047 0.40664237491989413 0.030126386732880928 0.20562169872882283
20 0.23270093049460955 0.4173125511675107 0.025636307807803148 0.16376102778720203
24 0.6433518267177648 0.7099204751174385 0.6770454313159174 0.5326985708194703
29 0.8827044186205543 0.3173586924266708 0.06117198940606912 0.12992946690680215
29 0.9500739291438979 0.30763204495960095 0.05079593152767856 0.09879189852638413
25 0.24224950671826412 0.743458934712707 0.48449901343652824 0.5075265750190305