18 0.04448904118202392 0.6102030012135442 0.03767726200205255 0.05455452198739705
30 0.06369862519639173 0.5694166263325053 0.12739725039278346 0.21661103044278843
30 0.6973509416495621 0.45861673439708267 0.044785780054229285 0.07823835597114497
30 0.6660691253927835 0.4680157438520297 0.019685786104353654 0.04742423020176937
30 0.7364952548812786 0.4340207503561768 0.03057783430895533 0.03364846578142675
20 0.5134779235482874 0.42268604145197164 0.013004514928918808 0.15429595177357686
20 0.8234367186787293 0.36686211022981025 0.01710620764913031 0.21405857559170838
17 0.4992704986838607 0.7229207068262575 0.9985409973677214 0.5541585863474848
20 0.3292733677810303 0.368695752791714 0.0416067587805987 0.3004201765974579
30 0.5679699808280756 0.4829738860169256 0.025181807181592398 0.055814125769375916
29 0.5112455304470128 0.3886340227166482 0.05308461426498887 0.226930270274075