18 0.46706345395253235 0.48373674274157336 0.03999008293962447 0.048838559608024766
31 0.8327281321291672 0.5261982235777765 0.31773811542376224 0.27959736575308686
18 0.9343154413386607 0.42138211879953563 0.04734871515360979 0.06579616700413579
19 0.131046581040708 0.6010286496124072 0.017633933302444227 0.06317886170203717
30 0.4264384539525324 0.48541773362280793 0.12510169292109108 0.08982984836135807
30 0.6950991739154655 0.3993619859039187 0.04692212921876031 0.08381939581197537
30 0.6690723872549766 0.4129287685785483 0.01965030108845909 0.046609175278518614
30 0.6524801261387173 0.4032071269877768 0.019032742195451747 0.05491018186413581
30 0.7386954064922703 0.3656395703350915 0.031932046279135665 0.036015292130864254
30 0.8125818124363864 0.3993579214837642 0.0465401833024444 0.06437495136753092
20 0.5132861787247889 0.3957830070106474 0.02010665807470069 0.1493222995608641
15 0.33071053630159375 0.3714191849056168 0.057373534298236176 0.29796689868259263
14 0.571651750231668 0.4447150630731164 0.03314980589778251 0.058269841100802466
16 0.015012378111058928 0.6671180798717901 0.030024756222117855 0.13908401063808656
29 0.5108432250039247 0.36119009177928935 0.06541172359113005 0.23029926409962972
13 0.20490694973377216 0.5764621575493207 0.07367560217691818 0.09464072745654321