18 0.81640625 0.5069444444444444 0.3625 0.18888888888888888
31 0.23125 0.5569444444444445 0.4625 0.18888888888888888
30 0.213671875 0.3729166666666667 0.14453125 0.09027777777777778
30 0.585546875 0.46805555555555556 0.03046875 0.058333333333333334
30 0.508203125 0.4673611111111111 0.04765625 0.08194444444444444
30 0.180859375 0.3819444444444444 0.07890625 0.05555555555555555
30 0.110546875 0.4395833333333333 0.22109375 0.18472222222222223
20 0.68203125 0.38333333333333336 0.0765625 0.7666666666666667
20 0.712109375 0.30625 0.02109375 0.6041666666666666
24 0.433203125 0.7513888888888889 0.53359375 0.49444444444444446
13 0.2421875 0.44583333333333336 0.4828125 0.19722222222222222
25 0.880078125 0.6333333333333333 0.23671875 0.10555555555555556