18 0.6283466607171102 0.7859574603383244 0.03496138108743239 0.0625685179668071
18 0.5042262323482587 0.686023960661047 0.029492631087432386 0.06211569818925934
31 0.24829629099046838 0.3803255221006361 0.49659258198093675 0.5439843775346055
30 0.5090538514626972 0.4730559261053762 0.052530710632737156 0.1028805547279881
20 0.9115748794658746 0.48831496846939104 0.07949795413662031 0.7823402345366568
20 0.6418448064133916 0.32697915632207325 0.030976859170039717 0.5313013884751052
20 0.5352061584833492 0.35776484826305405 0.023721692368792447 0.3489041242531131
9 0.5809191688331374 0.5596275158483494 0.010401711850553141 0.02584095101544537
17 0.34881755519557556 0.7 0.6976351103911511 0.6
24 0.5061219460255357 0.7423631287551954 0.39438084009531627 0.5152737424896091
29 0.7217876536137329 0.5066557753821285 0.14521881696340308 0.2410046694225528