19 0.1385123741088167 0.6931047955362886 0.26352190855069707 0.613790408927423
30 0.18054009240532795 0.48771852426787315 0.353942320070895 0.6106740625753648
30 0.3754506013786723 0.46684113512376085 0.029633675705962936 0.04743750638387401
20 0.7465191304102763 0.15624898305716325 0.07116326082055266 0.3124979661143265
9 0.48375902645781466 0.5098849364749793 0.02365646034569906 0.06345702452309657
9 0.3981708674448991 0.4923134462725184 0.01203699874635884 0.02065784793340255
17 0.47687919797388884 0.7589341130646735 0.21803826082055267 0.4080332674782855
15 0.747770567596866 0.16268751870391976 0.134603635193732 0.3253750374078395
25 0.45770146905468057 0.7108351118640409 0.08460833221159589 0.11829694021085875
20 0.5318219645023341 0.21900795410800167 0.11003554420664763 0.4329001729250525
20 0.46000980631409494 0.3259175048610273 0.06282191191590929 0.2644003507781233