8 0.8462530689636173 0.6022969402362924 0.2831143686923031 0.31541095947377473
18 0.7501871479544759 0.5883206244077257 0.02683648180303493 0.040811096895110824
18 0.9256997433849715 0.7290560768088994 0.09062930810555159 0.12125449720630223
12 0.2302739181147845 0.600642555201942 0.460547836229569 0.2666896392248028
19 0.7605028906133218 0.44790547655427115 0.05051588440806878 0.19954845986278733
19 0.21713920750776997 0.578525380684649 0.0678489336222805 0.2054595614965649
19 0.8260636743189103 0.4639009675013022 0.07402615901517465 0.20281107320177702
30 0.5710422843270155 0.40740436134101654 0.11681297249741007 0.19675549395288763
20 0.2619038018001095 0.4047764129712354 0.050286906119690576 0.39943533156517125
20 0.05936955696965067 0.4013313516868291 0.09012000165262983 0.6084797570549486
29 0.3275459184254981 0.43256937888113506 0.08836264081820958 0.24336359113090822
29 0.037431475600036526 0.4658182044345459 0.07486295120007305 0.38780803557535265
29 0.1265356322387103 0.49017078396634495 0.13675094499482002 0.39150700091943297
18 0.31007689743774736 0.6821011910319228 0.406693109800963 0.20414018261542993
19 0.6347451614986286 0.5539230854728556 0.09636138544152609 0.36984944713203954