30 0.5591956948207603 0.3992271552293384 0.05294793758467105 0.10414006653757768
20 0.8476861061168075 0.219560212667682 0.09068471223361492 0.439120425335364
20 0.8743614707706999 0.26453324198877226 0.040172377882875664 0.3316895197130031
20 0.48366342831241693 0.38738169948014933 0.017870252713533576 0.13033106038036033
20 0.7402918865893029 0.29930312618944815 0.03858222241038014 0.22487445234785788
20 0.326780463873295 0.3655648409180325 0.04692698891872356 0.24357689329991009
24 0.689423184643995 0.6724690763773261 0.4769873824054313 0.5826106828377384
30 0.07412407225138032 0.7477815454466316 0.1185231071906607 0.5044369091067368
23 0.41463732897944316 0.46340724547715645 0.04862892978275486 0.11625193529967974
29 0.4826807824508599 0.354048366146816 0.05902087516934209 0.20439882069617632
13 0.27552890236247723 0.5132132827887133 0.04863557383528967 0.06360353460120129