18 0.5113707428682428 0.7947086889754025 0.0560531009096227 0.0858493535443671
19 0.20185779073715632 0.3610522169167288 0.05609379631872757 0.20645631533567596
30 0.5037081580864159 0.41750980667706805 0.04765840405277579 0.06306120246708373
30 0.4642197228092509 0.3919521180584114 0.02909034057054054 0.06864741765938112
30 0.4405553406752391 0.38742820106634823 0.07867296360606986 0.08610165833515582
20 0.668410666977756 0.2969358058313773 0.0891204278313122 0.5938716116627546
20 0.4688409103604728 0.23381443474524805 0.07013067927905432 0.4676288694904961
20 0.6154130225401913 0.2908933955917166 0.07140423490340683 0.5527423917530583
20 0.5604815237807909 0.25952312023873797 0.061372109386678274 0.4674542406757748
9 0.5410679361057344 0.5243174952957249 0.016408404052775973 0.060797487046838544
17 0.36878956048430733 0.6354768971708249 0.7375791209686147 0.7290462056583501
29 0.7686321639798279 0.4399065958288989 0.27058228949430224 0.4465666157658115
29 0.9138793706590285 0.4765176520187226 0.15040887655018623 0.26457975759979385