8 0.19853898995631336 0.6187408042035497 0.3970779799126267 0.24439372610382767
18 0.4564628652624149 0.7136142058400624 0.02938353693163087 0.049807200776605026
30 0.47027485937685365 0.5009046626113587 0.06585287094116268 0.10546089783820997
30 0.524337932225818 0.487162985981544 0.04533581939903506 0.08378706906425938
20 0.6753430990270652 0.3113929503508652 0.05087630194586943 0.5685416180341976
20 0.6023234975660157 0.3055926216616367 0.10316550486796867 0.5651519545756174
20 0.6120706444817605 0.347679536048612 0.03220634821299129 0.33730720077660503
24 0.5501875687934223 0.7450003861015745 0.3278245856310894 0.509999227796851
29 0.8997802400588965 0.5770338705623779 0.09215231818121908 0.1593054582906174
29 0.8415955931431516 0.5329426978170074 0.043933006492821745 0.17952342215444458
13 0.22650904281719236 0.4761060769997534 0.4530180856343847 0.29387882066617343