18 0.43117183857117924 0.4675768658062296 0.0447594284931208 0.05274650504997251
18 0.9058134407056884 0.6499501612666 0.05613343811176748 0.07530813131246564
30 0.12582213965963834 0.4312468456004814 0.21058037985173242 0.3063517041822125
30 0.6682985717385472 0.49908371681922636 0.050156256623422026 0.08900307503548548
30 0.5918861219199572 0.4938206562122338 0.027626492195451748 0.05499093362161034
30 0.6411730765478707 0.4888211158087925 0.01959573738612832 0.04363739105316269
30 0.3668600846689051 0.44250571356878793 0.06718006551642937 0.0812030909082921
30 0.6329972333990361 0.4876867799501069 0.036138396641955416 0.05109094155801364
20 0.3126711090320083 0.2797042514468769 0.0672123257680484 0.321335409811668
20 0.8004352319014236 0.4498719794470868 0.03394346878180663 0.21758790620454485
20 0.4294344957388308 0.35728141486823106 0.04536211841898705 0.20267377561277158
14 0.5452839404316114 0.4813863560673631 0.029161710344286364 0.05365053102418863
29 0.4908940681527591 0.36856065079971834 0.0710714465492881 0.239560667387359