28 0.32183675121616834 0.3541666666666667 0.022311376623205436 0.044444444444444446
4 0.7981447911906917 0.6465277777777778 0.07199377678536116 0.09166666666666666
18 0.44244926014462205 0.38472222222222224 0.11618983603812652 0.21666666666666667
19 0.6119950340889619 0.5055555555555555 0.014526150162155815 0.04722222222222222
30 0.5847146266215578 0.4722222222222222 0.04445911201270878 0.07222222222222222
30 0.7095947599411035 0.5395833333333333 0.034125584009531626 0.05416666666666667
30 0.4926586530015296 0.44583333333333336 0.03727785754848192 0.05694444444444444
30 0.7470674864021533 0.5368055555555555 0.04454093262956001 0.08055555555555556
30 0.5916251227662389 0.4201388888888889 0.05953073295387146 0.175
30 0.7310177694784652 0.5333333333333333 0.07755798417168727 0.10138888888888889
30 0.8076532946406211 0.5805555555555556 0.03727785754848192 0.05694444444444444
20 0.29806426318916207 0.20069444444444445 0.08794783360249454 0.3638888888888889
20 0.7832836530015296 0.44583333333333336 0.061375650972934535 0.2833333333333333
20 0.9630980407869497 0.4354166666666667 0.07380391842610053 0.46805555555555556
20 0.4122864502829488 0.2965277777777778 0.0634875758918568 0.25972222222222224
20 0.5126185740651328 0.3701388888888889 0.04475516680124727 0.18194444444444444
17 0.6763808624164507 0.6180555555555556 0.39170407913826766 0.3486111111111111
15 0.22646397564862314 0.18888888888888888 0.11230295129724625 0.37777777777777777
29 0.12673868810808417 0.17708333333333334 0.12926258035608368 0.275