18 0.1517462290340439 0.45045165259559083 0.08110509667409058 0.09971926623278667
19 0.04041783036281682 0.3872869036791924 0.0284886266709089 0.056428308801966406
19 0.581043651376498 0.5831934624749345 0.04153406667727229 0.14014953246703782
31 0.7070259907304062 0.8433042958119292 0.2990385786919081 0.3133914083761416
3 0.3645288607176794 0.6680555555555555 0.7246578387173612 0.6638888888888889
30 0.4660314503699755 0.4942251749582902 0.053797709341181485 0.10442631168766513
30 0.5150686607057482 0.5276848160110869 0.0609016846753633 0.11575561111037887
30 0.413151624701612 0.4703665403990475 0.04992782200827239 0.10986065151455225
30 0.1567652647000212 0.44158145526508175 0.13999883867759041 0.14737083549614263
20 0.3170166930299077 0.40142453282445495 0.022847701344681327 0.1492899191916529
20 0.26602635769413513 0.36790428390732427 0.0317687153484993 0.1995565937947229
20 0.6346496357017711 0.4793228055478666 0.039209045353271674 0.2622747821063257
16 0.33092974437061196 0.49836444407970454 0.02928805800445433 0.05923032972547793
29 0.04544995468649909 0.2610798383833058 0.0781897293523173 0.25098693939300737
29 0.2689286363582034 0.33397347871248095 0.08386756468808994 0.28310108585758725