30 0.7365348543722028 0.4786891250462644 0.1859573233609078 0.36870789682438293
30 0.5189970900302259 0.3744653530930239 0.07039486334340861 0.13482152499117286
30 0.5918533346992257 0.4020145211109868 0.06685169267186346 0.07080332911141987
30 0.6402317453652031 0.39098248497481386 0.022147720003181704 0.042571815602716216
30 0.569464985697794 0.38418583342089424 0.0387539646721816 0.07380623286030862
30 0.6605487906985894 0.39083643397864104 0.062109648671227015 0.06227603529179015
20 0.8994201130251351 0.29203939691478265 0.05351754069858927 0.42015679415709883
20 0.34569994802274895 0.28369289767160444 0.04717608668840807 0.2865971735897531
20 0.18154626768379467 0.22107288078395052 0.05059253536758934 0.44214576156790103
20 0.40410761302513515 0.3125345549667587 0.029570416016862923 0.2219970962511112
24 0.7795976880171811 0.6928025592748137 0.4408046239656379 0.5683615927027167
29 0.09095308501749919 0.2286171119554938 0.1287811700349984 0.4572342239109876