30 0.4888344858087053 0.6486433435520672 0.2928137782669884 0.5891891197215435
19 0.9507032245023158 0.5156810928792579 0.09859355099536841 0.5946742154671606
19 0.3046963025772479 0.5714370901738267 0.04903836555840364 0.12826384025641982
19 0.7731187539567289 0.5409299304330852 0.182009075078485 0.5096957017890126
30 0.9184351577337733 0.17684185537484431 0.15379446460846397 0.24079965079283974
30 0.5746807143255506 0.3899191860888881 0.1006384871097012 0.1581428566357409
30 0.9094236668924562 0.22936159980234436 0.10689180913596844 0.13204490847629644
30 0.6949998583780853 0.3320984356674064 0.05200623530067894 0.0701244674093828
20 0.27868932326946283 0.40564324569549337 0.06520667740790582 0.38556387892574073
20 0.10874365445441299 0.4384010845158949 0.10618023744838552 0.5578842426540125
17 0.5085533460536135 0.6367881366120363 0.9828933078927731 0.7257771918216065
29 0.17602354731952313 0.5183568533443516 0.1336324508136541 0.35094095947246934
29 0.34476138059640904 0.44462679230172786 0.09454229534115868 0.24250948463308647
13 0.31737224361062144 0.6432229013018823 0.1372410504295413 0.10278242282938284
13 0.8219607488125753 0.5300427840301839 0.3560785023748494 0.6011753755467908