0 0.353125 0.5145833333333333 0.0125 0.04027777777777778
4 0.073828125 0.4618055555555556 0.04453125 0.029166666666666667
30 0.12890625 0.4152777777777778 0.0734375 0.1111111111111111
30 0.338671875 0.40555555555555556 0.04921875 0.03333333333333333
30 0.04375 0.4215277777777778 0.0140625 0.020833333333333332
20 0.920703125 0.2388888888888889 0.01328125 0.4777777777777778
20 0.62734375 0.2513888888888889 0.0484375 0.46944444444444444
20 0.175 0.32222222222222224 0.025 0.23055555555555557
9 0.46171875 0.49375 0.0140625 0.018055555555555554
9 0.50546875 0.5236111111111111 0.009375 0.041666666666666664
17 0.6484375 0.7152777777777778 0.696875 0.5333333333333333
13 0.17734375 0.5243055555555556 0.3546875 0.09861111111111111