18 0.61328125 0.4895833333333333 0.046875 0.05138888888888889
18 0.331640625 0.47708333333333336 0.03359375 0.05694444444444444
30 0.573046875 0.47847222222222224 0.03828125 0.08472222222222223
30 0.19609375 0.5006944444444444 0.0359375 0.06527777777777778
30 0.25703125 0.47638888888888886 0.06875 0.09444444444444444
30 0.374609375 0.4666666666666667 0.03828125 0.06388888888888888
30 0.39921875 0.46805555555555556 0.0171875 0.05
20 0.73046875 0.28402777777777777 0.0578125 0.5652777777777778
20 0.633984375 0.35347222222222224 0.03046875 0.3013888888888889
29 0.785546875 0.36944444444444446 0.11171875 0.3472222222222222
25 0.2640625 0.7465277777777778 0.5265625 0.5013888888888889