18 0.43359375 0.6451388888888889 0.0609375 0.059722222222222225
18 0.51875 0.5479166666666667 0.0203125 0.029166666666666667
31 0.251171875 0.3784722222222222 0.50234375 0.4236111111111111
30 0.551953125 0.41944444444444445 0.03046875 0.09166666666666666
30 0.503515625 0.4326388888888889 0.04140625 0.09027777777777778
30 0.525 0.42430555555555555 0.084375 0.10694444444444444
30 0.589453125 0.42916666666666664 0.02109375 0.05277777777777778
20 0.5390625 0.25763888888888886 0.040625 0.5152777777777777
20 0.81875 0.3173611111111111 0.046875 0.6347222222222222
20 0.70859375 0.30833333333333335 0.046875 0.6166666666666667
20 0.639453125 0.25277777777777777 0.01640625 0.5055555555555555
20 0.64296875 0.25277777777777777 0.059375 0.5055555555555555
17 0.3890625 0.7208333333333333 0.7765625 0.5527777777777778
29 0.78359375 0.38472222222222224 0.03125 0.058333333333333334
29 0.549609375 0.35347222222222224 0.01796875 0.04583333333333333
13 0.832421875 0.7694444444444445 0.33203125 0.325