18 0.5015625 0.9625 0.1109375 0.06944444444444445
19 0.329296875 0.4479166666666667 0.02421875 0.1375
31 0.23671875 0.39305555555555555 0.4734375 0.5583333333333333
24 0.516796875 0.71875 0.40703125 0.5625
30 0.451953125 0.3506944444444444 0.04296875 0.0625
30 0.5296875 0.42916666666666664 0.0140625 0.030555555555555555
30 0.565625 0.4513888888888889 0.04375 0.04722222222222222
20 0.516796875 0.28055555555555556 0.01640625 0.4361111111111111
20 0.667578125 0.2826388888888889 0.02109375 0.5625
20 0.627734375 0.3423611111111111 0.01171875 0.4097222222222222
20 0.595703125 0.3375 0.01015625 0.3388888888888889
9 0.5875 0.5298611111111111 0.0140625 0.03194444444444444
29 0.767578125 0.43125 0.17890625 0.29583333333333334