6 0.21953125 0.6647689079735204 0.0734375 0.10343732853080338
19 0.105859375 0.706400032927524 0.0265625 0.055528159019415886
19 0.32109375 0.5771694110692178 0.03203125 0.08664996953648528
30 0.534765625 0.43837835412055054 0.059375 0.11725902212183159
30 0.483984375 0.45196976923936844 0.05234375 0.10264209113956785
30 0.432421875 0.476753189035228 0.05 0.11351052155288749
20 0.280859375 0.5209187630479736 0.0359375 0.19955443736613776
20 0.330078125 0.49846135728323887 0.0265625 0.14580593679719367
20 0.737890625 0.5583182492008343 0.03515625 0.203640210466874
20 0.63125 0.2943602209503519 0.04375 0.26008559524766545
24 0.62421875 0.6339771519326156 0.5609375 0.6608593581159
16 0.323046875 0.6005782882655026 0.02890625 0.06965972860609623
29 0.058984375 0.609864757994467 0.09765625 0.25872280685242766
29 0.2734375 0.486270585257647 0.08984375 0.29680276008201123
29 0.78359375 0.22441930892723147 0.0359375 0.0676099929216934