18 0.9052441129654788 0.4145034891134246 0.08231415535486271 0.2852740994591976
24 0.6383825086131616 0.6740895310741348 0.3664180773790434 0.6136107220513586
30 0.5160770702975925 0.44657443169823996 0.01978578866963616 0.03969705758179016
30 0.3790265109603882 0.5029260569929932 0.01424431333545444 0.02835965923666666
30 0.525470251631138 0.44340873294786953 0.04096135467059074 0.05306987977012341
30 0.32606032395768375 0.5405247791304933 0.0339482860041362 0.05555671681845682
30 0.5651188259667516 0.411915121077098 0.016524428668045488 0.018734417257592718
30 0.39585065796070634 0.4980643652504316 0.05276192067154515 0.06605478098586433
20 0.7864855696411602 0.3190766569591044 0.1364038607176795 0.6381533139182088
20 0.6588057386417966 0.2983460158766657 0.0691965373567717 0.30972454474802485
20 0.6975233406468873 0.23009533857191253 0.10046526603277109 0.4332075101311729
15 0.11987450596754697 0.41992470060858006 0.06826983668840807 0.2874699957780865
16 0.3962049202936154 0.503603757432129 0.018259651336727068 0.045187959641913585
29 0.8827611329766146 0.2903290767498451 0.2344777340467708 0.5806581534996902
29 0.4225634276336834 0.41434253031305496 0.056614174013363085 0.17729519908783956
29 0.7323435096475237 0.23697174003898097 0.14468798070495267 0.47394348007796194