0 0.03907963895646499 0.4684372159406692 0.07532725292686623 0.10698770390440554
0 0.06981882713908362 0.3829595723406156 0.04087498487468948 0.0801738951704419
0 0.21931885738970464 0.5217619423095824 0.04949146077238851 0.08791901402059953
18 0.6932734660955486 0.7969509286927922 0.30246699072842204 0.3044852816711859
18 0.046796690186128996 0.4968759967839603 0.031386355386194276 0.04457820996016895
12 0.3039802037007126 0.42640077541712623 0.3517175569852006 0.3187931845806743
23 0.39373532269968636 0.44511342178164054 0.028297716822512788 0.055398166741929815
30 0.0471742005283567 0.2621901688529069 0.06891362646343312 0.05640539524570506
30 0.5312466856485358 0.4288304090680083 0.01888181020665449 0.04202470375387924
30 0.11468869301479938 0.2753384009251526 0.20824883723582163 0.15269509623512356
30 0.5335972534178456 0.42652870998766224 0.0470477168225127 0.05714509271803113
20 0.8244904190106943 0.31750691291364647 0.08323624345889655 0.6145144570075504
20 0.9620404159856321 0.2894183446444586 0.07508285499341057 0.5096199045175082
24 0.5409802339513335 0.5570508241642866 0.2399124485739442 0.28199552841751463
20 0.5840154099355079 0.29409246294028074 0.07246639422102223 0.4260682054371621