4 0.901834443547078 0.5334894696325432 0.09369865012383442 0.09222826708875877
30 0.46385925454811405 0.4331614949699155 0.0704794739451522 0.09934922424548726
12 0.11081026023438371 0.5071349007358534 0.18410532630251691 0.08858278830496415
30 0.587260367244561 0.4381577872778121 0.0873031009096227 0.08634941121944198
30 0.6776852370750199 0.43520675293846195 0.07669308664159917 0.09828363567035975
30 0.7363881489856787 0.44240436004664063 0.051038115177646406 0.07199043441531469
30 0.4298566858963375 0.43070910506939414 0.015374596980681332 0.11036882284974467
30 0.6526670434232434 0.4332191072389724 0.21906252315936392 0.11258316225287343
30 0.6457535136465965 0.4224589339889343 0.059068938998963996 0.08072789314084948
20 0.8142541297552564 0.31744059745887077 0.03707627667402029 0.3431215180785925
20 0.5100321834151382 0.3641190883541777 0.027641310586751188 0.1914497414151624
30 0.35318394695929073 0.3927613109872608 0.17315717183545623 0.29606745831467424
29 0.05491767111158521 0.3391898953695451 0.09971967183545623 0.29226867962797903
20 0.14424128649637402 0.27931462285536046 0.07805234118971312 0.50752090742194
20 0.24195211745170342 0.28644952359121395 0.06669315611969058 0.4015208139349627