18 0.430078125 0.5673611111111111 0.03828125 0.034722222222222224
12 0.825390625 0.4583333333333333 0.34765625 0.09166666666666666
31 0.165625 0.3854166666666667 0.33125 0.3875
30 0.353515625 0.4131944444444444 0.13203125 0.2152777777777778
30 0.529296875 0.41875 0.03671875 0.07916666666666666
20 0.672265625 0.28194444444444444 0.03359375 0.5611111111111111
20 0.603515625 0.27569444444444446 0.03203125 0.5513888888888889
20 0.508203125 0.24861111111111112 0.07421875 0.49722222222222223
20 0.58515625 0.24930555555555556 0.0140625 0.49583333333333335
20 0.498046875 0.24930555555555556 0.03515625 0.49583333333333335
9 0.47421875 0.45416666666666666 0.0078125 0.019444444444444445
24 0.477734375 0.7298611111111111 0.47890625 0.5375