18 0.646296150019136 0.5351166920148164 0.07120506596343468 0.06820548400661879
30 0.32089050454811396 0.39046729793302243 0.19639131058675127 0.20216053961871977
30 0.47593439629733697 0.43927017125923296 0.10621792080199892 0.12445769662904256
30 0.5488464344485955 0.47439140626862075 0.03255994292790554 0.051940042749541566
30 0.6549883495643247 0.4935382064333625 0.044642565963434674 0.06655644766950862
30 0.5513977959044428 0.4373675959037418 0.04155610731976367 0.12737655236818834
20 0.9075910608963375 0.35334855086593553 0.12131434367091246 0.5815961453484413
20 0.8361355919135841 0.403692483591953 0.08100821319178522 0.3530732094350567
20 0.8746715530384547 0.41103815344598676 0.10408614826180766 0.4598897927778141
17 0.3749701906515938 0.6625572338087101 0.7305823358130297 0.6748855323825799
20 0.20101567131872758 0.1906282600587739 0.07641060442427942 0.32644181520247506
29 0.9224154823197637 0.4540496037402206 0.15516903536047266 0.5322619434510998