18 0.39655099005055583 0.6875830482000448 0.0400664637974506 0.06887977600961569
18 0.5031850577216697 0.5680240158781066 0.01884999394987581 0.030943424004525058
30 0.41923275941887184 0.44060275723180264 0.11622496369925468 0.18572518876864513
30 0.4949685576234737 0.45292401113943986 0.06602043061996347 0.12219087290472651
20 0.7053975183958623 0.3652433189405735 0.10111408986810026 0.5812191372091302
20 0.6328708060127468 0.32716297584699694 0.16132033684303818 0.5977413262606851
20 0.6346989385754022 0.3653170173280071 0.06756981596219092 0.35692925631232253
20 0.6514935409856322 0.3656639962869163 0.06450390329620852 0.37492016712638315
24 0.49337372048584793 0.7015512834359247 0.45266749950902074 0.5857138928495305
31 0.2107347186296314 0.296314763208164 0.40672776473252703 0.3931098774311874
29 0.8384890260567133 0.5159519784638882 0.05032270774732624 0.09964542697502973
29 0.8375666150505557 0.6784600590565749 0.062359620315113065 0.19711006697785807
29 0.8908254374065565 0.7558252400806967 0.11392666549465283 0.19956559410141306