9 0.021993702750834114 0.4790011158903853 0.04398740550166823 0.07603884606155162
9 0.009095736986994715 0.5832343858102803 0.01819147397398943 0.08908678393499499
20 0.6766883359962776 0.8200584709185872 0.2142129603962868 0.26013333002306355
30 0.5023347436699652 0.42242162025988395 0.04391659997176518 0.0562709589188589
30 0.5588616120928755 0.42120392335750645 0.02866332629424182 0.042541876665515586
30 0.054166042305136296 0.3681125852408908 0.06942483418674958 0.05007234739396406
30 0.5261173660391293 0.4218375086894585 0.09166385523343692 0.06299473761526554
20 0.8563540212231553 0.2726262168035153 0.06161712336693981 0.5452524336070306
20 0.5885179264777685 0.2532263564061451 0.045249399745886265 0.4774581645066867
9 0.1291786937546699 0.611223255768203 0.06058816048099138 0.08950917415629647
17 0.40063078960371323 0.709223449318788 0.8012615792074265 0.5815531013624239
13 0.31166038840123467 0.42782130153755704 0.35477007096198276 0.1983602216678384