18 0.575051523571394 0.6556191821857177 0.03152398180303493 0.04122326046138956
19 0.3078832363511489 0.44081184776695215 0.034325804176610394 0.148167704905834
31 0.23849430448619668 0.35886898052226707 0.4729860055815712 0.593373150066577
30 0.5662501042171371 0.4390494881019856 0.041153692927905536 0.05123640043241551
20 0.6815422333532208 0.2814118160213388 0.04091836827801831 0.5628236320426776
20 0.5114105928445976 0.255878827206716 0.03328349669023112 0.46593234271258593
20 0.6386023893704675 0.32073780231646754 0.029049760958254824 0.45331112698391773
20 0.5956058103796089 0.30608683153672844 0.025704283084161263 0.3852070851368949
9 0.6006465289480774 0.5283332969046843 0.011847182588823202 0.03506162626249313
17 0.3860179295886406 0.7073557215051912 0.7491118579389361 0.5852885569896175
29 0.7928575498333842 0.41881240982192 0.21323851633493832 0.33274059307110143