18 0.6468229190404072 0.5358208095129469 0.059184643340227085 0.09088380171641891
19 0.669702437718793 0.6895192806722618 0.11206583736472578 0.41224235579657476
30 0.5143916797024074 0.4733441244600976 0.022165901336727245 0.04467069338153714
30 0.32851299536520306 0.4207306042099561 0.04794715133672707 0.0449373439145393
20 0.9735514070058862 0.5211751486521456 0.05289718598822759 0.7144464309124389
20 0.6770863080243398 0.3257313957731464 0.08441300469445316 0.36473732240298656
20 0.1879647186903171 0.3116453381875102 0.04667610001590834 0.2088019918458825
24 0.42423994171704316 0.6597222222222222 0.844298176718634 0.6805555555555556
29 0.6072422510343621 0.456250126887186 0.06661588267822686 0.152067635700167
29 0.047153360021476284 0.2817186585125491 0.08271359735040831 0.2244514643060269
29 0.12905761435788524 0.3228408296448337 0.04691191000954502 0.1254767388317311
29 0.8260425233728391 0.5258696872096333 0.09676700668363551 0.22320802116241192