18 0.42578125 0.9055555555555556 0.0765625 0.09722222222222222
18 0.351171875 0.9583333333333334 0.08828125 0.07777777777777778
18 0.452734375 0.7590277777777777 0.03203125 0.0625
18 0.44921875 0.8375 0.053125 0.06944444444444445
18 0.484765625 0.7881944444444444 0.03828125 0.0625
31 0.27890625 0.47430555555555554 0.5578125 0.37083333333333335
30 0.58828125 0.4930555555555556 0.015625 0.03888888888888889
30 0.56953125 0.47847222222222224 0.0515625 0.07916666666666666
20 0.639453125 0.28055555555555556 0.02578125 0.5583333333333333
20 0.60390625 0.27847222222222223 0.021875 0.5541666666666667
20 0.563671875 0.38472222222222224 0.04453125 0.30277777777777776
29 0.9203125 0.48194444444444445 0.1015625 0.46944444444444444
13 0.1484375 0.4951388888888889 0.2953125 0.20416666666666666