30 0.8343963967999477 0.6225390371738502 0.3250428996950003 0.6328427877677961
30 0.49393635738102404 0.4551632108518326 0.07203996058107656 0.13922486537819243
30 0.5623681409581943 0.48658740020927493 0.027180749050069508 0.04997260346386033
30 0.6168741296074824 0.47623728081922473 0.034121080072118205 0.04375620111279059
30 0.5501045303008679 0.46723754759883085 0.04298758700597212 0.06547936367135981
30 0.6053372175633852 0.4611349884413778 0.03103244766329851 0.04621040462684631
30 0.6402392210303123 0.45431808545861985 0.03659211664124999 0.05372110403280443
30 0.5360238465052776 0.46717035230097015 0.01795121941479181 0.060112991783805116
30 0.6291653425633852 0.463602242202259 0.05873987357510409 0.07681945721219278
20 0.11116120478777765 0.32304291208586466 0.025750108091875213 0.4770223391482633
20 0.308317400409045 0.38170342871073387 0.03463283919017375 0.3212104046268463
20 0.8151684454790971 0.29858445241815645 0.048732359991736376 0.38508559524766545
9 0.7180891778601213 0.6925516806435411 0.061010888392743115 0.07150658235442885
17 0.4958641663187846 0.7264293356718541 0.9917283326375692 0.5471413286562918
29 0.036255063212447904 0.3149131087098461 0.07251012642489581 0.4881595507530256