30 0.54921875 0.5451388888888888 0.059375 0.1486111111111111
6 0.31328125 0.5729166666666666 0.0640625 0.07361111111111111
19 0.403515625 0.5430555555555555 0.02421875 0.125
30 0.69296875 0.5263888888888889 0.0578125 0.11666666666666667
30 0.587109375 0.4986111111111111 0.01796875 0.08611111111111111
30 0.630859375 0.5354166666666667 0.02734375 0.0763888888888889
30 0.560546875 0.4930555555555556 0.07109375 0.1
30 0.882421875 0.5673611111111111 0.04140625 0.0763888888888889
30 0.85078125 0.5569444444444445 0.1125 0.058333333333333334
20 0.82421875 0.42569444444444443 0.0140625 0.27361111111111114
20 0.919140625 0.3798611111111111 0.01328125 0.45694444444444443
20 0.160546875 0.34930555555555554 0.04609375 0.4875
16 0.598828125 0.5513888888888889 0.01640625 0.041666666666666664
29 0.43984375 0.4152777777777778 0.0515625 0.24722222222222223
29 0.09453125 0.4 0.1890625 0.3972222222222222
29 0.32265625 0.4027777777777778 0.0453125 0.225