26 0.5816074273949082 0.47714519844890757 0.010697419467652302 0.02424162500471204
30 0.5805237591629849 0.4639022529357246 0.02855342292769336 0.05447531518362657
25 0.39472153412471006 0.6624846588301879 0.2648012821289532 0.28688718708578953
30 0.27007569049363533 0.5680644354826818 0.03920442144481866 0.04265433014596612
20 0.16969501781308766 0.5112103553084429 0.06292044714798121 0.2604850224623577
20 0.667655697395127 0.3001081829993199 0.09201238095008968 0.40653000217517393
20 0.8496723599426972 0.27673521086191566 0.09778221988539429 0.4540432308098274
20 0.6360051200756747 0.3487655825567457 0.0624575321289532 0.2743254102825082
17 0.22266613269870064 0.7676036164548037 0.40519547186256055 0.4647927670903925
24 0.6910335182887887 0.6658069231639159 0.6179329634224227 0.6683861536721682
29 0.8542384903799046 0.3227867990045724 0.15953812056996597 0.32334659729290394
29 0.6788133732885699 0.37846797360196016 0.08170493923931588 0.19507938358289306