4 0.979296875 0.525 0.03984375 0.09166666666666666
12 0.466015625 0.4076388888888889 0.05078125 0.04027777777777778
19 0.67578125 0.46041666666666664 0.0125 0.0625
30 0.5671875 0.4326388888888889 0.10625 0.10138888888888889
30 0.953515625 0.4701388888888889 0.08984375 0.14583333333333334
30 0.63515625 0.44166666666666665 0.0421875 0.075
30 0.631640625 0.4326388888888889 0.02734375 0.05138888888888889
30 0.4125 0.43333333333333335 0.0609375 0.15
30 0.7765625 0.41388888888888886 0.0453125 0.03611111111111111
20 0.1109375 0.25416666666666665 0.05 0.5083333333333333
20 0.879296875 0.26319444444444445 0.03359375 0.45694444444444443
17 0.65390625 0.7368055555555556 0.4875 0.5263888888888889
30 0.34453125 0.3875 0.196875 0.26944444444444443