24 0.6288965579393754 0.7801958210976538 0.23870404977125012 0.4396083578046924
18 0.5606891323603648 0.5593668665039534 0.06949553561920148 0.05836662875733257
19 0.3359982568853995 0.5783235562274307 0.08630444196371538 0.3280858133531303
31 0.9202060100679862 0.6530010094065353 0.15958797986402756 0.3492595046325638
30 0.2817179326550349 0.42932409014072415 0.12274847539871532 0.12889387262181692
30 0.5637137948794273 0.5219395918381352 0.04211541802802081 0.05502320949147443
30 0.5661208615588024 0.49699615598694324 0.04825696846486131 0.1065252266779794
30 0.4164569351720314 0.4897346223212076 0.05926655043684033 0.052600977791918684
20 0.4659932483844794 0.4553522715184596 0.01538991707809032 0.10167979022561598
15 0.13841082280546885 0.22155396566234195 0.06909875816812514 0.3263413783860195
16 0.3096997485266496 0.6277659953320371 0.15498105357097236 0.2642463810736144
29 0.8662108007211806 0.4205874040596268 0.23294697188333374 0.6713049268689268
29 0.4691179217792884 0.4255638857415302 0.05461672444878474 0.17469391053115085
29 0.9695773626993578 0.2547620920856458 0.060845274601284416 0.2179595614965649