18 0.49375 0.8243055555555555 0.0421875 0.07361111111111111
18 0.45703125 0.7902777777777777 0.0359375 0.07222222222222222
18 0.424609375 0.9597222222222223 0.09140625 0.07777777777777778
18 0.45234375 0.8923611111111112 0.0625 0.09027777777777778
31 0.28046875 0.4736111111111111 0.5609375 0.37222222222222223
30 0.558203125 0.49583333333333335 0.03671875 0.05555555555555555
30 0.59140625 0.4951388888888889 0.021875 0.043055555555555555
30 0.5796875 0.45416666666666666 0.0265625 0.03333333333333333
30 0.584375 0.4777777777777778 0.0375 0.07777777777777778
20 0.613671875 0.2798611111111111 0.02109375 0.5597222222222222
20 0.64921875 0.2798611111111111 0.025 0.5569444444444445
20 0.57109375 0.38333333333333336 0.0453125 0.3111111111111111
29 0.949609375 0.4798611111111111 0.09921875 0.49583333333333335
13 0.1484375 0.49930555555555556 0.296875 0.2125