4 0.978125 0.5722222222222222 0.0421875 0.13055555555555556
19 0.4546875 0.4701388888888889 0.03125 0.14027777777777778
30 0.16796875 0.3958333333333333 0.23125 0.21944444444444444
30 0.498046875 0.4270833333333333 0.04765625 0.10972222222222222
20 0.8171875 0.25833333333333336 0.01875 0.5166666666666667
20 0.91484375 0.28888888888888886 0.01875 0.5777777777777777
20 0.035546875 0.25625 0.04140625 0.31527777777777777
20 0.884375 0.2638888888888889 0.021875 0.5277777777777778
9 0.940234375 0.6270833333333333 0.03046875 0.05416666666666667
17 0.7309531250000001 0.7291666666666666 0.5334140625000001 0.5361111111111111
28 0.0325234375 0.40765277777777775 0.038484375 0.06901388888888896