23 0.08797860489996737 0.7120465137562838 0.17595720979993473 0.34533525574650303
30 0.7021475259585175 0.4035024081265129 0.07465963241536144 0.13625753483272643
30 0.5608162714209244 0.38351091601249104 0.06521190954272456 0.11384137838601936
30 0.6287645681129952 0.38835489288497677 0.026721581283893413 0.04916059141381797
6 0.18158049590428824 0.49204353536319395 0.1356425842107595 0.15140699618076622
20 0.8463293180147993 0.2685843055733023 0.019786300935076183 0.3170545351156362
20 0.0780858450930645 0.24906216472169787 0.028080589966296164 0.46443836919159565
20 0.42538302590941957 0.35159265945261076 0.01399938836728971 0.21971918459579787
20 0.9574145363498431 0.23119470507111634 0.027358427300313792 0.46238941014223267
20 0.3176591569104459 0.32673956970085205 0.01675220452587265 0.344767668151919
29 0.4321486433467644 0.3132608449324897 0.058003918421519175 0.2984019887545044
29 0.18055659967975557 0.32749252440060805 0.07114881303532483 0.25701006223919115
21 0.9502251754536019 0.866394464955162 0.09441359621281223 0.20471712002262513