4 0.52890625 0.5256944444444445 0.0234375 0.034722222222222224
31 0.09140625 0.5833333333333334 0.1828125 0.19166666666666668
30 0.487890625 0.5048611111111111 0.05390625 0.09861111111111111
30 0.338671875 0.5111111111111111 0.14140625 0.22777777777777777
30 0.1203125 0.40625 0.0921875 0.059722222222222225
30 0.1609375 0.3909722222222222 0.1734375 0.11805555555555555
20 0.81484375 0.4986111111111111 0.1015625 0.9944444444444445
20 0.746875 0.3388888888888889 0.025 0.6777777777777778
29 0.953515625 0.5486111111111112 0.08828125 0.21944444444444444
13 0.1375 0.4875 0.275 0.23333333333333334
25 0.91328125 0.6854166666666667 0.1703125 0.11527777777777778