30 0.540625 0.49027777777777776 0.0671875 0.15833333333333333
30 0.840234375 0.5201388888888889 0.31796875 0.9513888888888888
30 0.5078125 0.4125 0.0421875 0.075
30 0.4484375 0.40555555555555556 0.059375 0.11944444444444445
30 0.58125 0.40902777777777777 0.0375 0.034722222222222224
30 0.56796875 0.4027777777777778 0.065625 0.05
30 0.545703125 0.3951388888888889 0.02109375 0.03194444444444444
20 0.239453125 0.34652777777777777 0.03359375 0.3458333333333333
20 0.349609375 0.3625 0.00859375 0.18611111111111112
20 0.317578125 0.3611111111111111 0.01328125 0.24722222222222223
9 0.81953125 0.8298611111111112 0.2125 0.17916666666666667
17 0.48125 0.7097222222222223 0.9609375 0.5722222222222222