4 0.23643567805138402 0.6512984577124121 0.4683078413828614 0.6918475290196202
5 0.8185316574037014 0.8458276521467182 0.2463397453453176 0.17980005929843734
30 0.8300963063335456 0.41994126840682655 0.33980738733290894 0.8398825368136531
30 0.5064152740292714 0.3363846977256089 0.04250567333704538 0.052541694557339175
30 0.5881468056969986 0.3426671797602231 0.025227266669318026 0.037051456857024094
30 0.5823056120305441 0.3459908719055325 0.04246931066995448 0.046986139001783694
30 0.4372019236950896 0.33171537615137164 0.07479146200668155 0.09441491532206799
30 0.5658175460295896 0.33501943213462126 0.07708066800604527 0.08629994773574734
30 0.5590860143618623 0.3217492461956016 0.047965332670272434 0.05166232574481321
20 0.9363789446809312 0.1372266754630058 0.027272666693180625 0.2744533509260116
20 0.7883320696809312 0.14711806070816097 0.051555051360589486 0.29423612141632194
20 0.9848110783338637 0.1367791291039902 0.03037784333227265 0.2735582582079804