0 0.313671875 0.48125 0.02890625 0.043055555555555555
0 0.23203125 0.4527777777777778 0.040625 0.03888888888888889
4 0.46015625 0.46111111111111114 0.046875 0.1
31 0.66171875 0.5902777777777778 0.1234375 0.14166666666666666
30 0.133984375 0.3402777777777778 0.11953125 0.08055555555555556
20 0.779296875 0.25555555555555554 0.01796875 0.5111111111111111
20 0.855078125 0.2125 0.01640625 0.4166666666666667
20 0.962109375 0.21458333333333332 0.02265625 0.4097222222222222
20 0.071875 0.19444444444444445 0.0203125 0.30833333333333335
20 0.052734375 0.20277777777777778 0.02265625 0.2722222222222222
20 0.974609375 0.21180555555555555 0.04921875 0.4236111111111111
9 0.42109375 0.5076388888888889 0.03125 0.034722222222222224
9 0.3765625 0.49236111111111114 0.025 0.04583333333333333
17 0.498828125 0.7027777777777777 0.99609375 0.5888888888888889
13 0.0984375 0.5694444444444444 0.196875 0.11944444444444445
25 0.33671875 0.7868055555555555 0.671875 0.42083333333333334