8 0.473828125 0.7340277777777777 0.14921875 0.5236111111111111
30 0.633984375 0.46597222222222223 0.02734375 0.059722222222222225
30 0.28125 0.4673611111111111 0.0265625 0.03194444444444444
30 0.564453125 0.4576388888888889 0.03046875 0.04583333333333333
30 0.4703125 0.46875 0.059375 0.043055555555555555
30 0.28203125 0.43680555555555556 0.028125 0.09305555555555556
30 0.621875 0.4666666666666667 0.0453125 0.058333333333333334
20 0.055859375 0.35138888888888886 0.03359375 0.2722222222222222
20 0.187890625 0.36041666666666666 0.02421875 0.23194444444444445
20 0.2390625 0.39166666666666666 0.0203125 0.18333333333333332
24 0.70703125 0.7354166666666667 0.5484375 0.5236111111111111
30 0.823046875 0.4013888888888889 0.35078125 0.725
25 0.26484375 0.7402777777777778 0.528125 0.5138888888888888