18 0.36015035519115546 0.8537174816805859 0.08877068133065044 0.12716705335987671
18 0.28031231072350316 0.8806097576848761 0.09779551285158128 0.11227719655469173
18 0.4065657460084863 0.7185900138490117 0.039968425399151464 0.07519512174919782
18 0.3923467371112377 0.7941072418124684 0.06216176038012335 0.08998915957413563
18 0.4337675745636676 0.7577040287090117 0.04625025889724856 0.07684262461981493
31 0.28938349357420934 0.3810300054051848 0.5787669871484187 0.5934955447451861
30 0.5750603959702114 0.5014008935358325 0.020549921939110226 0.045252613137345715
30 0.5591316484416693 0.4812464219045362 0.06157151136870649 0.09829016615975314
20 0.65438975171143 0.3094086368662027 0.10335839923887828 0.5593054582906174
20 0.6203649201904992 0.29555323598793115 0.09854356524648952 0.5535559422487655
20 0.56635853456323 0.38728629804438186 0.08606878707186905 0.3157650015193211
29 0.8986696743733871 0.5997100319199369 0.165302642318796 0.5035905915222841
13 0.15402596664461313 0.3587962648607097 0.30805193328922625 0.32126403241975365