30 0.4515625 0.6541666666666667 0.225 0.5111111111111111
19 0.954296875 0.7131944444444445 0.08984375 0.5708333333333333
19 0.282421875 0.5097222222222222 0.03359375 0.11666666666666667
19 0.74375 0.6576388888888889 0.11875 0.4708333333333333
30 0.93515625 0.3597222222222222 0.128125 0.19444444444444445
30 0.570703125 0.4361111111111111 0.08359375 0.12777777777777777
30 0.919140625 0.40694444444444444 0.09453125 0.09722222222222222
30 0.69609375 0.42569444444444443 0.0453125 0.05416666666666667
20 0.2796875 0.3388888888888889 0.0125 0.3861111111111111
20 0.109375 0.30625 0.03125 0.5541666666666667
17 0.49921875 0.7404999999999999 0.996875 0.5134444444444445
29 0.1640625 0.40902777777777777 0.090625 0.32083333333333336
29 0.338671875 0.40208333333333335 0.06484375 0.22083333333333333
13 0.28515625 0.5840277777777778 0.13125 0.05416666666666667
13 0.82109375 0.6763888888888889 0.3515625 0.475