18 0.34793466980021465 0.8284722222222223 0.11390102711788863 0.13333333333333333
18 0.48338695341741866 0.5840277777777778 0.02646321159934022 0.041666666666666664
18 0.3219942954270353 0.81875 0.0617702257851052 0.09861111111111111
31 0.0807003910329733 0.44375 0.15367188394009085 0.4152777777777778
30 0.2166037929530063 0.44166666666666665 0.32292198911294034 0.44583333333333336
30 0.4295781602333032 0.42291666666666666 0.106125631037097 0.18333333333333332
30 0.5658039909934022 0.4166666666666667 0.022647889812585476 0.04722222222222222
30 0.5459048480467136 0.41805555555555557 0.017179139812585474 0.04722222222222222
20 0.7588193793544908 0.34791666666666665 0.11607625870898168 0.6958333333333333
20 0.9259159511412454 0.3423611111111111 0.12058190228249081 0.6847222222222222
20 0.4836727952624331 0.2673611111111111 0.07515809052486624 0.5347222222222222
20 0.5958431804894186 0.24722222222222223 0.0494988609788372 0.49444444444444446
20 0.5329699331945568 0.34375 0.024890002902993834 0.23194444444444445
24 0.5035049163036536 0.6902777777777778 0.9929901673926927 0.6194444444444445
29 0.6515482685402558 0.4048611111111111 0.08993232970431357 0.1486111111111111
29 0.834502515208297 0.31805555555555554 0.07190374373179367 0.09722222222222222
13 0.8629726761016743 0.7965277777777777 0.27405464779665145 0.33194444444444443