18 0.5109375 0.5138888888888888 0.040625 0.03611111111111111
19 0.080859375 0.5493055555555556 0.02890625 0.07916666666666666
31 0.7890625 0.7152777777777778 0.1515625 0.17777777777777778
30 0.506640625 0.49722222222222223 0.04921875 0.07222222222222222
30 0.566015625 0.5083333333333333 0.04765625 0.09166666666666666
30 0.465625 0.4930555555555556 0.034375 0.08888888888888889
20 0.072265625 0.36041666666666666 0.04921875 0.4486111111111111
24 0.713671875 0.7840277777777778 0.56796875 0.4263888888888889
16 0.258203125 0.5805555555555556 0.05234375 0.1
23 0.384375 0.5630000000000001 0.090625 0.299
29 0.111328125 0.42569444444444443 0.06171875 0.2125
29 0.315234375 0.425 0.05390625 0.2722222222222222