19 0.09553548903229483 0.6380917074339206 0.19107097806458967 0.7234056370900634
30 0.165756135798363 0.38679611433654365 0.331512271596726 0.5263700064508652
30 0.35661521229141535 0.48969199235699606 0.02766797659425162 0.04025038124163811
20 0.774066063150498 0.33787845715794224 0.03748114710475257 0.47881569586680484
9 0.45183698043943893 0.5956774682146112 0.0196883802577247 0.06019388534973555
9 0.37351942927472853 0.5276636554845093 0.010647572930778537 0.017718283023763586
17 0.39890897501237194 0.8227454383157937 0.19271420171816533 0.3545091233684126
15 0.7752174663617155 0.33869424195128245 0.10232489710475239 0.4855298618390391
25 0.39258759356722256 0.7713458121654045 0.07922383254171698 0.09820534723896988
20 0.5469115422889409 0.3477931031543864 0.08016993611433296 0.42092662912484524
20 0.46055077877704437 0.40641770914500003 0.04421142469437243 0.2579686642654017