26 0.578125 0.4548611111111111 0.00625 0.02361111111111111
30 0.5796875 0.4409722222222222 0.025 0.05138888888888889
20 0.091796875 0.35555555555555557 0.03515625 0.2916666666666667
20 0.18515625 0.36875 0.028125 0.23194444444444445
20 0.718359375 0.27361111111111114 0.05078125 0.49722222222222223
20 0.661328125 0.3284722222222222 0.03203125 0.30694444444444446
20 0.3140625 0.39861111111111114 0.01875 0.14722222222222223
20 0.262890625 0.38263888888888886 0.02265625 0.17916666666666667
20 0.623828125 0.3590277777777778 0.02109375 0.2125
17 0.5046875 0.7243055555555555 0.9859375 0.5458333333333333
29 0.925 0.38263888888888886 0.1484375 0.3680555555555556
29 0.700390625 0.37569444444444444 0.05703125 0.1986111111111111
29 0.117578125 0.4083333333333333 0.03984375 0.13055555555555556
25 0.2269453125 0.7629583333333334 0.453890625 0.4740694444444443