9 0.27486217802950347 0.588904259496132 0.04193187245580869 0.07330688783899891
9 0.1995313073827171 0.608886640941548 0.04180904172311406 0.06914022117233223
9 0.10582058994714831 0.6293143530578752 0.04263123530067894 0.07057761112995958
9 0.08349687160706834 0.6021759102259627 0.04986720318850331 0.0779585651930508
9 0.06680069453784684 0.6199096004048772 0.0444836623699004 0.054056447669508616
20 0.7643805800532965 0.6934830674973524 0.37424084068231733 0.500136770466244
30 0.04093369572527145 0.48585096366288966 0.054517081637205776 0.05052029489644288
30 0.07198063885058074 0.46374778149009 0.11898569538658718 0.09472665924204225
20 0.7402028157504601 0.2289659656495792 0.0804056315009202 0.4579319312991584
9 0.4354787734615192 0.514927148309627 0.019156113749381375 0.0413933023587641
9 0.44769881247109977 0.45155412907233333 0.0068641536634730825 0.021221341883241648