18 0.149609375 0.5659722222222222 0.07421875 0.07361111111111111
19 0.034375 0.5451388888888888 0.0234375 0.04861111111111111
19 0.5828125 0.5381944444444444 0.0265625 0.13194444444444445
31 0.73828125 0.7986111111111112 0.2671875 0.32222222222222224
3 0.362890625 0.7513888888888889 0.72421875 0.49166666666666664
30 0.461328125 0.4930555555555556 0.04453125 0.08888888888888889
30 0.512890625 0.5076388888888889 0.05078125 0.09861111111111111
30 0.407421875 0.4888888888888889 0.03984375 0.09722222222222222
30 0.153515625 0.5555555555555556 0.13046875 0.1
20 0.30625 0.45625 0.00625 0.1486111111111111
20 0.253125 0.4423611111111111 0.009375 0.1986111111111111
20 0.625 0.41597222222222224 0.009375 0.2625
16 0.3296875 0.5465277777777777 0.0234375 0.05138888888888889
29 0.026171875 0.41875 0.05234375 0.23472222222222222
29 0.25234375 0.4083333333333333 0.0546875 0.26666666666666666