4 0.91171875 0.5055555555555555 0.0953125 0.08888888888888889
12 0.099609375 0.4951388888888889 0.19921875 0.0763888888888889
30 0.6609375 0.40902777777777777 0.08125 0.09861111111111111
30 0.5828125 0.41388888888888886 0.0828125 0.08055555555555556
30 0.729296875 0.4152777777777778 0.05390625 0.07222222222222222
30 0.50625 0.43333333333333335 0.0296875 0.05
30 0.4625 0.4125 0.009375 0.08888888888888889
30 0.476171875 0.4083333333333333 0.03671875 0.09722222222222222
30 0.64921875 0.40902777777777777 0.215625 0.09861111111111111
20 0.825 0.28541666666666665 0.025 0.3458333333333333
20 0.5125 0.3402777777777778 0.021875 0.18888888888888888
20 0.873046875 0.2902777777777778 0.04140625 0.25277777777777777
30 0.403515625 0.38333333333333336 0.12421875 0.2222222222222222
29 0.05078125 0.3263888888888889 0.1015625 0.2861111111111111
29 0.129296875 0.34375 0.09609375 0.24861111111111112
17 0.6724453125000001 0.5268333333333334 0.21759374999999997 0.1322222222222223
20 0.2428046875 0.27263888888888893 0.04646875000000002 0.39481944444444445
20 0.14909375 0.2889861111111111 0.040726562499999994 0.43143055555555554