4 0.4681103541499828 0.5312124966059407 0.023837543502986235 0.03273921302568223
18 0.18451077830409762 0.8023429649723864 0.07463763050895836 0.0985087934063971
30 0.5432100384205384 0.5160143725792928 0.02165744766329869 0.04502084727866955
30 0.5658753803183336 0.5188196859115264 0.02238414627652787 0.04092696919434044
30 0.5976338733844794 0.5009706844540329 0.015080139342673604 0.019438538619969057
30 0.5549196965227432 0.5164117568699117 0.04518586664125017 0.05414894919324082
20 0.7473779938254516 0.37620278053863015 0.07913098765090307 0.6205126498816066
20 0.946623692913646 0.3670224855480982 0.0869973858272921 0.5657577687317641
17 0.5037630658716147 0.698025849540173 0.9924738682567706 0.603948300919654
24 0.7569880767473612 0.7292482391064306 0.4860238465052776 0.541503521787139
29 0.8608105400360591 0.41142662344481934 0.2783789199278818 0.6079299683389523
29 0.457698877801337 0.4511723669512234 0.047185430945798676 0.1472772933311338
13 0.1585100163362503 0.663975407808811 0.3023288322563196 0.32502746067516913