18 0.48671875 0.6979166666666666 0.03125 0.05416666666666667
12 0.856640625 0.5173611111111112 0.28359375 0.11805555555555555
31 0.266015625 0.4263888888888889 0.53203125 0.4166666666666667
30 0.553515625 0.47430555555555554 0.03515625 0.07083333333333333
20 0.646875 0.28680555555555554 0.0171875 0.5736111111111111
20 0.512890625 0.30486111111111114 0.04765625 0.6097222222222223
20 0.56171875 0.39375 0.009375 0.24305555555555555
24 0.49921875 0.75 0.996875 0.49444444444444446
14 0.4640625 0.5055555555555555 0.034375 0.06388888888888888
14 0.5203125 0.4979166666666667 0.015625 0.05138888888888889
29 0.798046875 0.42569444444444443 0.03515625 0.06805555555555555