18 0.4882750932336526 0.5319514593718102 0.030369546279135663 0.03748818835104938
31 0.40346233901489226 0.45775899894631567 0.2563467476377472 0.3066984682636892
30 0.17917291174530686 0.5746646268663718 0.3479787200477511 0.6840040796005897
30 0.5238058381078431 0.4082823242395498 0.04762153366526398 0.08207230413569372
30 0.5308594081171097 0.38884083270734304 0.04021826143274545 0.10217775164565145
20 0.6134772013586116 0.22269837579894075 0.11445440271722322 0.4453967515978815
20 0.5644221424656042 0.23332454947590714 0.11478178493120836 0.4666490989518143
20 0.5051252707773152 0.2541825403307454 0.1304415012659444 0.44746612995577
24 0.5629824439129584 0.6495240710611417 0.45238347785229943 0.6396638715494933
17 0.34227063982927436 0.6895676843071148 0.6422445860196675 0.6185353967509684
29 0.7139025592519025 0.3237824549001816 0.048648320325752795 0.09464509271803129
29 0.5269109907402483 0.3272900371899689 0.026899805897782514 0.05934646766158388
13 0.6695647714102874 0.4573164365071018 0.15060268992586606 0.16375704206179825