30 0.5956712768339407 0.42635669449934743 0.026708623575104264 0.0710999838663355
30 0.5090613030022915 0.44699159700752716 0.028488675911805574 0.028068669268325488
30 0.6735871631846526 0.4431369486397579 0.03740973423243066 0.053157552779326364
20 0.14719093018649296 0.1862696033455527 0.060305639627014074 0.37001814710635805
20 0.8524758825994443 0.38664592807989373 0.020424215615069484 0.24739998924422366
17 0.4886877725592534 0.7076388888888889 0.9773755451185068 0.5847222222222223
24 0.7368469633371524 0.7389069015480424 0.4186285923243059 0.5221861969039152
30 0.5490872175633852 0.4036496531262123 0.07739960780753492 0.12439490207175367
16 0.3143936745353644 0.4553962641979052 0.05107284393982638 0.08246158487208485
29 0.5561467230723436 0.3120435888534097 0.04491376291777769 0.08934138676307428
13 0.3806002293890623 0.44149571783544084 0.03408471248093754 0.03784745372482092