30 0.200390625 0.5625 0.17734375 0.33611111111111114
30 0.309765625 0.4083333333333333 0.19609375 0.3861111111111111
19 0.499609375 0.5583333333333333 0.04921875 0.25277777777777777
19 0.679296875 0.6534722222222222 0.09609375 0.4736111111111111
30 0.7203125 0.45555555555555555 0.1375 0.09166666666666666
30 0.54453125 0.4534722222222222 0.04375 0.07916666666666666
30 0.45703125 0.4479166666666667 0.0796875 0.14027777777777778
30 0.40390625 0.4708333333333333 0.03125 0.18888888888888888
30 0.472265625 0.4222222222222222 0.04609375 0.07222222222222222
30 0.63359375 0.44166666666666665 0.040625 0.05
30 0.41171875 0.4486111111111111 0.015625 0.14444444444444443
20 0.858984375 0.23680555555555555 0.04765625 0.4013888888888889
20 0.8234375 0.3236111111111111 0.0078125 0.23333333333333334
20 0.034375 0.32708333333333334 0.0640625 0.6236111111111111
29 0.2859375 0.16180555555555556 0.0703125 0.11805555555555555