26 0.5416757474000379 0.5076388888888889 0.009494508706427141 0.030555555555555555
30 0.25703129211959885 0.49027777777777776 0.06491567107632772 0.08194444444444444
30 0.3702904093176827 0.4777777777777778 0.042098968792335524 0.05
30 0.22950495703369053 0.5097222222222222 0.03202460594746528 0.05277777777777778
30 0.3269736389083812 0.4895833333333333 0.03025738805964089 0.04583333333333333
20 0.7177374980216356 0.2861111111111111 0.08483750395672889 0.5722222222222222
20 0.6080211216648689 0.3506944444444444 0.04461421641748622 0.32083333333333336
24 0.5863392545803563 0.7416666666666667 0.7988247608541338 0.5166666666666667
14 0.5416314817962056 0.4826388888888889 0.04332727611928178 0.09166666666666666
29 0.7730712505658268 0.35694444444444445 0.1393435402527759 0.38055555555555554
25 0.24774922461588722 0.7486111111111111 0.49549844923177444 0.5027777777777778