9 0.046875 0.6840934776329071 0.0515625 0.08632226984064206
9 0.042578125 0.7922934736647054 0.04609375 0.09726367893161789
20 0.75234375 0.8101517048970466 0.22578125 0.3236729357836872
30 0.512109375 0.47422471536173144 0.04609375 0.06531923448717344
30 0.567578125 0.4551126453754862 0.03046875 0.048167704905834004
30 0.062109375 0.5658162189747129 0.0703125 0.06607077200491618
30 0.535546875 0.46661867640040716 0.09296875 0.08482937878674714
20 0.830859375 0.25633814104327696 0.09921875 0.4641899906192828
20 0.56875 0.28362123231630887 0.075 0.4731606753237623
9 0.176953125 0.7756299613975572 0.06484375 0.10340106998478088
17 0.441015625 0.6995116222942914 0.85546875 0.600976755411417
13 0.32578125 0.541359391770926 0.35703125 0.28469022871138255