18 0.42404785626045227 0.8007736137261428 0.04084771379745078 0.06973654643679007
18 0.5155694874578701 0.6011159477344143 0.017278403590796288 0.02848896622753077
30 0.3571527390194992 0.5292920035441363 0.16481699980360834 0.23734417257592624
30 0.46600757640261464 0.494218251517192 0.07385111133812253 0.12942760317419774
20 0.673974091626121 0.3111828264907109 0.05107318325224206 0.5687032517727778
20 0.5958581819852007 0.3107279294968836 0.11671636397040128 0.5769742541364816
20 0.5860902843954306 0.30962940070598854 0.06593056879086134 0.5734841266460494
17 0.3086566725663288 0.7354328300405247 0.6126692134046672 0.5291343399189505
29 0.8648947887366323 0.5287766117817915 0.04829712031511306 0.19780526494401254
29 0.8327405584486337 0.3705229340548469 0.05109032220870695 0.09654568304598775
13 0.14771637909571175 0.5018784351562348 0.29305108411256364 0.27597909253469183