0 0.405859375 0.5222846246905409 0.02421875 0.03522321896880795
0 0.3375 0.5104538543036731 0.0296875 0.03811412504420165
0 0.277734375 0.48630085695591607 0.0296875 0.035336347266424026
18 0.043359375 0.6522858346771309 0.04375 0.046738359714262226
30 0.137890625 0.37507467144068535 0.10546875 0.07718176002545331
30 0.1203125 0.3837388225475542 0.0328125 0.0492898808968077
20 0.759375 0.27126422773881986 0.0234375 0.511595946672323
20 0.088671875 0.2178065167621404 0.02109375 0.2518252408939795
20 0.91796875 0.2412116150363534 0.0234375 0.4449292800056563
9 0.5078125 0.5007825482707015 0.0109375 0.025226256595232144
14 0.486328125 0.4600603378951461 0.02265625 0.04907978548694921
13 0.125390625 0.6025938702524835 0.24921875 0.15098875146755278