18 0.7471713500039247 0.3514112505951841 0.12239584437236992 0.15077932573388908
30 0.5613962965108038 0.41044541531891887 0.028407742195451745 0.055298102836728445
20 0.8097246856646969 0.20500939032632662 0.10711312867060627 0.41001878065265324
20 0.1536271919292238 0.5244613829796294 0.06595736061443871 0.2580770418774075
20 0.6507167460553168 0.2346672508479311 0.09683782758214683 0.39951858257296313
20 0.619238567562196 0.287316882897746 0.06542164727492761 0.2705447151296914
17 0.19167780735298598 0.7562430324225923 0.38335561470597196 0.48673809320963024
24 0.6992373030918169 0.6059669994973446 0.5908854718618496 0.753023806481112
29 0.6621068692412183 0.31052274839950517 0.08587799101432533 0.1992276418435186
29 0.8347693256832305 0.22358207953857898 0.1592634165122213 0.3188360425523459
25 0.38283105309181675 0.6190593323223451 0.2168477380191005 0.2698716597421608