4 0.5652594576305017 0.4206574174605382 0.05614145934118149 0.10794576712374446
30 0.8258103306214339 0.5150596366686254 0.3459612213955879 0.8470135996769528
30 0.4782321723026833 0.35658751646012243 0.07198463534372693 0.14273487210382885
30 0.6096273492998197 0.381822640336244 0.04801078600413611 0.05860677018925774
30 0.5777324593014106 0.3639736388787505 0.02759828866963616 0.04143648927070337
30 0.5390514936346378 0.3689655625933485 0.042678396005727134 0.07893058344622814
30 0.5803986543006151 0.3741355455072357 0.036328398671227016 0.06307049700974987
20 0.28479152864418283 0.26773103472656096 0.06083005402608972 0.3471258103419834
20 0.06258526664943262 0.22427506708886208 0.07014196670113478 0.44855013417772416
20 0.9581244859762965 0.22095949897380887 0.058086862030543786 0.40516798934596654
20 0.3568480683084102 0.2929425353047813 0.03284995735199914 0.24735598773794673
20 0.38649920564131934 0.2957321247315097 0.02391076201463562 0.19377753555445587
9 0.7911481536044119 0.7410698180846381 0.150236904678545 0.16945817478202893
29 0.05357444066279563 0.0494206442535372 0.05378861867440874 0.0988412885070744