30 0.715625 0.4388888888888889 0.140625 0.23055555555555557
30 0.1078125 0.4986111111111111 0.215625 0.9972222222222222
30 0.616796875 0.4284722222222222 0.03828125 0.08472222222222223
30 0.773046875 0.4340277777777778 0.02578125 0.043055555555555555
30 0.771484375 0.40069444444444446 0.02890625 0.10694444444444444
20 0.389453125 0.35833333333333334 0.03359375 0.35555555555555557
20 0.511328125 0.3854166666666667 0.00703125 0.2125
20 0.475 0.3819444444444444 0.0109375 0.24722222222222223
20 0.90078125 0.30277777777777776 0.0328125 0.3
17 0.4953125 0.7291666666666666 0.7734375 0.5361111111111111
29 0.462890625 0.3277777777777778 0.06640625 0.35
13 0.88359375 0.7194444444444444 0.2296875 0.5555555555555556