24 0.6198078382154394 0.7103691107619702 0.7071809803374517 0.5792617784760595
18 0.7319961180717197 0.5303990422290897 0.07415656551854859 0.09241813635058173
30 0.5823269070992001 0.47747085253605237 0.023383675705962937 0.0446787737007191
20 0.7590281479280001 0.3445990234064812 0.09262673535201653 0.50503934113831
20 0.24248132551442483 0.3545316700454437 0.040955272103323816 0.2114989664318415
20 0.2899856370741939 0.3696038626892809 0.03500914898378564 0.18227573753090162
20 0.6712087249271754 0.39576524051267087 0.05504651583511766 0.30885047376097374
20 0.3332158056872744 0.38602050246650665 0.029753347651002036 0.14750503339358814
20 0.129815015208297 0.3193443664650658 0.04103784012915472 0.2642686638904373
17 0.2181131259892785 0.6792246179165322 0.4239964072970558 0.6112270136108421
29 0.6791265250063176 0.4500046300519744 0.06672215023742681 0.16316258617291435
29 0.19207515439406198 0.376923115965288 0.0434294027447093 0.12403936802775095
13 0.27614576058944346 0.6694099350289158 0.5403344611371218 0.6082643145022759