18 0.8065529643866258 0.5734125049667238 0.3776033461146163 0.3414330706875311
31 0.2331392320460191 0.4410537360027325 0.4662784640920382 0.38455919466120164
30 0.2338815875795072 0.25556431773295807 0.15202610831306052 0.15107587400194308
30 0.5858614627758989 0.4642216407530635 0.0369414637974506 0.07033510578626698
30 0.5101779341360049 0.4390651333095906 0.056568162567786476 0.10071429917139704
30 0.20068982552835674 0.25415339093212375 0.0838664607723885 0.08852294768835695
30 0.12519920657848088 0.2893892996209483 0.23835903893302385 0.27724432489651574
20 0.6903128738802524 0.41052452585424637 0.16738905054229286 0.7880115032816094
20 0.7288054747288535 0.3435646401527247 0.09336522238165763 0.6042857361535201
24 0.402428545768715 0.6651542241712148 0.5817146500747548 0.65543223744844
13 0.2531469445764284 0.3356017910144946 0.496526062937129 0.4015830109135668
25 0.8537274253554061 0.7176761619958951 0.24437268959695366 0.20541011122420197