19 0.45950031730647833 0.4659746558387065 0.033508166873057556 0.14675457287121138
31 0.8075899838699495 0.4039189184607086 0.2723887303552928 0.1472285310212595
30 0.15630894695929076 0.37954558982505665 0.24900904238978616 0.23809517387871623
30 0.4945366930303493 0.417796406559765 0.05725388192686935 0.12945055483339857
20 0.8284247146395272 0.2755037893117846 0.03333915467194863 0.4978525440112967
20 0.8922421388537389 0.28303516124463146 0.03604677770747777 0.5118141623373865
20 0.9280897476212445 0.3105149916915339 0.034304495242489 0.5644949675322297
20 0.6111013007643977 0.27847429544718927 0.04388920285270288 0.3344242748913469
20 0.0232095987380097 0.2303944603172511 0.042634917906514816 0.31634447619005773
20 0.2912447190851973 0.3157325847728873 0.021971353390822124 0.1533353701296514
20 0.24348678846084476 0.26567900649062487 0.023296258891340217 0.11451921067796343
9 0.9432631953044062 0.6364155028747143 0.06235660483856407 0.056057632033890234
17 0.7365550650324213 0.7543618286407779 0.5268898699351574 0.4912763427184441