18 0.341015625 0.7638888888888888 0.05078125 0.075
18 0.3859375 0.7340277777777777 0.046875 0.05416666666666667
18 0.40703125 0.6736111111111112 0.0234375 0.03888888888888889
18 0.428515625 0.6868055555555556 0.02421875 0.0375
18 0.40078125 0.7027777777777777 0.0328125 0.03333333333333333
12 0.80859375 0.5013888888888889 0.3390625 0.075
31 0.269921875 0.46875 0.53984375 0.3347222222222222
30 0.5421875 0.48125 0.0140625 0.04861111111111111
30 0.549609375 0.4798611111111111 0.02890625 0.05138888888888889
30 0.5375 0.44375 0.021875 0.02638888888888889
20 0.5546875 0.2701388888888889 0.01875 0.5402777777777777
20 0.583984375 0.27291666666666664 0.02109375 0.5430555555555555
24 0.450390625 0.7506944444444444 0.37578125 0.4986111111111111
29 0.90625 0.38055555555555554 0.1421875 0.7611111111111111
29 0.78671875 0.47708333333333336 0.078125 0.3763888888888889
13 0.13671875 0.4888888888888889 0.271875 0.16944444444444445
25 0.921875 0.7194444444444444 0.153125 0.13055555555555556