6 0.18377775270527094 0.5148908521154127 0.07329259667409058 0.10098058836969714
18 0.894754518678386 0.6531763893123086 0.21049096264322814 0.6109922106678839
30 0.6207146787078163 0.5708147948728161 0.07909770134468133 0.15265236503312724
30 0.5345774577100435 0.5955158759556549 0.12210336135422625 0.2798346421510159
31 0.04790334003022588 0.3981772606081026 0.09373400803627105 0.47968785454953855
30 0.36680815503658926 0.4979787036736516 0.20038290268936265 0.3074870071841431
20 0.7005280796864991 0.29587123855465625 0.04067264270368014 0.48666202410479
20 0.8631556226925443 0.3834235071095063 0.06339307471354302 0.6169602418696212
20 0.6265954120186128 0.2760800313761288 0.03350503270208929 0.46546497791847524
24 0.7538828093968608 0.8449774883429464 0.4912624413589988 0.3100450233141073
30 0.7260382517106798 0.6137502813979278 0.13701928934595387 0.1723095596020858