18 0.05268508423716793 0.5567402941848486 0.07973948891872354 0.24403614392525286
19 0.03884059023006174 0.45756340752465524 0.05753694029820453 0.23179348171597713
19 0.13056442277177868 0.5524482147735313 0.04734306874690701 0.20353075346755736
31 0.1987749725797223 0.4318606128262306 0.3869865021477066 0.5053878923191278
30 0.46470704941145885 0.4560175428277521 0.047973832541716985 0.09262170505254706
30 0.42056476339832527 0.46690847253664725 0.04596095318850324 0.0772631021963289
30 0.5325291748637144 0.48102079897846367 0.040904960990419424 0.06452062696100806
20 0.8115732047146121 0.38104659857321854 0.08877140942922424 0.6827229701180408
20 0.44632666299149815 0.295588101169177 0.057827946629782544 0.5327378326734443
20 0.7162828375165283 0.363636475057969 0.06850317503305661 0.6567126566375368
20 0.5731160136812387 0.2965995832368976 0.05248202736247727 0.5366216115655698
9 0.6552269080724576 0.6475397590673746 0.027988881162236013 0.1026820901439341
24 0.5557066039113003 0.7341587838475732 0.2694205438708206 0.5316824323048536
29 0.8566561137493813 0.4268906193349652 0.2866877725012372 0.6191193061781263