8 0.215234375 0.5902777777777778 0.43046875 0.17777777777777778
18 0.65859375 0.9173611111111111 0.05625 0.11805555555555555
18 0.544921875 0.6006944444444444 0.02109375 0.034722222222222224
31 0.221875 0.46111111111111114 0.44375 0.4388888888888889
30 0.512890625 0.45416666666666666 0.07890625 0.15
20 0.783984375 0.38055555555555554 0.05546875 0.7611111111111111
20 0.963671875 0.3888888888888889 0.04453125 0.7777777777777778
20 0.659375 0.2777777777777778 0.01875 0.475
20 0.68671875 0.2777777777777778 0.0234375 0.4861111111111111
24 0.7125 0.7479166666666667 0.4234375 0.5013888888888889
29 0.879296875 0.40208333333333335 0.08984375 0.49027777777777776
29 0.82109375 0.4673611111111111 0.0515625 0.2652777777777778
13 0.22109375 0.48819444444444443 0.440625 0.18472222222222223