28 0.24921875 0.4222222222222222 0.0234375 0.05
4 0.918359375 0.5090277777777777 0.09765625 0.09027777777777778
12 0.09375 0.5020833333333333 0.1875 0.0763888888888889
30 0.572265625 0.41597222222222224 0.06484375 0.08194444444444444
30 0.873046875 0.44513888888888886 0.05859375 0.10138888888888889
30 0.6421875 0.41180555555555554 0.084375 0.10416666666666667
30 0.701953125 0.4263888888888889 0.03359375 0.058333333333333334
30 0.71484375 0.4166666666666667 0.059375 0.075
30 0.49140625 0.4173611111111111 0.0125 0.08472222222222223
20 0.138671875 0.25625 0.06171875 0.49583333333333335
20 0.236328125 0.26319444444444445 0.04453125 0.4125
20 0.38828125 0.31666666666666665 0.0296875 0.2861111111111111
20 0.826171875 0.28402777777777777 0.02578125 0.3486111111111111
20 0.510546875 0.3423611111111111 0.02109375 0.19305555555555556
20 0.90078125 0.2388888888888889 0.0453125 0.3861111111111111
20 0.875 0.28888888888888886 0.0421875 0.25277777777777777
17 0.6585 0.5370972222222222 0.20348437500000002 0.17697222222222217
30 0.439453125 0.39166666666666666 0.11015625 0.18333333333333332
29 0.0453125 0.3298611111111111 0.090625 0.29305555555555557