8 0.2845940431356516 0.7260913329214791 0.5389584379233553 0.5325442171235591
18 0.3031847122336148 0.5234524499200762 0.024331614653892508 0.08469136325801242
19 0.5645161592598822 0.5133356695929671 0.04036605042954129 0.0995502735216721
30 0.5369914851871076 0.4790477443669679 0.022322057326946164 0.0429761955226073
20 0.8474575944139332 0.3236421761373374 0.07616518882786635 0.5467901378484231
24 0.47499551447217847 0.6889131394232582 0.9261552227490644 0.6221737211534838
15 0.8308244937241926 0.3281549587150144 0.14758648744838537 0.562314846214741
29 0.11638407507848507 0.5090829167137878 0.07888299581612852 0.1892813226836449
29 0.1691798654448324 0.5144400721869725 0.040816429782754945 0.11482805129944988
29 0.7190138904902609 0.3974626915680766 0.0924099072815178 0.1984391741855333
29 0.8094137008136542 0.3954499266528582 0.08332151232447202 0.20757938358289307