18 0.09453125 0.47629218359068565 0.0578125 0.20418787352745338
18 0.736328125 0.9899369460400778 0.07265625 0.020126107919844573
19 0.16328125 0.4826612464041137 0.028125 0.17703734387822043
19 0.08984375 0.3891470707220934 0.0359375 0.19565882828883743
31 0.1984375 0.38312459291855594 0.396875 0.48013807472600073
30 0.478125 0.44366262370752674 0.0328125 0.07876579008014614
30 0.451171875 0.44240461360200983 0.08828125 0.08417277383997007
30 0.528515625 0.4723128648226719 0.03984375 0.05983068160525688
20 0.458984375 0.2846372091237378 0.02109375 0.5043057856864431
20 0.682421875 0.36471166326737864 0.01953125 0.629192599915431
20 0.763671875 0.3830973233600157 0.03515625 0.6581022354033311
20 0.5765625 0.30009888283685415 0.015625 0.5150207465990114
9 0.60859375 0.6301969689203831 0.015625 0.07890963548790036
17 0.55625 0.7336032692513693 0.215625 0.5327934614972615
29 0.866796875 0.46765091758015764 0.26328125 0.5315718024155643