30 0.1515625 0.45069444444444445 0.303125 0.9013888888888889
19 0.66796875 0.4708333333333333 0.0125 0.058333333333333334
30 0.433984375 0.43680555555555556 0.15859375 0.31527777777777777
30 0.566796875 0.4465277777777778 0.09921875 0.09305555555555556
30 0.623046875 0.4444444444444444 0.01953125 0.044444444444444446
30 0.91640625 0.4798611111111111 0.08125 0.12361111111111112
30 0.91640625 0.40625 0.08125 0.2708333333333333
30 0.758203125 0.42291666666666666 0.04140625 0.03194444444444444
20 0.63203125 0.35833333333333334 0.015625 0.09444444444444444
20 0.90546875 0.30069444444444443 0.0453125 0.30416666666666664
17 0.71015625 0.6458333333333334 0.2890625 0.33611111111111114
20 0.8484375 0.29305555555555557 0.03125 0.4083333333333333