30 0.4530071603945444 0.3997475067016061 0.07905507213985138 0.1705866829710222
30 0.6152330972827768 0.46489219084609346 0.05359871515360979 0.0665965290166396
30 0.5237276435619125 0.4349386482518502 0.06281994773041451 0.09898551139250585
30 0.5042100344874952 0.43525451728790976 0.05869544292109108 0.08767233758529393
20 0.2452566751390009 0.26827757491032833 0.08551838166583092 0.380430142810905
20 0.34054064868772205 0.3243977374277496 0.046589801721431276 0.2660307534675574
20 0.9016095961016504 0.3085557724425083 0.07971481496827551 0.4425664299579235
20 0.3788851414737369 0.3390639834030183 0.03536955952597953 0.21133872379102867
20 0.7556373698317815 0.3695245206900704 0.06836559800056694 0.301844114248724
29 0.33648559310642556 0.27257708559934724 0.11526044536816187 0.3847435970790488
13 0.7884386849893158 0.6862538937290623 0.40366323565684786 0.5647719516721854