30 0.3959346683123613 0.4136361482424199 0.1636663757593057 0.3310746595940185
30 0.7206632177992711 0.5189379900982547 0.12035017401194459 0.12467872239902897
30 0.5662660053183336 0.4782542365796301 0.0440052263486459 0.08005553186222174
30 0.522016277544792 0.46900779627268113 0.05447060087368065 0.10387673838319134
30 0.4656662666690453 0.46020530203688376 0.017170622625173593 0.11837877926303011
30 0.5092707963043231 0.44999921730670145 0.08968205547083344 0.1684767194285243
30 0.5436276125087328 0.4493214205742566 0.09811215131052098 0.1561544924676353
20 0.2991953935689064 0.36234276688589573 0.03801241232843768 0.33819493097107023
20 0.8665913540078126 0.33034194865259653 0.06748235999173602 0.3818484503854539
20 0.8326530917071704 0.39281722034791 0.020605400360590664 0.20176059615248457
20 0.11814443550482652 0.2843120581016957 0.08934113582729193 0.5600302577975749
29 0.31806293502986127 0.3120523520757945 0.10888926320211825 0.44241105424710997
13 0.8006474843746009 0.7346296338496128 0.3987050312507982 0.5307407323007743