18 0.74140625 0.6118055555555556 0.096875 0.0625
13 0.4 0.6194444444444445 0.5625 0.20277777777777778
6 0.895703125 0.5604166666666667 0.11484375 0.08472222222222223
30 0.86953125 0.5416666666666666 0.053125 0.04722222222222222
30 0.653515625 0.5722222222222222 0.14296875 0.09166666666666666
20 0.739453125 0.3506944444444444 0.01328125 0.4652777777777778
20 0.928125 0.38263888888888886 0.009375 0.2847222222222222
15 0.7375 0.34930555555555554 0.04375 0.46805555555555556
29 0.794921875 0.4097222222222222 0.06171875 0.21944444444444444
29 0.10703125 0.5145833333333333 0.0546875 0.1375
29 0.059375 0.42291666666666666 0.03125 0.09027777777777778