8 0.27413537412574207 0.7421031762853134 0.5266908067888089 0.5157936474293732
18 0.25744784387512104 0.6049912437100837 0.0331261173882468 0.09787037822035181
19 0.5296160079554386 0.5322862822977618 0.03787724990180408 0.11760582907722765
30 0.5035554898541641 0.49663371871724293 0.022801695745273777 0.045850975437862
20 0.8175685137600732 0.2924715361702858 0.11486297247985355 0.49036598830042144
14 0.6321756539835797 0.4726677000802881 0.024364195745273775 0.045947977575339076
29 0.07290921741168792 0.6435449914877887 0.0960306383672898 0.22536157483054606
29 0.7759986372966401 0.3399009795271432 0.09757041246959072 0.21851413252357868
29 0.6813469400388351 0.3708379057653356 0.09990507211051103 0.21588185795201661
29 0.1346711466173161 0.6341821314736887 0.052802813133520664 0.14352734938325998
24 0.44978507435951115 0.6629365096186468 0.8779902072563471 0.6741269807627063