4 0.37711567504278126 0.5467350927874389 0.062322371587787195 0.1149568328264198
18 0.4584576624296421 0.7704784140466674 0.044043252481199245 0.07257897771000014
18 0.458543303454994 0.6627263815407723 0.03368579528527036 0.03469105673740734
12 0.8463130350508866 0.5042770957399395 0.28692426530148085 0.16864672711765472
31 0.24511769706398923 0.47345818684429053 0.49023539412797845 0.4996941514663588
30 0.5106666334793101 0.47926548311092665 0.04439000889134022 0.11560220651783955
20 0.6340742083340849 0.30640137098598863 0.05528908333183029 0.5614032131034569
20 0.48783383209348513 0.3358052625774699 0.09151983581302972 0.6336589233362965
20 0.5462616851747211 0.4042666443738279 0.02526332733597414 0.2493869530562964
24 0.4943053869939667 0.7173934378588273 0.9886107739879334 0.5652131242823455
29 0.7916287661300505 0.41233390982333457 0.041626727874093564 0.06970421968907409