28 0.22578125 0.3923611111111111 0.01875 0.04027777777777778
17 0.766015625 0.7472222222222222 0.46484375 0.49722222222222223
19 0.5609375 0.4486111111111111 0.025 0.11388888888888889
30 0.334765625 0.3888888888888889 0.17890625 0.17777777777777778
30 0.605859375 0.42083333333333334 0.03046875 0.06666666666666667
30 0.636328125 0.41388888888888886 0.01796875 0.03888888888888889
30 0.622265625 0.41180555555555554 0.01015625 0.043055555555555555
20 0.980078125 0.2743055555555556 0.02890625 0.5486111111111112
20 0.88984375 0.24791666666666667 0.0203125 0.49583333333333335
20 0.487890625 0.34791666666666665 0.01328125 0.09861111111111111
20 0.43359375 0.3284722222222222 0.015625 0.14305555555555555
20 0.3921875 0.2826388888888889 0.01875 0.10138888888888889
9 0.978125 0.58125 0.0421875 0.04861111111111111