4 0.580859375 0.7215277777777778 0.83515625 0.5513888888888889
30 0.787109375 0.4435555555555556 0.42578125 0.2763888888888889
31 0.251171875 0.4152777777777778 0.50234375 0.32222222222222224
30 0.562109375 0.40902777777777777 0.02734375 0.08472222222222223
30 0.52421875 0.37222222222222223 0.0390625 0.07222222222222222
20 0.841015625 0.17083333333333334 0.03671875 0.3416666666666667
20 0.682421875 0.17847222222222223 0.03359375 0.35694444444444445
20 0.71953125 0.17916666666666667 0.034375 0.35833333333333334
17 0.292578125 0.6979166666666666 0.58359375 0.5986111111111111
29 0.489453125 0.3104166666666667 0.03359375 0.1125
29 0.716015625 0.21041666666666667 0.04453125 0.14305555555555555