6 0.300390625 0.5340277777777778 0.05078125 0.05694444444444444
18 0.921875 0.7048611111111112 0.153125 0.2708333333333333
18 0.526171875 0.4965277777777778 0.03515625 0.034722222222222224
19 0.12734375 0.5201388888888889 0.0171875 0.07083333333333333
31 0.765625 0.6743055555555556 0.165625 0.18194444444444444
30 0.524609375 0.48194444444444445 0.03984375 0.06388888888888888
20 0.344921875 0.4375 0.01015625 0.2111111111111111
17 0.28984375 0.7951111111111111 0.5796875 0.40422222222222215
15 0.110546875 0.33819444444444446 0.04609375 0.4125
24 0.713671875 0.7604166666666666 0.56953125 0.4736111111111111
29 0.1453125 0.4125 0.0578125 0.20555555555555555
29 0.339453125 0.40902777777777777 0.05078125 0.2652777777777778
29 0.05234375 0.37916666666666665 0.1046875 0.3194444444444444
16 0.0399453125 0.621 0.079890625 0.2086527777777778
23 0.4764921875 0.5173333333333333 0.087890625 0.18649999999999997