0 0.3247937727498782 0.6067191616717454 0.040189895326597294 0.08894075538641744
18 0.40991398176388866 0.5857761564158267 0.15300097948277785 0.299698130020559
19 0.8907649180764754 0.5615247067815632 0.21265134925816015 0.563495039999222
30 0.9041767206975173 0.2538704880743034 0.14900315729444458 0.23280509181186773
30 0.5734416928199304 0.4891858468250145 0.10628898043270851 0.24913692755347527
30 0.9124600397517186 0.3976617511414386 0.17307970298163228 0.521776506835027
30 0.5683005777457464 0.43390028907260736 0.08922746058107638 0.13828284762113047
30 0.8661581559180032 0.3206267704572069 0.05338022634864572 0.08295838999557709
30 0.4879935222749129 0.5949076671886615 0.3203722770698267 0.5046947844179069
15 0.11024226990008659 0.4493762657198819 0.13801502516996553 0.5858399007684117
2 0.5155460593190101 0.6108056035130178 0.19488066137850701 0.3984742934002109
29 0.18326998128892336 0.5457248120651861 0.12464024335048629 0.339270859923499
13 0.31698061953949624 0.6659320479244125 0.0907893073706945 0.07873040405542674
25 0.8248947634411976 0.5456314968451844 0.3441007177992709 0.5286147932053129