30 0.154296875 0.39444444444444443 0.30859375 0.7888888888888889
31 0.8534812180539946 0.6479561406211243 0.252682005995856 0.3262919456262738
31 0.2801476106295325 0.3223323823445185 0.3104046147633618 0.3562214125330759
17 0.2811450882964836 0.6205158048892472 0.5622901765929672 0.7589683902215058
30 0.382472089951368 0.346485796826587 0.10269481451569265 0.16861113466105584
30 0.39925184832597954 0.31632485825078027 0.051256438998963996 0.08083334510830574
30 0.3832908042813089 0.315235796826587 0.08383349855225797 0.1036552222599191
20 0.5972901650132852 0.2894707545265967 0.10636143176025356 0.5765079583757423
20 0.4677032686112499 0.27879618247156335 0.07443288151258472 0.39981042096989344
20 0.5510572700589919 0.3720721760214352 0.06552876240599695 0.3576587436158415
29 0.9222462385250164 0.4793714691168616 0.11303300103345748 0.1761860929991013
29 0.6591105377392283 0.4901607737261935 0.20290032981717374 0.3315212105603406