8 0.4137756461066136 0.6968527572318027 0.2753132402574721 0.5944644978428253
18 0.6549021396121442 0.4419155151001285 0.12180859050235338 0.234417105806625
19 0.7692521016662158 0.5693847707759279 0.06391426988550233 0.2248878447556357
30 0.5044686272337611 0.4096179572105915 0.014321598620028197 0.026679790225615976
30 0.7637862159110381 0.4896529491478065 0.10203583279171564 0.12986257069098883
30 0.9032987293037188 0.44094292481794944 0.11746991801906326 0.11074134995401895
20 0.1973067380286539 0.270168292099881 0.0468495008107789 0.23703229867741366
20 0.28344394825600155 0.2878269255605284 0.03720176542127547 0.20906058667515112
20 0.7802575827933633 0.283798411662837 0.05295127069628123 0.46072421571539335
20 0.7594220442385269 0.3772660774454227 0.03836089082666501 0.3271161422307068
24 0.6427159880303016 0.6886453076950778 0.7019439241048477 0.6102329495013256
29 0.04944880073134865 0.2142111395431117 0.09287111282348774 0.31019186965131207
13 0.8775975255708405 0.6719833159347168 0.22785008482031052 0.2949321991654118
25 0.2745831913561427 0.6560925765259426 0.5491663827122854 0.687814846948115