18 0.5170994663039151 0.6838990364418301 0.0353133802577247 0.0593757885998798
12 0.861468645126388 0.4345527449599134 0.2770627097472239 0.1700568318868226
31 0.2827748363291037 0.45414823629476253 0.5529390507682257 0.5139257496326972
30 0.5656896952730158 0.4488444397614087 0.04053314676606821 0.07757680302983706
20 0.6440648001466279 0.2661790097439925 0.06156710029325581 0.532358019487985
20 0.5117419620642727 0.29835534127266583 0.0953589241285453 0.5967106825453317
20 0.5675913709854706 0.36746110245987373 0.0282588760738534 0.24371012049036378
24 0.507436242367426 0.6969480220118728 0.985127515265148 0.6059584971018527
14 0.47952036154387434 0.49669856097246484 0.03954717887824373 0.07060811543965902
14 0.5348884136130958 0.4782985093858432 0.019565549525030156 0.05472425901854036
29 0.8045574434639935 0.35524219661860423 0.04045125961093845 0.0747990252520592