30 0.599609375 0.41388888888888886 0.02421875 0.06944444444444445
30 0.513671875 0.4409722222222222 0.02734375 0.02638888888888889
30 0.678125 0.425 0.0359375 0.05
20 0.143359375 0.19930555555555557 0.04765625 0.3819444444444444
20 0.8546875 0.35555555555555557 0.0125 0.24722222222222223
17 0.49140625 0.7215277777777778 0.98125 0.5486111111111112
24 0.7515625 0.7326388888888888 0.4015625 0.5263888888888889
30 0.55234375 0.39444444444444443 0.0734375 0.11944444444444445
16 0.31953125 0.46319444444444446 0.0484375 0.07916666666666666
29 0.55625 0.30277777777777776 0.0421875 0.08611111111111111
13 0.38515625 0.4444444444444444 0.0328125 0.03611111111111111