30 0.677734375 0.42291666666666666 0.05078125 0.09305555555555556
30 0.45625 0.41458333333333336 0.1296875 0.12083333333333333
30 0.9359375 0.4722222222222222 0.1265625 0.17222222222222222
30 0.3609375 0.4305555555555556 0.065625 0.08611111111111111
20 0.82578125 0.24375 0.0140625 0.4875
20 0.926953125 0.20277777777777778 0.01640625 0.40555555555555556
20 0.825390625 0.24375 0.03671875 0.4847222222222222
17 0.6803671875 0.7513888888888889 0.46959375000000014 0.49722222222222223
9 0.841796875 0.5291666666666667 0.02578125 0.030555555555555555
20 0.160546875 0.2708333333333333 0.05546875 0.4166666666666667
19 0.5938046875 0.4428333333333333 0.017820312499999956 0.0838055555555556