18 0.6447482270921002 0.526730756179637 0.07463790145127884 0.06567021157253379
13 0.8404811065849376 0.636918193237154 0.30092263765628074 0.2642152383852394
18 0.7146428202409348 0.5324604907206252 0.07191220553496294 0.04608026392187365
19 0.40514009006879165 0.5396672069234222 0.0565079495445131 0.17552029489644289
30 0.5370820600317248 0.472766885402758 0.05408978847458741 0.09213846049437092
30 0.6375408896596383 0.47552705051343797 0.059122028855940555 0.0702557457533184
30 0.4797693124363865 0.4636465012949199 0.17096975362819702 0.16320550755656346
20 0.9067943758646402 0.3072951916623189 0.11141124827071955 0.5076940278248989
20 0.827519820873907 0.3211465837197265 0.06741322241000383 0.3731790267373119
20 0.9240500804925539 0.30488999295234454 0.06908733901489228 0.4981305256685734
15 0.14847219977618115 0.30610673885363915 0.06594992613086811 0.3384083034463512
24 0.7611817423847108 0.7274890428626323 0.46110371342432915 0.5450219142747355
16 0.40572044342683633 0.5897642090608992 0.05008433475372307 0.1265696763041619
29 0.93741317604605 0.301547844454233 0.11671381796350033 0.3804012607345064
29 0.5345585053574776 0.3822223517469183 0.04827629809323426 0.11397267416668484
13 0.1661290753879488 0.5669202351224785 0.3322581507758976 0.24183429609712054