4 0.3101031818189199 0.5279077059162344 0.02820356512886235 0.03171426704848115
26 0.5170270898356066 0.47261680335917694 0.011138895861557075 0.03427958490372147
31 0.2509987163617155 0.7332547138058072 0.501997432723431 0.5323259550709847
30 0.5155022113869042 0.4450573913284119 0.05311171189493056 0.11021402482515914
30 0.25854068181891987 0.5327117523505132 0.061667840343633 0.0833097100354321
30 0.3727841058916945 0.4895185190226785 0.032805855947465365 0.055689321071280065
30 0.11085677634642441 0.6531220845274057 0.03848264586155699 0.03682718528553611
30 0.66689429302411 0.3838597612973787 0.11112560775648764 0.14886092466913428
30 0.5994439817962056 0.4254634574627377 0.04863557383528967 0.06408953716247558
20 0.69177034090946 0.24921416503476188 0.1305218181810801 0.49842833006952375
20 0.7118150466421546 0.2430458123538124 0.08418240671569084 0.4860916247076248
24 0.5700917958512147 0.6414996095305845 0.8366423433958508 0.6832268787342045
29 0.7547461750908571 0.2316269385428156 0.1775362590451115 0.4459139464287801