4 0.3375 0.5722222222222222 0.025 0.03888888888888889
19 0.362890625 0.63125 0.04140625 0.2125
19 0.4015625 0.6347222222222222 0.0390625 0.21666666666666667
30 0.24296875 0.5638888888888889 0.096875 0.125
30 0.034765625 0.5729166666666666 0.06953125 0.24583333333333332
30 0.483984375 0.5548611111111111 0.01796875 0.034722222222222224
30 0.82578125 0.5548611111111111 0.0265625 0.04861111111111111
30 0.3546875 0.5569444444444445 0.0625 0.06944444444444445
20 0.72265625 0.3909722222222222 0.01875 0.5430555555555555
24 0.56484375 0.7784722222222222 0.8625 0.4375
29 0.12109375 0.5354166666666667 0.0515625 0.16805555555555557