30 0.43359375 0.41458333333333336 0.0609375 0.1486111111111111
30 0.622265625 0.4548611111111111 0.04765625 0.04861111111111111
30 0.528125 0.45208333333333334 0.053125 0.07916666666666666
30 0.508984375 0.4576388888888889 0.05078125 0.06805555555555555
20 0.21796875 0.36944444444444446 0.0390625 0.36944444444444446
20 0.333203125 0.3972222222222222 0.01328125 0.2638888888888889
20 0.908984375 0.21944444444444444 0.02421875 0.4388888888888889
20 0.373046875 0.4 0.00859375 0.2111111111111111
20 0.74921875 0.3215277777777778 0.03125 0.29305555555555557
29 0.32265625 0.34791666666666665 0.0703125 0.3625
13 0.83046875 0.6993055555555555 0.334375 0.6013888888888889