8 0.254648246009653 0.5766794575520698 0.5018775034184725 0.586692248437473
18 0.28198094448071204 0.3983540229313248 0.028507512917777866 0.09030332776159453
18 0.6514774599154863 0.5638959004121884 0.06680694671336802 0.09367243107227144
19 0.5395495962661981 0.5421446850814832 0.03183253466927081 0.10574275569625292
3 0.1795209594405211 0.5630776315647121 0.3516956654625697 0.5650441520183132
30 0.5256410053183336 0.49354100524807365 0.022438697663298514 0.044187106653720006
20 0.8707534835668405 0.4961255698056072 0.10118782560680586 0.6325868699449769
20 0.6610508486410245 0.4304541044531029 0.08764938962701407 0.3737281736017814
20 0.2277921924386807 0.3143559702643539 0.04618662860909737 0.18837421330744017
20 0.26518341627033004 0.33780334365508935 0.04204398926642368 0.1701165950557838
24 0.5279178459818576 0.6645280582387098 0.9441643080362846 0.6709438835225805
29 0.7177015453543926 0.5236011725155122 0.09796733415618064 0.2077081075626375
29 0.10246488411805568 0.28288996398912813 0.08946450313413204 0.21420801407566015
29 0.8085359856088719 0.5741021541287741 0.09182643692972228 0.21571814058220962
29 0.15949646072324666 0.31568098419370094 0.04845699021635426 0.123258085686543