30 0.15 0.33402777777777776 0.3 0.5013888888888889
12 0.449609375 0.41041666666666665 0.07265625 0.04583333333333333
30 0.56328125 0.43680555555555556 0.1046875 0.09861111111111111
30 0.937109375 0.47291666666666665 0.09296875 0.13472222222222222
30 0.625390625 0.44027777777777777 0.02578125 0.044444444444444446
30 0.629296875 0.44930555555555557 0.03984375 0.06805555555555555
20 0.86171875 0.27361111111111114 0.0328125 0.4388888888888889
20 0.3390625 0.325 0.034375 0.3194444444444444
20 0.49453125 0.3368055555555556 0.0234375 0.16805555555555557
20 0.119140625 0.07361111111111111 0.04765625 0.14166666666666666
20 0.678515625 0.3701388888888889 0.01484375 0.11527777777777778
17 0.621484375 0.7368055555555556 0.42265625 0.5263888888888889