6 0.315625 0.5243055555555556 0.05 0.05416666666666667
19 0.15078125 0.5083333333333333 0.0140625 0.06944444444444445
31 0.771875 0.6694444444444444 0.1375 0.16944444444444445
30 0.589453125 0.4840277777777778 0.04140625 0.0875
30 0.53671875 0.4736111111111111 0.025 0.06111111111111111
30 0.7265625 0.5194444444444445 0.046875 0.06388888888888888
20 0.128515625 0.33125 0.04453125 0.4013888888888889
20 0.701953125 0.4027777777777778 0.01015625 0.24722222222222223
17 0.498828125 0.7900138888888888 0.99609375 0.41440277777777773
23 0.5109375 0.507888888888889 0.046875 0.13423611111111108
29 0.16328125 0.3701388888888889 0.0546875 0.13194444444444445
29 0.351953125 0.40069444444444446 0.05078125 0.2625
13 0.64921875 0.5006944444444444 0.078125 0.08194444444444444