18 0.6738652060638203 0.6901410022440693 0.03980925790866543 0.06706260230657884
18 0.5403928256266128 0.6429380548094069 0.03430867441056833 0.06561715118341674
31 0.26028221988539424 0.4511968132493135 0.513815738174183 0.6079491820541825
30 0.5152734674139363 0.4330057442884557 0.06029551285158128 0.10893127695279266
20 0.9056391642961812 0.3405383268995738 0.1394033285923623 0.6637847707499193
20 0.6232126541632036 0.25222082564661136 0.07298780832640724 0.4923050118820354
20 0.5245337443342373 0.30882543368021936 0.05170837452429886 0.3476747200964076
9 0.5965771820906782 0.48730619922682084 0.012355419961943781 0.027898982565506002
17 0.38725787330716044 0.6881984846040353 0.7556994906456409 0.6236030307919294
24 0.554468583782424 0.7079468670281953 0.43377806969511373 0.5841062659436094
29 0.7249057939919512 0.37824298602311957 0.16292044714798112 0.2585685886000028