4 0.8427385788884149 0.3279980076473037 0.0960252834984459 0.11762822464931068
30 0.4365217351128038 0.42036997710878143 0.08995722001621065 0.1245080265403001
12 0.0747302394549027 0.6671586401263666 0.1494604789098054 0.13356858860000279
30 0.5455714034336034 0.3720326708394594 0.09435362158778719 0.11344539734428025
30 0.6397045471472971 0.3266266684123709 0.07869223428423436 0.11189490207175368
30 0.8040592226021085 0.2839656594811353 0.06782750889134022 0.11455955538098511
30 0.6825555769239441 0.31576962435029166 0.03117937944567011 0.05725149657335599
30 0.6905500134417087 0.30874437671402843 0.04873075248119942 0.07131815248424624
20 0.7468781731807544 0.16018002238440485 0.07655615363849115 0.3203600447688097
20 0.17085825165488444 0.23080869659419254 0.05383778349844599 0.11719188741348903
20 0.4562467110224266 0.3382437254827446 0.05189644789030421 0.19215148581757965
20 0.3295761261381558 0.31386637306494697 0.05725603597964533 0.1880413813851861
17 0.642970788255957 0.44045091474780473 0.2652890138537389 0.2582301412047586
30 0.22835392038996877 0.4509875240737934 0.30108958085063087 0.4918705266670036