6 0.18423201237268 0.5227614198740436 0.07249316534054513 0.097418505234321
18 0.8970664513446813 0.6315232240747545 0.20586709731063735 0.6030433593369139
30 0.6210825770408844 0.5609709607362046 0.07829827001113579 0.14903368135722228
30 0.5353541623766571 0.5893594629318836 0.1197414300206809 0.27571467223845697
31 0.04682237169795311 0.4115486834681791 0.09137207670272561 0.47587514471413594
30 0.36683542703690736 0.4983814343951548 0.19800279002227175 0.2997806803433954
20 0.6981434216860218 0.28229151781108125 0.03598514270368014 0.4860799456262963
20 0.8615203973583625 0.3633372002654334 0.05714307471354303 0.6160871077335803
20 0.623838310351681 0.26602603233361205 0.029598782702089287 0.4649879983112346
24 0.7564695443586806 0.8424668008260189 0.4870609112826386 0.31506639834796224
30 0.7267740483768161 0.5993628494556492 0.13542951734563574 0.16667131171827174