30 0.868359375 0.5258743754691654 0.26328125 0.35394966953586454
30 0.122265625 0.3451388888888889 0.24453125 0.6902777777777778
30 0.613671875 0.4246073396690423 0.1640625 0.18456639479814846
30 0.562109375 0.4184075716849683 0.0953125 0.14977719655469157
20 0.973046875 0.31668148016410347 0.03046875 0.3443162987164815
17 0.497265625 0.6856740250787338 0.99453125 0.6286519498425324
20 0.22265625 0.25050909912314784 0.07734375 0.4823670146905557
30 0.530859375 0.4440061971491659 0.03046875 0.06514963204981478
29 0.141796875 0.11149380640064793 0.07265625 0.11272860975981493
29 0.384765625 0.366717965638734 0.06953125 0.2056548583245062
29 0.260546875 0.34963569630336383 0.0875 0.28000948463308656
13 0.4625 0.4982236764632092 0.1765625 0.06841695609493854