0 0.381640625 0.49444444444444446 0.02421875 0.044444444444444446
0 0.31953125 0.4847222222222222 0.034375 0.041666666666666664
0 0.2578125 0.4583333333333333 0.0265625 0.03611111111111111
8 0.651953125 0.5833333333333334 0.11171875 0.12777777777777777
12 0.441015625 0.43125 0.19765625 0.12361111111111112
30 0.108984375 0.3541666666666667 0.06171875 0.058333333333333334
30 0.135546875 0.34305555555555556 0.11484375 0.07777777777777778
20 0.773046875 0.25416666666666665 0.01796875 0.5083333333333333
20 0.946484375 0.23472222222222222 0.02109375 0.4083333333333333
9 0.460546875 0.4895833333333333 0.01640625 0.034722222222222224
17 0.49921875 0.7041666666666667 0.9953125 0.5861111111111111
14 0.468359375 0.4486111111111111 0.03515625 0.07777777777777778
25 0.317578125 0.7868055555555555 0.63359375 0.42083333333333334