18 0.41968477939939197 0.8729787527029441 0.06722517401194442 0.12833646313857702
18 0.37921499487229127 0.8053087697890569 0.05777743882958344 0.12190744459497074
31 0.8313343868741316 0.5121028403472413 0.3160445337193405 0.18064989898858685
31 0.27042971485576384 0.3788726343043655 0.5408594297115277 0.5366991758357134
30 0.5216515687698609 0.4452393627842558 0.04160692496187508 0.07878500628155302
30 0.567364112272847 0.4104620694531219 0.030214830072118025 0.04304374390660494
30 0.5658740208500171 0.43487680788218375 0.03784614532659738 0.08953217448097632
20 0.652531087196597 0.2663706781760882 0.0705365844405211 0.5327413563521765
20 0.6182924656635242 0.26104577968865444 0.0712269154625698 0.5220915593773089
17 0.3759789855151562 0.6584839318574535 0.7519579710303124 0.6830321362850931
29 0.9474954822388539 0.4901826247590029 0.09733547378319471 0.5805929091910412
13 0.1378347671924652 0.37797946027496826 0.2756695343849304 0.3134855238945079