18 0.428115010081983 0.8968192048319129 0.08337798439090331 0.11169531509580237
18 0.3548399565888622 0.9511983178845365 0.09271577885594055 0.07044889614944465
18 0.4505927000078492 0.7460110361390115 0.03646577885594056 0.06812137031388879
18 0.4494419004170025 0.8244670949873758 0.05777778366526398 0.08010530361333332
18 0.48331839261245424 0.768942704916635 0.04274306070710594 0.06976887318450622
31 0.2800570330322918 0.49663105066012303 0.5601140660645836 0.47896012090197615
30 0.5780877613479273 0.4548569523841967 0.018005955534962936 0.04237785511641966
30 0.5591653911572507 0.4445378465921288 0.05718750662342202 0.08979519908783955
20 0.622832320873907 0.256998646573765 0.06371035825218599 0.51399729314753
20 0.5872718049483243 0.2583881160941045 0.05983139010335137 0.516776232188209
20 0.5504464001853344 0.35191870213073995 0.06543157095872498 0.31079016615975313
29 0.9097841946503717 0.3786827381003073 0.1337128342055692 0.4884732862201855
13 0.14660712677168952 0.5430664932463578 0.29321425354337904 0.26108923572950665