0 0.194140625 0.5263888888888889 0.04453125 0.058333333333333334
0 0.26796875 0.5326388888888889 0.034375 0.059722222222222225
0 0.1171875 0.5263888888888889 0.0359375 0.06111111111111111
0 0.093359375 0.48819444444444443 0.04140625 0.04583333333333333
0 0.0765625 0.4979166666666667 0.0390625 0.04027777777777778
18 0.69765625 0.7451388888888889 0.2734375 0.3375
12 0.3578125 0.4597222222222222 0.24375 0.14166666666666666
30 0.032421875 0.3611111111111111 0.06484375 0.03611111111111111
30 0.0640625 0.3506944444444444 0.128125 0.059722222222222225
30 0.17421875 0.3680555555555556 0.084375 0.05277777777777778
20 0.75234375 0.275 0.0203125 0.55
20 0.98359375 0.21736111111111112 0.0265625 0.43472222222222223
20 0.844140625 0.22916666666666666 0.01796875 0.45555555555555555
20 0.566796875 0.2951388888888889 0.02109375 0.3958333333333333