0 0.825390625 0.41458333333333336 0.34609375 0.7736111111111111
8 0.472265625 0.7388888888888889 0.14453125 0.5138888888888888
30 0.280078125 0.47638888888888886 0.03046875 0.03333333333333333
30 0.630859375 0.47708333333333336 0.02421875 0.05416666666666667
30 0.56328125 0.4666666666666667 0.0234375 0.044444444444444446
30 0.619140625 0.4756944444444444 0.04609375 0.05694444444444444
30 0.280078125 0.4534722222222222 0.03203125 0.07916666666666666
30 0.453515625 0.4777777777777778 0.02890625 0.030555555555555555
20 0.046875 0.36041666666666666 0.034375 0.2791666666666667
20 0.18203125 0.375 0.025 0.2388888888888889
20 0.644140625 0.2659722222222222 0.03984375 0.36527777777777776
20 0.233984375 0.3993055555555556 0.02109375 0.18472222222222223
20 0.294140625 0.4097222222222222 0.01796875 0.14722222222222223
24 0.7109375 0.7402777777777778 0.575 0.5138888888888888
29 0.159765625 0.43819444444444444 0.04921875 0.09305555555555556
25 0.264453125 0.7451388888888889 0.52734375 0.5041666666666667