30 0.18143031591309314 0.4131944444444444 0.3628606318261863 0.8263888888888888
19 0.6696981908148973 0.48008530511448466 0.01894998789975162 0.06246934036325816
30 0.4431558836824029 0.3832745010240637 0.19103458703942983 0.3776409600668774
30 0.5730229182742252 0.42874119314115783 0.10744031615858277 0.13275322531433933
30 0.6281578580184729 0.4421125058240871 0.024382376463433175 0.05175437945068984
30 0.9129714678440646 0.5555404732776351 0.09345508421075976 0.15534566448634007
30 0.9205476185079945 0.4827523222003516 0.1095527828828999 0.30092196664090715
30 0.7633936486604196 0.45662749218708293 0.04389999092481371 0.04900253492167634
20 0.6462490674256242 0.3588381285702487 0.026103957747326413 0.10047867633281335
20 0.9209766170936593 0.3750568404259566 0.07837096057599666 0.3194915845539953
17 0.6929634948732317 0.6645552225459181 0.32093116529826116 0.45092426794978324
20 0.8654215086824028 0.35268604640800266 0.0755641231437835 0.416487435234193