18 0.3411184888412583 0.8188382693975055 0.1053042653230392 0.13552030667141504
18 0.46426018228205257 0.6004674863325803 0.02595500494291585 0.04321870086629992
18 0.3185418225865012 0.8139595161818657 0.05916409437251211 0.09659613357346883
30 0.4288989910841609 0.4536222389855783 0.07387785178688588 0.1599206517420239
30 0.3112426116355366 0.48387132920916676 0.20153461958138302 0.31763232167145156
30 0.5495212030422992 0.4305115974813884 0.020549921939110406 0.045656971162907845
30 0.49202836731988986 0.4471099083523639 0.025061008402956907 0.07228836539548951
20 0.6968232966733738 0.352727240711201 0.14854090665325223 0.6263977393785842
20 0.8468305903995889 0.34465408426351996 0.15165131920082225 0.5919180225000547
20 0.45873171836533844 0.2955248025660971 0.10571939528454558 0.5280423504708468
20 0.5731357638215739 0.27063726362311 0.1037284723568522 0.4752160716243305
20 0.5700425973196712 0.26905437045926694 0.07866480536065765 0.4708862596469195
17 0.49702356792791214 0.6299338627142189 0.9940471358558243 0.740132274571562
29 0.6266567060080488 0.41026470221776506 0.09275518577927463 0.1666402329473044
29 0.8028000533463103 0.30297638392216514 0.05538517836490087 0.10190918378533177
29 0.90857718600783 0.2448679432654267 0.026305173421985018 0.0584964786440777
13 0.82740349872709 0.765575598682066 0.32233655091203345 0.448567094162082