18 0.43640011310391846 0.8084702129293463 0.05247272477225664 0.0897896486690093
18 0.524725986563897 0.5454573631113643 0.019377482576804893 0.03330267369659149
30 0.2701203321173933 0.5680733104530279 0.3046329694147789 0.45617092582904395
30 0.4452046503125615 0.46011613299700155 0.096215290288686 0.17201233115300674
30 0.39946060253581334 0.4613434834657766 0.04545139845605384 0.12950149759172577
20 0.6642634132005103 0.24642410666783338 0.0957143264010206 0.49284821333566675
20 0.5856163407865818 0.26363664598321274 0.1602951815731636 0.5272732919664255
20 0.575014902084251 0.26034953223587987 0.11096730416850206 0.5206990644717597
24 0.5237339327966991 0.674184253318364 0.534005500084818 0.615638418181376
29 0.8763306373822036 0.3628197486471387 0.06424852767481433 0.2126909855173049
29 0.9445213428747575 0.39572275829676046 0.11095731425048498 0.22243441460031382