18 0.31875 0.8013888888888889 0.10625 0.11666666666666667
18 0.469921875 0.5798611111111112 0.02421875 0.0375
18 0.29375 0.7881944444444444 0.05625 0.09027777777777778
31 0.07109375 0.37777777777777777 0.1421875 0.39444444444444443
30 0.21328125 0.39652777777777776 0.296875 0.4013888888888889
30 0.4265625 0.4111111111111111 0.0953125 0.16944444444444445
30 0.562890625 0.4263888888888889 0.01953125 0.044444444444444446
30 0.54296875 0.42430555555555555 0.0140625 0.04583333333333333
20 0.7609375 0.3659722222222222 0.06875 0.7319444444444444
20 0.928515625 0.3736111111111111 0.07265625 0.7472222222222222
20 0.490625 0.2652777777777778 0.040625 0.5305555555555556
20 0.604296875 0.25555555555555554 0.01640625 0.5083333333333333
20 0.534765625 0.3486111111111111 0.01015625 0.23055555555555557
24 0.4984375 0.7277777777777777 0.9953125 0.5388888888888889
29 0.64921875 0.42777777777777776 0.08125 0.1361111111111111
29 0.837109375 0.3701388888888889 0.06640625 0.0875
13 0.852734375 0.8534722222222222 0.29296875 0.2875