30 0.386328125 0.42291666666666666 0.14453125 0.30694444444444446
30 0.71328125 0.4708333333333333 0.1140625 0.10555555555555556
30 0.558203125 0.4576388888888889 0.03984375 0.07361111111111111
30 0.5140625 0.45625 0.0484375 0.09583333333333334
30 0.457421875 0.45694444444444443 0.01015625 0.11666666666666667
30 0.500390625 0.4395833333333333 0.08046875 0.15416666666666667
30 0.534765625 0.4326388888888889 0.08984375 0.14027777777777778
20 0.28828125 0.3888888888888889 0.0171875 0.33611111111111114
20 0.851953125 0.2569444444444444 0.04453125 0.375
20 0.8203125 0.32569444444444445 0.0078125 0.2013888888888889
20 0.105078125 0.3423611111111111 0.05546875 0.5513888888888889
29 0.305078125 0.33541666666666664 0.08203125 0.42916666666666664
13 0.809765625 0.7173611111111111 0.37890625 0.5569444444444445