30 0.8617160132877295 0.6240836276950904 0.2711317546944535 0.3722285310212595
30 0.130078125 0.33459203932020587 0.26015625 0.6691840786404117
30 0.6118301939648425 0.4794960223590378 0.16844201201463563 0.1968546998536646
30 0.560740134965797 0.4654080963134847 0.09944656401177224 0.1572213030291048
20 0.9739352973026832 0.4316928210559333 0.0420800540260899 0.342903067099082
17 0.49411253198600064 0.6833333333333333 0.9882250639720013 0.6333333333333333
20 0.22813754131525082 0.24393304040124442 0.09372491736949833 0.47642331601621285
30 0.5285725249642061 0.4852474606717391 0.03246760200509069 0.06766063564174564
29 0.15296109432686394 0.08948600035888161 0.07575452534213598 0.11760511976820677
29 0.38584495130491037 0.3842710656518391 0.07635450934913557 0.20927178643487343
29 0.2626301726408421 0.3464128708481469 0.09714881468808993 0.2835132193350591
13 0.4587458282940927 0.5282287095903343 0.1770715773392723 0.08325672871357945