30 0.46474829663803074 0.4656891340244663 0.06946181733052796 0.1603659508235762
30 0.6330630316194974 0.5153283079655304 0.05028274219545174 0.05773201845355263
30 0.5390265721822602 0.49395382837146196 0.05794147477225664 0.09018579886755226
30 0.5195635268101739 0.496011228456031 0.05457093811176765 0.0774594273255278
20 0.24450647390761623 0.35403808919217084 0.06046381796350016 0.3774594273255276
20 0.3449070225914137 0.40153145987197963 0.028648333572596663 0.2669755643429615
20 0.9009685222749276 0.3329392987883288 0.050054596819440536 0.44327720070960247
20 0.3849008227728235 0.41205658592168093 0.021334341377145093 0.21235615459224594
20 0.7623983401960187 0.4075030980622014 0.04877978429823617 0.29894594203617025
29 0.3353174850238756 0.35021449368696783 0.0916592542611692 0.37694536496799497
13 0.8255902936003968 0.7323157501635484 0.3488194127992063 0.5353684996729031