23 0.087109375 0.7013888888888888 0.17421875 0.33611111111111114
30 0.704296875 0.42430555555555555 0.07265625 0.13194444444444445
30 0.56328125 0.3972222222222222 0.0640625 0.1111111111111111
30 0.630859375 0.40555555555555556 0.02578125 0.04722222222222222
6 0.183203125 0.4861111111111111 0.13359375 0.14444444444444443
20 0.84921875 0.2972222222222222 0.015625 0.31666666666666665
20 0.08125 0.2375 0.021875 0.4638888888888889
20 0.428125 0.35833333333333334 0.0109375 0.21944444444444444
20 0.960546875 0.24861111111111112 0.02109375 0.49722222222222223
20 0.3203125 0.3277777777777778 0.0125 0.34444444444444444
29 0.434765625 0.32013888888888886 0.05390625 0.29583333333333334
29 0.183203125 0.3215277777777778 0.06796875 0.25416666666666665
21 0.9515625 0.9 0.096875 0.2