6 0.26720387271242974 0.5802337531399913 0.07011305267345432 0.09392565569893413
6 0.8159541797024075 0.40917065818643167 0.040116470003181706 0.044552903827479104
19 0.29855359637570256 0.5334972968325487 0.03126872867599957 0.12442934475696113
19 0.1492442133792024 0.590168167740305 0.026117604670590745 0.05325645411059112
30 0.6342271933680665 0.4091340596221615 0.0656710006763177 0.1310860983858973
30 0.5699558817035211 0.44158075045419465 0.032603962006681544 0.08982030830575115
20 0.7497925566915897 0.27222949745952657 0.03612949868713535 0.27054564251782504
20 0.834435184018931 0.20997758930444407 0.05301810136854392 0.41995517860888815
15 0.08241015469843035 0.4101997479005973 0.09318911537236185 0.5176192929443156
24 0.5500941907224519 0.6910537214722798 0.38165217870781626 0.5662798454738538
14 0.5233626923734754 0.48803187914011775 0.09687609468490824 0.2457932209206362
29 0.3745522013645667 0.3820895642768619 0.07279370468649908 0.2648721748032797
29 0.9200005140237035 0.2439200261969689 0.03713692067154497 0.06654875450767679
29 0.1523232127028847 0.4634963144238855 0.08201416335136277 0.2419401783182421
21 0.8076339707192703 0.6307114025885915 0.1744652926877716 0.28889591658574276