19 0.04152546642972928 0.5130646684348288 0.025318162567786618 0.09773938015418146
23 0.0442712043785788 0.5164803265082429 0.06992668061996336 0.12227167883159527
30 0.539828883633305 0.46178160994416767 0.02674885236113216 0.05749392474715131
20 0.6985880118056608 0.27711887103050875 0.06122943325224206 0.5542377420610175
20 0.09933770598930572 0.3924162156800414 0.03291301483072293 0.2701070530447674
20 0.627726065962191 0.3425942848858251 0.03548402380771343 0.33959998104533295
20 0.19469793037447372 0.4050278843977799 0.026431210674192674 0.19914443022844416
20 0.25490644993918155 0.41975569534622503 0.02161190046753827 0.15876968533842398
20 0.5864198099120669 0.37400638326618824 0.02259313836728971 0.21989695763490874
9 0.7687126681760295 0.5695544632223519 0.01494828912941557 0.03225150696654534
9 0.8433993112282062 0.591622181130272 0.01257726805217665 0.023869690077090885
25 0.19986319510700074 0.7896693006931336 0.3880413972460844 0.41216645342666236
29 0.6704723626051641 0.3931023891718458 0.06556188836728971 0.22078582283046397
29 0.920646570696176 0.3969505070373435 0.15870685860764802 0.4268756705566043