9 0.07922066671186756 0.6932031262881514 0.06850726087441492 0.09785369616535888
9 0.08397646884103949 0.6047539218055255 0.04384284190105418 0.07615280566845037
20 0.7520228260465422 0.692192135286395 0.34917096494247846 0.4386074777612818
18 0.08421191424040961 0.7135269395451218 0.032268671939110274 0.047355987737946886
30 0.025208929087747755 0.5137915176643332 0.05041785817549551 0.05297252022688923
30 0.526938572357946 0.3937078496429294 0.043333505931499164 0.05393058344622798
30 0.5084200298674599 0.4023628257723064 0.0393635889353046 0.05078886275676256
20 0.771565970095359 0.21765433388766878 0.08811805980928203 0.43530866777533755
20 0.890640269505927 0.1465898638140552 0.0718444609881459 0.2931797276281104
20 0.5420316731562487 0.24539379868564384 0.06267504942915884 0.4216162902656206
9 0.26852058865097783 0.6312166335003556 0.04462409190105419 0.07622559425078793
17 0.364375552604873 0.7239072867999063 0.728751105209746 0.5497106146007101
23 0.3904539384606974 0.481263880096158 0.02783583992388783 0.058030367355032475
13 0.3020917754188357 0.45900622292708404 0.25815735129259443 0.17511796673093252