18 0.4749607460096531 0.5638888888888889 0.027671058320624907 0.025
31 0.403538707873455 0.44930555555555557 0.2360849299958682 0.19027777777777777
30 0.15651823750873287 0.43819444444444444 0.30867236407579884 0.5430555555555555
30 0.526385887727153 0.4638888888888889 0.03989895459715278 0.06388888888888888
30 0.5359605828734552 0.44930555555555557 0.02852569671336802 0.09027777777777778
20 0.6470052260158509 0.27847222222222223 0.03619795203170177 0.5569444444444445
20 0.5961876084246702 0.27569444444444446 0.03768771684934045 0.5513888888888889
20 0.5301814019276564 0.30625 0.07195230765503488 0.4236111111111111
24 0.5257621394363893 0.7444444444444445 0.3918478867772226 0.5111111111111111
17 0.29908144476505244 0.7354166666666667 0.5858342761198961 0.5291666666666667
29 0.7215350601720315 0.48125 0.03851829255305574 0.07777777777777778
29 0.5410107789696876 0.3875 0.020967116641249995 0.05
13 0.6596357786368927 0.5868055555555556 0.1418433143045487 0.09305555555555556