18 0.7997291712866837 0.49646978669738306 0.38061150512049746 0.29360488016758257
31 0.2288107415733108 0.6317592740844424 0.4576214831466216 0.32168210284570004
30 0.1927434239175197 0.45110822577023446 0.15395872888272547 0.1316991673505094
30 0.5680696476091605 0.4922182925875698 0.036468121018452496 0.06637897585115853
30 0.49059324235454727 0.5026161155874387 0.056128173635170954 0.0955149828810832
30 0.16018889366290656 0.46476013968670554 0.08439738680346806 0.07816447520036544
30 0.10581111326711909 0.5317604866239932 0.21162222653423818 0.24685430658131982
20 0.6602529304593159 0.4153648446446879 0.15293163908136814 0.742671159441844
20 0.6876379659403072 0.3324252983159086 0.08097406811938548 0.5684163197293789
24 0.4264789924957217 0.7359731427457726 0.5809817733951746 0.5280537145084546
13 0.23760329219925555 0.519017572724047 0.4752065843985111 0.3352573676703164
25 0.8644028331889739 0.6139216641791692 0.24025254465362345 0.17259001409289945