18 0.64140625 0.5447549468405634 0.06171875 0.09786056743759085
19 0.65546875 0.7008595010952895 0.1265625 0.4151979005963538
30 0.512890625 0.4648341593459831 0.02265625 0.04606766258960799
30 0.33046875 0.3868598027638415 0.0484375 0.05050097978927665
20 0.963671875 0.577532926289148 0.07265625 0.7035292474616929
20 0.683203125 0.3394615386532216 0.0984375 0.3649070091058061
20 0.196484375 0.2597733552813121 0.0546875 0.2088989556760651
24 0.417578125 0.6179032916195061 0.83515625 0.7641934167609878
29 0.60625 0.4603963389815259 0.07109375 0.15767975348999574
29 0.0578125 0.21120761193609622 0.08984375 0.23009590337258318
29 0.137109375 0.26316523731691294 0.05078125 0.12830299852460014
29 0.820703125 0.5588727358105436 0.103125 0.23023326879867514