18 0.68984375 0.9006944444444445 0.0609375 0.11527777777777778
18 0.12265625 0.4666666666666667 0.053125 0.18888888888888888
19 0.18515625 0.4701388888888889 0.0265625 0.1625
19 0.1171875 0.38819444444444445 0.03125 0.18472222222222223
31 0.198046875 0.37222222222222223 0.39609375 0.45555555555555555
30 0.48359375 0.41041666666666665 0.0328125 0.07361111111111111
30 0.4328125 0.4131944444444444 0.0421875 0.0625
30 0.53671875 0.4361111111111111 0.028125 0.05555555555555555
30 0.516796875 0.4326388888888889 0.02109375 0.05416666666666667
20 0.748828125 0.32083333333333336 0.03359375 0.6416666666666667
20 0.46328125 0.2513888888888889 0.0203125 0.5
20 0.67265625 0.30833333333333335 0.01875 0.6166666666666667
20 0.577734375 0.25763888888888886 0.01484375 0.5125
9 0.603125 0.5715277777777777 0.0140625 0.08472222222222223
29 0.8796875 0.40555555555555556 0.2375 0.49166666666666664