18 0.456640625 0.6887655413443424 0.02421875 0.039003533130894635
30 0.517578125 0.510604180261504 0.04921875 0.07388890066386138
30 0.567578125 0.5046804708829927 0.03828125 0.06348766347929945
20 0.682421875 0.3347267946542245 0.01796875 0.5858377468032085
20 0.612109375 0.33591725402331163 0.07265625 0.542010599392684
24 0.531640625 0.7650573692208924 0.22734375 0.46988526155821514
29 0.809375 0.45163599610201477 0.0390625 0.07464727565914918
29 0.830859375 0.591164219936769 0.03359375 0.17014110151131281
29 0.697265625 0.4349538705158123 0.06796875 0.1681084818691417
29 0.882421875 0.6360319571401792 0.08046875 0.13694005452451388
31 0.2375 0.5133554360076269 0.475 0.360044205348587