18 0.714453125 0.61875 0.11640625 0.14027777777777778
18 0.353125 0.5034722222222222 0.0484375 0.04861111111111111
18 0.890234375 0.5708333333333333 0.06328125 0.06666666666666667
30 0.34609375 0.4888888888888889 0.08125 0.08333333333333333
30 0.608203125 0.4722222222222222 0.04765625 0.08055555555555556
30 0.5296875 0.45416666666666666 0.0328125 0.06944444444444445
30 0.344140625 0.4041666666666667 0.07734375 0.25277777777777777
30 0.586328125 0.4652777777777778 0.03359375 0.05
20 0.19375 0.33125 0.0390625 0.35138888888888886
20 0.70625 0.37569444444444444 0.025 0.24583333333333332
20 0.72421875 0.38680555555555557 0.0109375 0.2152777777777778
20 0.99375 0.2986111111111111 0.0109375 0.5972222222222222
30 0.484375 0.4888888888888889 0.0375 0.08611111111111111
16 0.0375 0.7625 0.075 0.46944444444444444
29 0.39765625 0.38680555555555557 0.0484375 0.24305555555555555
29 0.11328125 0.3659722222222222 0.14375 0.2652777777777778