18 0.3230691287750472 0.9113698670999901 0.08618552586071573 0.1362685861410019
18 0.39095727782166423 0.8592695836477584 0.07044147477225655 0.08966741456248523
18 0.42086055998931576 0.7502875621234074 0.03242311960011346 0.06133872379102867
18 0.4142459722403678 0.8083380076821998 0.05120040145127884 0.06369751362120155
18 0.4484808457427554 0.7774368579797776 0.036356651451278844 0.06292967537601853
18 0.43980402214770054 0.6219695587803642 0.023201887023308564 0.02894974141516242
31 0.27738218357652134 0.4637732445963732 0.5547643671530427 0.4581020447483019
30 0.5467509539525324 0.5322661564165869 0.0283531784931208 0.05280332776159453
30 0.5548635543153522 0.5173925040310108 0.028216769237293705 0.04585888331715009
30 0.5647246657944311 0.5130365496601517 0.0554067518140986 0.07917735409507998
20 0.5939211090320083 0.3205999571848069 0.05385420861500574 0.5563893563237754
20 0.5492968451946012 0.4225641404639748 0.060689507256394035 0.3083844333009668
20 0.6289682316273465 0.32797407700526965 0.06102186787083284 0.5636975136212014
17 0.3518439810367834 0.7243055555555555 0.7036879620735668 0.5513888888888889
29 0.8735217850780584 0.5783656770165011 0.11818703792643319 0.4542688666019335
29 0.9848710186043215 0.22473297322461477 0.027911723591130054 0.2289901539543826
13 0.14431422323223508 0.4618046365792771 0.28862844646447017 0.24305371760299863