18 0.8753952601329775 0.4679791540041514 0.24920947973404495 0.739169428237318
12 0.24679606349787844 0.16645568682812573 0.15190469269935694 0.2300839069195961
30 0.5550422688016707 0.47036187035271176 0.09449144072219048 0.2092859596109823
31 0.11030675965727647 0.4253667031013518 0.21201847482831013 0.5048221493528521
30 0.5122267218625606 0.428945145282845 0.055590766805913995 0.1454583899955771
20 0.691245071159398 0.22433276322898316 0.04186514231879599 0.4486655264579663
20 0.6236205252088709 0.1905419604236232 0.0347410504177418 0.3810839208472464
20 0.9392176796006299 0.07555308600090438 0.029997859201259656 0.15110617200180876
20 0.7991749528323344 0.2769891149993442 0.059287405664668925 0.5539782299986884
14 0.26713572705262223 0.4905219042172746 0.059563342395345754 0.08057676241634226
29 0.4206248357409999 0.3416750306732964 0.0362213428896375 0.08304564251782512
13 0.40512451114015124 0.4165311852655422 0.15393276631162234 0.14842242690268234
24 0.6511572179268184 0.7374647996306183 0.33871096741393636 0.45160338257585664