30 0.14237195079743067 0.2585319388712348 0.08937293094579868 0.14667615129975328
30 0.4359242152822745 0.46432365239546364 0.03937227773541672 0.08491734397141973
30 0.04768613853491331 0.24281484684203708 0.044804660144236154 0.08236585342765435
20 0.9505133921440105 0.4661825346958965 0.08425293911392373 0.47128823032716066
20 0.263810539703264 0.23024157818160534 0.04442410685760425 0.17257897771000005
20 0.11875130642076395 0.12429345660185204 0.053127612841527894 0.24095780074271614
9 0.3594344504646356 0.4667111866748463 0.016933580072118027 0.04095663947981494
9 0.4597072073984899 0.491682343715834 0.009647756933854269 0.021221254305925974
9 0.4986430740397398 0.5432663543539205 0.01213697729857639 0.03242934566018521
17 0.738619936454757 0.7444687366586114 0.5227601270904859 0.5110625266827772
24 0.45343902360289956 0.49003484084521676 0.1644820337193403 0.15811285241382744
13 0.17608520188953142 0.38832955774981504 0.33675773043270846 0.25547018794142023