8 0.48046875 0.74375 0.1671875 0.5041666666666667
31 0.69609375 0.5048611111111111 0.0546875 0.10694444444444444
30 0.85546875 0.4986111111111111 0.2875 0.9972222222222222
30 0.28984375 0.48819444444444443 0.028125 0.034722222222222224
30 0.64765625 0.4861111111111111 0.0453125 0.06388888888888888
30 0.583984375 0.47847222222222224 0.02421875 0.04583333333333333
30 0.50546875 0.48333333333333334 0.034375 0.03611111111111111
20 0.041796875 0.36666666666666664 0.03671875 0.28888888888888886
20 0.1890625 0.38680555555555557 0.025 0.25972222222222224
20 0.24453125 0.40902777777777777 0.021875 0.1875
20 0.670703125 0.26180555555555557 0.04296875 0.39305555555555555
24 0.68046875 0.74375 0.53125 0.5069444444444444
25 0.272265625 0.75 0.54296875 0.49444444444444446