30 0.5480295499497417 0.4875320262040748 0.08630457694917482 0.17949086342739298
30 0.814453125 0.47934803575211216 0.37109375 0.9326765630525211
30 0.5065129279449667 0.42142194737955 0.05093750662342202 0.08851815467854496
30 0.44741074645662093 0.4340825861800356 0.07379465326537726 0.13897066786900925
30 0.5774516659216581 0.3951229180634684 0.04155258293962447 0.04806260386165617
30 0.5637388681449099 0.3927567639860949 0.07092262440943671 0.07227167883159527
30 0.54108261814491 0.3922880896102567 0.02498264183263199 0.039389885635474464
20 0.23632815811710978 0.4422109855364419 0.07721480834485331 0.3528433955725245
20 0.3456709144240457 0.42295385430367305 0.031780768056167294 0.1866929137845653
20 0.31422126238220366 0.43202154851825925 0.04469991950744614 0.24804644267628234
9 0.8632689033501955 0.732844986279021 0.23300845135861153 0.25333017724023976
17 0.5034139486374638 0.6340439389631515 0.9931721027250724 0.7319121220736969