4 0.565625 0.45694444444444443 0.0484375 0.09166666666666666
30 0.84921875 0.5631944444444444 0.2984375 0.8625
30 0.4734375 0.40694444444444444 0.0625 0.12222222222222222
30 0.606640625 0.41180555555555554 0.04453125 0.043055555555555555
30 0.5734375 0.39861111111111114 0.025 0.03333333333333333
30 0.53515625 0.4097222222222222 0.0375 0.06666666666666667
30 0.576953125 0.4083333333333333 0.03203125 0.05277777777777778
20 0.27265625 0.34930555555555554 0.0328125 0.3375
20 0.043359375 0.2881944444444444 0.02421875 0.5486111111111112
20 0.941015625 0.1986111111111111 0.02421875 0.3972222222222222
20 0.346875 0.36319444444444443 0.0125 0.24305555555555555
20 0.3765625 0.3611111111111111 0.0078125 0.19166666666666668
9 0.818359375 0.7388888888888889 0.14140625 0.12222222222222222
29 0.019140625 0.11527777777777778 0.03828125 0.19722222222222222