30 0.5338791384411976 0.5301487918344003 0.07561955547083343 0.17274738939373388
30 0.8248856715434025 0.5274279408114521 0.35022865691319505 0.9451441183770959
30 0.4989053796074824 0.45356200789940526 0.04636716014423605 0.0843074908552353
30 0.43952128770968724 0.4493401233304763 0.06571722539871523 0.13169334914016037
30 0.572115908767795 0.44711038635664774 0.03957164627652787 0.042123315871371386
30 0.5588983020523609 0.44114957007149247 0.06795121941479162 0.06389654774320346
30 0.5363056953369268 0.4344124913105415 0.023110844889756878 0.03659818987206209
20 0.229020198803854 0.3985408842917371 0.051439132693159896 0.3524924234900902
20 0.3395397981104685 0.4097776459854961 0.01806162860909737 0.18740488190410406
20 0.30747218051928804 0.4099031936376382 0.025911149410659817 0.250487078760951
9 0.8213031372069267 0.858444283790387 0.22144120174736132 0.22366834665745802
17 0.48744348898208323 0.6833333333333333 0.9748869779641665 0.6333333333333333