4 0.521875 0.48055555555555557 0.0171875 0.025
18 0.3171875 0.7319444444444444 0.0578125 0.05277777777777778
12 0.8359375 0.5131944444444444 0.325 0.13472222222222222
31 0.373828125 0.4583333333333333 0.21015625 0.17222222222222222
30 0.150390625 0.4076388888888889 0.30078125 0.5402777777777777
20 0.3765625 0.34791666666666665 0.065625 0.6958333333333333
20 0.600390625 0.2972222222222222 0.02109375 0.5944444444444444
20 0.503515625 0.375 0.01015625 0.2638888888888889
17 0.170703125 0.7381944444444445 0.33984375 0.5236111111111111
24 0.518359375 0.7451388888888889 0.28515625 0.5041666666666667
29 0.76171875 0.4097222222222222 0.040625 0.075
29 0.639453125 0.4673611111111111 0.06484375 0.1597222222222222
29 0.846484375 0.40069444444444446 0.07890625 0.09583333333333334