4 0.895943834781827 0.3972111166630607 0.1054002834984459 0.11878378195062503
12 0.09630184207063189 0.6209236794327666 0.19260368414126378 0.14032918049365434
30 0.6401668697280151 0.37385469230492213 0.09304583271265762 0.12408075854020113
30 0.5628402363534034 0.40143756280496334 0.09182793507002245 0.10739793068816066
30 0.7085176864153209 0.3606773820991031 0.06244865012383442 0.08874441127377711
30 0.48827472994326265 0.44297396693538843 0.03590326674922295 0.0590444254897774
30 0.44353479146102737 0.4351002543319546 0.020333924730940468 0.09064948504137363
30 0.456643740282345 0.4270335805572878 0.048114322373575644 0.10788179319612065
30 0.6283389578173562 0.3777789411909828 0.2261687018192456 0.16847866553502783
20 0.7942882703685782 0.2047273370817689 0.06772696319178503 0.3498232000141408
20 0.4879964979330854 0.34916740278658037 0.04490158519385705 0.1938797760096157
20 0.8421992314934486 0.19599094716734414 0.07246581306795079 0.2624686506825043
30 0.3828883898894508 0.42272857076169257 0.1504816511572918 0.2599181025532106
29 0.048268372002071985 0.4684439105311509 0.09653674400414397 0.31466559884007966
29 0.10746885887220414 0.46288932802884714 0.12595468610347987 0.27745650017680673
17 0.6598757481402278 0.48682336668076026 0.23251074710451575 0.20192512716597738
20 0.21529422529045025 0.3602018963505026 0.09492731803034929 0.40452318579814045
20 0.12348663792498007 0.4034660877360389 0.09349325061917253 0.4391969244642416