18 0.48006826755042215 0.8347222222222223 0.05821429328391083 0.1
18 0.4756548141036349 0.6895833333333333 0.042306551088459085 0.04583333333333333
31 0.2635689871544602 0.5118055555555555 0.5174801989963589 0.5319444444444444
30 0.4956907617916405 0.4965277777777778 0.07667411660488846 0.125
30 0.4469816878800996 0.5423611111111111 0.058405266242068876 0.10972222222222222
20 0.4712190240890261 0.34444444444444444 0.1398760433687288 0.6777777777777778
20 0.6288393065307547 0.275 0.09361611306150941 0.55
20 0.5536371818472408 0.3840277777777778 0.04168404691210785 0.25277777777777777
17 0.5083246652886859 0.6652777777777777 0.9833506694226282 0.6694444444444444
30 0.13043408334092868 0.7340277777777777 0.2305853450053421 0.3638888888888889
29 0.8010379715029545 0.33125 0.046922129218760135 0.08194444444444444
29 0.6923462623822036 0.42569444444444443 0.08859376324684387 0.175
29 0.5219878777635568 0.40347222222222223 0.024419646641955416 0.05