24 0.731640625 0.7569444444444444 0.53046875 0.4722222222222222
18 0.501953125 0.4840277777777778 0.05703125 0.0375
31 0.8875 0.4736111111111111 0.221875 0.25555555555555554
30 0.092578125 0.40208333333333335 0.10703125 0.04583333333333333
30 0.279296875 0.46805555555555556 0.03203125 0.044444444444444446
30 0.132421875 0.4125 0.02734375 0.025
30 0.54375 0.43472222222222223 0.0140625 0.013888888888888888
30 0.491015625 0.44930555555555557 0.01796875 0.034722222222222224
30 0.500390625 0.4486111111111111 0.03828125 0.03888888888888889
20 0.963671875 0.45902777777777776 0.07109375 0.9180555555555555
15 0.0765625 0.24722222222222223 0.0421875 0.2833333333333333
16 0.40859375 0.5152777777777777 0.040625 0.10277777777777777
29 0.770703125 0.2798611111111111 0.14609375 0.5597222222222222
29 0.40078125 0.3680555555555556 0.040625 0.14444444444444443