18 0.15555167429788755 0.8015752099033288 0.044606493102595034 0.05866816425839261
18 0.5601750186560499 0.4646648325833908 0.06072613805964089 0.05013439263179893
18 0.20243331835042228 0.7452886732241714 0.03181988805964089 0.04804045586807225
18 0.1779860566475481 0.7658496455603673 0.028568735300678938 0.06997971366276375
31 0.8836164224330944 0.37311026291841104 0.23276715513381135 0.3049872016213928
30 0.559663223936489 0.4473037214722797 0.06170878392119796 0.08346772596513227
30 0.5584930099496226 0.43416586991334144 0.04131771879233561 0.052886237160812435
30 0.5569338319758901 0.40783357390995867 0.04673888116223601 0.1045580904772319
20 0.7896572611370474 0.3116523811420715 0.11368952227409465 0.623304762284143
17 0.5077056976478651 0.658777959951203 0.9845886047042699 0.6818781512425327
16 0.4489492525999621 0.4762015409902361 0.015045145861557075 0.0343520052724437
29 0.8957850121551297 0.2935579257133695 0.20842997568974048 0.587115851426739
29 0.45796406546754664 0.39690872192817495 0.05425481004047974 0.1743986851202193