30 0.13671875 0.5444444444444444 0.2703125 0.475
30 0.343359375 0.3402777777777778 0.25703125 0.4638888888888889
30 0.82421875 0.42986111111111114 0.1765625 0.1597222222222222
30 0.537109375 0.39861111111111114 0.09296875 0.13333333333333333
30 0.615234375 0.4027777777777778 0.04609375 0.08333333333333333
30 0.578125 0.3923611111111111 0.025 0.05694444444444444
20 0.087890625 0.15694444444444444 0.01796875 0.3111111111111111
20 0.970703125 0.19236111111111112 0.05703125 0.38472222222222224
20 0.923828125 0.2708333333333333 0.00859375 0.26944444444444443
20 0.975390625 0.19166666666666668 0.02421875 0.38333333333333336
17 0.498828125 0.7083333333333334 0.99609375 0.5777777777777777