9 0.035546875 0.5111111111111111 0.04453125 0.06944444444444445
9 0.01875 0.6152777777777778 0.0375 0.08333333333333333
20 0.71328125 0.8736111111111111 0.2015625 0.24722222222222223
30 0.516796875 0.4638888888888889 0.04140625 0.05
30 0.5734375 0.4638888888888889 0.0265625 0.03888888888888889
30 0.0640625 0.40069444444444446 0.0671875 0.04027777777777778
30 0.540625 0.4638888888888889 0.0890625 0.05
20 0.862890625 0.29583333333333334 0.03046875 0.5916666666666667
20 0.59453125 0.2965277777777778 0.0203125 0.4736111111111111
9 0.15234375 0.6451388888888889 0.05625 0.08194444444444444
17 0.40925781250000004 0.7569305555555556 0.8169531250000001 0.4805833333333333
13 0.32578125 0.46597222222222223 0.346875 0.1486111111111111