24 0.66640625 0.7333333333333333 0.421875 0.5277777777777778
4 0.47890625 0.4527777777777778 0.0171875 0.019444444444444445
18 0.510546875 0.47638888888888886 0.05546875 0.03611111111111111
31 0.88671875 0.47847222222222224 0.2234375 0.26805555555555555
30 0.51953125 0.44375 0.0203125 0.04027777777777778
30 0.509375 0.44166666666666665 0.0421875 0.044444444444444446
30 0.509375 0.4152777777777778 0.0421875 0.09722222222222222
20 0.883203125 0.4152777777777778 0.06484375 0.8305555555555556
20 0.098046875 0.25625 0.03984375 0.2902777777777778
16 0.397265625 0.47430555555555554 0.02421875 0.0625
29 0.76640625 0.27847222222222223 0.1375 0.5569444444444445
29 0.410546875 0.37430555555555556 0.03984375 0.16805555555555557
13 0.140234375 0.5013888888888889 0.28046875 0.2
13 0.947265625 0.7666666666666667 0.10546875 0.25555555555555554