18 0.466796875 0.5631944444444444 0.02734375 0.02361111111111111
31 0.398046875 0.44583333333333336 0.23203125 0.18333333333333332
30 0.15 0.42777777777777776 0.3 0.5333333333333333
30 0.520703125 0.46458333333333335 0.03828125 0.0625
30 0.53046875 0.45 0.0265625 0.08888888888888889
20 0.64609375 0.28055555555555556 0.0234375 0.5611111111111111
20 0.5953125 0.27708333333333335 0.025 0.5541666666666667
20 0.528125 0.30694444444444446 0.0625 0.4222222222222222
24 0.513671875 0.7465277777777778 0.38046875 0.5013888888888889
17 0.287109375 0.7354166666666667 0.57421875 0.5236111111111111
29 0.715234375 0.48819444444444443 0.03671875 0.0763888888888889
29 0.537109375 0.3888888888888889 0.01953125 0.05
13 0.651171875 0.5916666666666667 0.13984375 0.08888888888888889