8 0.4216671397239232 0.7007051716450631 0.2398314450978475 0.5529757909919367
18 0.8521800427921351 0.7853815281823977 0.05937630642076393 0.12363231797189782
31 0.7677621961446872 0.5563032646924171 0.2566162887533334 0.28500276157065135
30 0.900956882457274 0.487682992821351 0.19528593056454896 0.906354883649495
30 0.6425631542087671 0.4911374601461009 0.0432239763486459 0.08222268248399744
30 0.25763518146921854 0.4121781975844356 0.03259494766329869 0.045375863861306695
30 0.5605595065073434 0.46516356512255264 0.03510235182361114 0.058045642517825194
30 0.4799183370544268 0.45435426210577 0.041206881458888844 0.047387274490763
20 0.15710071913045126 0.2813974211412936 0.05445437670923625 0.28423409311345377
20 0.21672054716053807 0.31801199117954415 0.04248040036059031 0.20427512604970133
20 0.6409480624531423 0.3164204245736315 0.07484091831236128 0.4105923223656007
20 0.28425288606637134 0.3464217434738446 0.035739437879652856 0.16632238296565227
20 0.6816464508458853 0.24825640963504134 0.09015744699770849 0.4477786983013282
24 0.6306424228261281 0.6862610192166188 0.6296570113022572 0.5798267519706044
25 0.26433297069751727 0.6688679740441026 0.5286659413950345 0.6622640519117949