8 0.243359375 0.6868055555555556 0.48515625 0.4236111111111111
18 0.216796875 0.47847222222222224 0.02109375 0.10138888888888889
19 0.60234375 0.5729166666666666 0.0453125 0.2375
30 0.512890625 0.4666666666666667 0.01796875 0.03888888888888889
30 0.128515625 0.47430555555555554 0.08046875 0.04027777777777778
20 0.9546875 0.3486111111111111 0.0265625 0.6972222222222222
20 0.183203125 0.4125 0.02421875 0.2
20 0.0625 0.3923611111111111 0.021875 0.25972222222222224
20 0.08046875 0.40208333333333335 0.0234375 0.24583333333333332
20 0.226953125 0.4201388888888889 0.02109375 0.1736111111111111
20 0.26875 0.42430555555555555 0.01875 0.14027777777777778
29 0.03984375 0.4236111111111111 0.075 0.20555555555555555
29 0.123046875 0.4465277777777778 0.03515625 0.12361111111111112
29 0.60078125 0.4097222222222222 0.053125 0.11388888888888889