19 0.4237908863479273 0.4567579136690874 0.02156746515360979 0.06493961490861311
31 0.25766120521847674 0.43521435435962774 0.5153224104369535 0.6545712912807445
30 0.5203719924271197 0.3872442505508944 0.051800602176918176 0.09425306917675695
30 0.47406123221790974 0.34107809806260303 0.04093502404661713 0.057616595055783724
20 0.8539496288598653 0.29534162095033 0.13741324228026955 0.59068324190066
20 0.6171279578972155 0.22645134565027605 0.07668158420556885 0.4529026913005521
20 0.5210602451482675 0.2727417422960014 0.052832367237860646 0.34543989536954506
9 0.5851872159758409 0.4449405020979019 0.013182046279135662 0.03536882284974483
17 0.31310886325076853 0.6911909854262833 0.6262177265015371 0.6174563789905526
24 0.5936495020033575 0.6498494570259349 0.6218973696849315 0.6690217805917257
29 0.7163851414737369 0.32160576645990874 0.1628596424656042 0.265107777366917
29 0.9074491402926107 0.17019967784118323 0.07287699400955035 0.13419268408537005
29 0.952725679357761 0.14982040128046842 0.05409971215838496 0.1318338942551973