28 0.957421875 0.5701388888888889 0.08359375 0.09861111111111111
6 0.270703125 0.4798611111111111 0.03828125 0.05694444444444444
18 0.809765625 0.5194444444444445 0.37578125 0.6138888888888889
18 0.81953125 0.6083333333333333 0.0390625 0.08888888888888889
23 0.56171875 0.48194444444444445 0.0703125 0.10277777777777777
30 0.6125 0.4840277777777778 0.0546875 0.10416666666666667
20 0.661328125 0.17708333333333334 0.02109375 0.3541666666666667
20 0.613671875 0.21875 0.01484375 0.4375
20 0.558984375 0.21944444444444444 0.01328125 0.4361111111111111
20 0.759765625 0.14722222222222223 0.01328125 0.29444444444444445
29 0.381640625 0.36736111111111114 0.03046875 0.08194444444444444
24 0.478125 0.7645833333333333 0.3578125 0.4375
31 0.122265625 0.40208333333333335 0.24453125 0.3958333333333333
23 0.41953125 0.47430555555555554 0.08125 0.1125