30 0.6690516949970746 0.46477891749764905 0.0580886358558109 0.10114744416153484
30 0.449849007755439 0.41786035211114636 0.13883136765884582 0.1430736628474329
30 0.9198661012214636 0.5582095860031815 0.1370526978903044 0.19439790699482684
30 0.3541276891036625 0.41657505134730904 0.07204197394515202 0.09727167883159527
20 0.8293770729950026 0.31245559901683917 0.051053193547078025 0.48829189808331275
20 0.9327664194589553 0.2895807948934845 0.046598979941008166 0.40768785897163595
20 0.8289864479950027 0.3124475184241523 0.07296458085063087 0.490133300162666
17 0.6476111306885244 0.751577661680442 0.505432478493266 0.4968446766391158
9 0.8238162198113228 0.599301557535829 0.0282534325888232 0.03528786371030274
20 0.16729768103863724 0.22302414700472536 0.08687937758364325 0.42517874609236284
19 0.58410413347931 0.4699698733290439 0.024131012820281583 0.08656362430157556