4 0.36090150594804077 0.3850518392899487 0.02975198738612832 0.04574873310204516
8 0.1496484225973006 0.4875256168658219 0.2992968451946012 0.24476305944896365
18 0.028477780606425567 0.6109802985076243 0.056955561212851134 0.07358748781320988
12 0.1467553266114842 0.278240126137625 0.2935106532229684 0.30894900849167817
30 0.43954857836196926 0.39089463691829984 0.02662698738612832 0.045457578772694913
30 0.46667407355264584 0.39945814764759646 0.03136905108845909 0.04867208804449806
30 0.4556274461479841 0.4060327433558778 0.06798859736759474 0.08674258505424794
20 0.797389604813248 0.2965555379700939 0.09181800008481797 0.5852750017585462
20 0.6542398055388874 0.28979834137523663 0.09055560044763773 0.5795966827504733
29 0.37414803961330473 0.30618223277710754 0.05375497177703163 0.15612014674083005
29 0.6659808755481542 0.2970148585384167 0.16267364790789962 0.5003776732492723
24 0.6077107574032442 0.682996116390358 0.4312698804847047 0.557288601435499