26 0.572265625 0.45416666666666666 0.00703125 0.022222222222222223
30 0.573046875 0.44027777777777777 0.02578125 0.05277777777777778
20 0.090625 0.35625 0.0359375 0.2902777777777778
20 0.1828125 0.3680555555555556 0.028125 0.22777777777777777
20 0.25859375 0.38263888888888886 0.0234375 0.17916666666666667
20 0.71015625 0.2777777777777778 0.05 0.4861111111111111
20 0.6546875 0.32916666666666666 0.03125 0.30277777777777776
20 0.617578125 0.3625 0.02109375 0.20833333333333334
20 0.308984375 0.39791666666666664 0.01953125 0.1486111111111111
24 0.711328125 0.7604166666666666 0.44140625 0.4791666666666667
9 0.756640625 0.5298611111111111 0.01015625 0.020833333333333332
9 0.7546875 0.5333333333333333 0.015625 0.030555555555555555
29 0.91875 0.38333333333333336 0.159375 0.3611111111111111
29 0.6921875 0.37569444444444444 0.0578125 0.19305555555555556
29 0.1125 0.40694444444444444 0.040625 0.12777777777777777
25 0.239453125 0.7715277777777778 0.47734375 0.44583333333333336