30 0.11171875 0.568064347170389 0.08671875 0.14566139640775555
30 0.419921875 0.47462511999747997 0.02890625 0.05873898398777031
20 0.836328125 0.14046948111801533 0.07421875 0.28093896223603065
20 0.572265625 0.21023803299895555 0.10390625 0.4204760659979111
20 0.14375 0.45149247001877557 0.0515625 0.21986773720341024
20 0.280859375 0.4325638657884955 0.03046875 0.12272487501413644
20 0.20390625 0.42692455439257476 0.0375 0.15232805129944987
20 0.0671875 0.429162241421819 0.04296875 0.2110008921139529
20 0.057421875 0.48115739366993965 0.0484375 0.2613403995951228
9 0.4453125 0.4897155019301441 0.01328125 0.02304674039077731
17 0.670703125 0.585445165821298 0.65859375 0.7867197342799213
13 0.17734375 0.6445458129519074 0.32265625 0.23253094138901642
9 0.5015625 0.5035845360920805 0.0203125 0.04987213889831313