13 0.734375 0.75 0.51875 0.4722222222222222
4 0.53359375 0.4965277777777778 0.0953125 0.07083333333333333
30 0.733984375 0.45 0.07421875 0.09444444444444444
20 0.39375 0.28402777777777777 0.025 0.5680555555555555
20 0.036328125 0.3576388888888889 0.01015625 0.13472222222222222
20 0.1984375 0.36527777777777776 0.0078125 0.1361111111111111
20 0.68203125 0.35625 0.0140625 0.2902777777777778
20 0.26640625 0.3298611111111111 0.0078125 0.07916666666666666
20 0.894140625 0.22013888888888888 0.01484375 0.09861111111111111
20 0.07109375 0.3611111111111111 0.009375 0.125
20 0.133203125 0.33402777777777776 0.00703125 0.07083333333333333
20 0.780078125 0.2951388888888889 0.01640625 0.2013888888888889
20 0.00859375 0.3576388888888889 0.009375 0.1125
29 0.847265625 0.30416666666666664 0.19609375 0.35833333333333334
29 0.608984375 0.42569444444444443 0.06015625 0.1597222222222222
13 0.111328125 0.5659722222222222 0.22265625 0.29583333333333334
13 0.32421875 0.6069444444444444 0.1671875 0.15555555555555556