8 0.2561868028335669 0.7272117526177573 0.5123736056671337 0.5448490690585225
18 0.24201292897172264 0.5450578141995105 0.032161836641599176 0.09598012093481051
19 0.5176689774620634 0.47601190182212283 0.03657750889134022 0.11562662807535576
30 0.49404205965799247 0.43978489680755783 0.023003006410140792 0.044187106653720006
20 0.8243364123249435 0.24354117539153783 0.10288967535011295 0.48708235078307566
14 0.6241480136488511 0.4171041930747889 0.024529119106587772 0.0428790428432715
29 0.05495705790066409 0.5824739825812966 0.094666144747151 0.21849591835998722
29 0.7758057900132853 0.2865091439562917 0.09604670822938637 0.2116322989939831
29 0.6794658872011091 0.3157652355663169 0.09906254631872749 0.20762728248419712
29 0.1176026071148758 0.5736854238881282 0.05203984305173996 0.14000557743165004
24 0.4331056945827899 0.6598058042294979 0.8662113891655798 0.6796609658350413