8 0.245703125 0.6611111111111111 0.48984375 0.3888888888888889
18 0.268359375 0.46875 0.01796875 0.08472222222222223
18 0.644921875 0.47638888888888886 0.05859375 0.06944444444444445
19 0.533984375 0.5020833333333333 0.01953125 0.09861111111111111
3 0.169140625 0.68125 0.33671875 0.43194444444444446
30 0.515234375 0.46041666666666664 0.01796875 0.0375
20 0.851171875 0.3173611111111111 0.01953125 0.6347222222222222
20 0.640234375 0.34097222222222223 0.04140625 0.3625
20 0.206640625 0.40902777777777777 0.02265625 0.18194444444444444
20 0.245703125 0.4166666666666667 0.02109375 0.1638888888888889
24 0.54921875 0.7284722222222222 0.9 0.5069444444444444
29 0.705078125 0.40902777777777777 0.07578125 0.17916666666666667
29 0.081640625 0.4305555555555556 0.06640625 0.18888888888888888
29 0.798828125 0.4201388888888889 0.06796875 0.19027777777777777
29 0.140625 0.4388888888888889 0.034375 0.1111111111111111