18 0.7584252498093752 0.43739209649208843 0.12147691612815983 0.15850845767750774
30 0.5751864104285767 0.47910238984904 0.028071101823611146 0.057819654443293365
20 0.8137650802142883 0.28311892637855995 0.10878016042857652 0.44048333167819836
20 0.1715448052802086 0.5552836042629182 0.06584581838861125 0.26073063872752755
20 0.6568887190819966 0.311750852305822 0.09735169794763898 0.40207769212310324
20 0.627483394518837 0.36064923241819935 0.06600947254892375 0.27323063872752773
17 0.21512467206362884 0.7678139308886587 0.39437282152274333 0.4643721382226826
24 0.7133916591943056 0.6453083720228332 0.5732166816113888 0.7093832559543336
29 0.6715425190438717 0.38788290174969087 0.08615766517822934 0.20275500707584607
29 0.8407458075128647 0.3172627811710926 0.15959647159899326 0.32815079716805834
25 0.40523954597152806 0.6717506670309116 0.2167725387533334 0.28432663799102137