8 0.43782393648817397 0.7313628873636803 0.24215982102059286 0.5372742252726393
31 0.7426779419666983 0.6651243077314132 0.180211425729701 0.22171405894219667
30 0.8618643185899038 0.6009585441475302 0.27305308522405236 0.7980829117049396
30 0.2856348295469524 0.40386173466995856 0.04821535754848192 0.05940960933687431
30 0.6542154598236058 0.5994061671492037 0.0421562723211343 0.07853075346755753
30 0.5796859283704991 0.5476098967174016 0.031809107548481916 0.05856094601325089
20 0.19886044257395868 0.24582289551585818 0.06832508035608367 0.27839465329449353
20 0.6648976126232645 0.4269542446835689 0.09373022930042332 0.40048077534365184
20 0.252268950488115 0.29930580516649363 0.05036028449599898 0.1983389107649833
20 0.04815024066615681 0.15117730735159135 0.07080519805083536 0.2924047798010429
20 0.7076237650175337 0.3742754106903465 0.11049103530677798 0.43744054977838637
20 0.3155044488649096 0.34704387155738126 0.04139834172016936 0.1603943728335616
25 0.27014115320669574 0.6368055555555555 0.5402823064133915 0.7263888888888889