30 0.1667808044998415 0.3057119101455775 0.332251414517607 0.5669793758467107
12 0.4650395810713789 0.4463840444224499 0.07581554952503015 0.06108158198873449
30 0.5787474166095428 0.4978378225012803 0.11186923620519007 0.12122872405603162
30 0.9508348999318572 0.6143932378472332 0.09833020013628549 0.15493190612552799
30 0.6407937152300617 0.5146992316170584 0.028735831637205677 0.0497698226040367
30 0.6445754734842334 0.5240545580153553 0.04431656603337366 0.0761528056684502
20 0.878927801051139 0.3997636921417012 0.06302005766563071 0.44632513593627027
20 0.35549196206427275 0.3378372918222622 0.05641485357261615 0.3279784260513645
20 0.5107100675594825 0.38346303683392974 0.03472356004047974 0.1735992994621605
20 0.13819271879233552 0.06273800190907251 0.056072937584671044 0.10494962359895388
20 0.6947696856620775 0.4560147263653049 0.022970510515449582 0.11848638122510553
17 0.6332755435879072 0.7494471455843893 0.4580326645176068 0.5011057088312214