6 0.201953125 0.5347222222222222 0.06640625 0.08611111111111111
18 0.893359375 0.5583333333333333 0.21015625 0.5833333333333334
30 0.538671875 0.5625 0.10390625 0.24444444444444444
31 0.059375 0.44930555555555557 0.11875 0.4930555555555556
30 0.419140625 0.4888888888888889 0.13359375 0.20555555555555555
20 0.690625 0.2590277777777778 0.0234375 0.5180555555555556
20 0.838671875 0.30416666666666664 0.03671875 0.6083333333333333
20 0.618359375 0.23472222222222222 0.01640625 0.4666666666666667
24 0.760546875 0.825 0.46953125 0.34444444444444444
30 0.648046875 0.5493055555555556 0.12265625 0.15416666666666667
23 0.7953125 0.5611111111111111 0.0734375 0.15555555555555556