1 0.8078125 0.440127672702129 0.06640625 0.07078925750944241
12 0.0921875 0.22969354055551913 0.1484375 0.23282631417143337
30 0.515234375 0.5325968785002673 0.20234375 0.4486728879143925
30 0.41796875 0.4553019282248819 0.09140625 0.17234129170907567
30 0.32734375 0.46370582997633014 0.11484375 0.18490743488234296
20 0.937109375 0.2930025409296766 0.12578125 0.5860050818593532
20 0.588671875 0.17722656504226328 0.06796875 0.35445313008452656
20 0.680859375 0.21277770124045736 0.08203125 0.4255554024809147
20 0.92578125 0.36544290021149856 0.09296875 0.4460494049576639
29 0.37421875 0.3816290991853511 0.04375 0.10410494873824708
13 0.286328125 0.4850021360851034 0.19921875 0.2304233280838828
30 0.646484375 0.415420921174415 0.13359375 0.22912701608762345
24 0.75234375 0.7060712485825652 0.4953125 0.48908301091356665