19 0.2824682611401513 0.459222658807115 0.03401951433445607 0.12244983490213977
19 0.7197553789729232 0.4214976329125687 0.020292595361095244 0.1023183772909527
30 0.807129374277153 0.3864809165111136 0.027676672433401706 0.04998513744459656
30 0.838890039543327 0.37633227506358463 0.02848975593149916 0.051414438872705644
30 0.706149829562355 0.3555934607768784 0.04626750494291585 0.04401059394143595
20 0.41704223790844663 0.27058275745497035 0.04272069368794007 0.22971757966034553
20 0.9271056460073925 0.22483074842195355 0.05838945604523005 0.33457125949375494
9 0.31644401311731757 0.4776270646602485 0.019609504448624283 0.038469900941283997
17 0.7297922707602467 0.6866792238346265 0.5404154584795066 0.6266415523307469
29 0.04835788144438116 0.40757618251656363 0.08270902372599619 0.2040412539220161
29 0.11343308895389517 0.4040061850970026 0.08219968775644108 0.18181903169979388