18 0.44386353003012446 0.5992749889313583 0.05528751785690744 0.06224239408727215
12 0.8542611482336724 0.5386262273499488 0.2914777035326551 0.17834731147886534
31 0.2790063459808777 0.322767323785296 0.5569490239426922 0.5600209079849635
30 0.5482024052336429 0.44222403720210707 0.04765229586008459 0.08013633778909034
30 0.5778762684641678 0.44022102326901646 0.03275399878218401 0.07427371971143404
20 0.7010654423687924 0.3327902836834825 0.09343199472169879 0.6059767194285243
20 0.7951154512972461 0.36140649699419064 0.09278711241645077 0.6198494471320394
20 0.6638080399745233 0.2786887482849366 0.10197515178371361 0.5214484314307868
20 0.562835875201871 0.26132909675370314 0.08319787824476314 0.5182827852040396
24 0.4149260523512588 0.676278002864449 0.6335348433417272 0.6435329874106597
13 0.8071894417582369 0.7952726629182312 0.3771330645277711 0.3841139354975313