12 0.4329176596729896 0.43569285910848427 0.07593201418576498 0.06315454425081096
30 0.5466092608870596 0.49169750794493594 0.1088725463182186 0.12136232993200212
30 0.23324126276752155 0.4949564144819173 0.1541599657559753 0.2665868662793997
30 0.1671875 0.47356556970724756 0.334375 0.9471311394144951
30 0.6083776550873896 0.5176735801804165 0.04024456677218957 0.07545664920470471
30 0.9068276953685113 0.613314968469391 0.09684991943775678 0.14949397996427444
30 0.6065950204872246 0.5070951921646257 0.027403585972519552 0.05358829923697704
20 0.8484846552852453 0.40195457383706856 0.060194668579826784 0.4363432651406208
20 0.4837473796188535 0.3891384812016175 0.03758021951689905 0.1986796290779179
20 0.905717487925806 0.4421581924378094 0.07077681591425958 0.367869148790921
20 0.7161704288733195 0.4800081323346409 0.01949179757185977 0.09454339196749749
17 0.6518739393314142 0.7442400537618247 0.5742631802583095 0.5115198924763505