18 0.03614561124319995 0.4602949712497378 0.0722912224863999 0.1155211686116355
30 0.532974489806268 0.3846740348327737 0.05891801042484133 0.11645754431005995
30 0.5475867391794473 0.37465283068113747 0.049429350158284535 0.10931916564113082
30 0.6870978685671917 0.43979937286942183 0.10651207594338974 0.20907772091377663
30 0.5940866602998103 0.39659982622538037 0.047139424452321776 0.06484239882593891
20 0.8574235661786226 0.3161777485324944 0.04607233260730723 0.38137977600961576
20 0.9821352354185237 0.3073500394653847 0.032819826339100897 0.4782949357097371
20 0.43472185207199987 0.3276987275974594 0.02519387978345584 0.20323029096824222
20 0.3847517700582597 0.3030466796096205 0.039293483702664035 0.25350503111959555
20 0.25724772143061436 0.24389963904804332 0.037092137701014494 0.3575908918593936
29 0.09458441696372778 0.23338035730957682 0.10104933762187225 0.30476560357874644
29 0.17338118679087827 0.26229555254969894 0.11562631466061868 0.3842070103967665
13 0.9176754414097317 0.5953919257020305 0.13931856426490724 0.11395547973688736