28 0.24311634409829286 0.3281427811565548 0.022748019237293703 0.04467069338153714
17 0.7522445628376906 0.7560296432432879 0.49551087432461893 0.48794071351342405
19 0.573565263289253 0.469726919497799 0.03593998920022692 0.11979189816926553
30 0.35178326056810516 0.35287301647435665 0.19574406433530295 0.22281301153289457
30 0.6197358970008505 0.45423547626689875 0.03660218811176765 0.07397472547429579
30 0.6506089129264332 0.4552490933190275 0.02193948738612832 0.043273724173466296
30 0.6368279105217715 0.449552132177789 0.014181551088459088 0.04597069875942531
20 0.9796887446001132 0.4045650442197522 0.040622510799773436 0.5504444175550036
20 0.9126661968657743 0.3558969078691705 0.06833337086605766 0.49643935727197447
20 0.5068068218657743 0.3516991820541825 0.023085325135076218 0.10160705750679971
20 0.4538219483633867 0.3185189117801075 0.02942709437236992 0.14610806418551736
20 0.4152306743167696 0.2625755009038216 0.02863592068857255 0.10583028640773952
9 0.9788405511308682 0.7086145462582816 0.042318897738263674 0.05880199184588264