0 0.443359375 0.5055555555555555 0.02578125 0.03611111111111111
0 0.3 0.4708333333333333 0.025 0.030555555555555555
0 0.362109375 0.4965277777777778 0.02734375 0.03194444444444444
18 0.094921875 0.6201388888888889 0.03828125 0.04027777777777778
12 0.02734375 0.3527777777777778 0.0546875 0.05555555555555555
20 0.769140625 0.25972222222222224 0.01796875 0.5111111111111111
20 0.08984375 0.21805555555555556 0.0203125 0.225
20 0.10703125 0.20416666666666666 0.015625 0.24722222222222223
20 0.924609375 0.22916666666666666 0.01953125 0.45555555555555555
9 0.542578125 0.47847222222222224 0.01171875 0.02361111111111111
17 0.45234375 0.7118055555555556 0.903125 0.5680555555555555
14 0.50390625 0.4423611111111111 0.01875 0.04027777777777778
13 0.137890625 0.5791666666666667 0.27578125 0.1361111111111111
25 0.75078125 0.7652777777777777 0.3078125 0.4638888888888889