18 0.5893413185944697 0.7467246635533834 0.05496021077238851 0.08842853409696229
19 0.20564705376374678 0.5129466244543419 0.05300734621281213 0.2076546127943942
30 0.5092805929913583 0.40129853259169895 0.04707498789975162 0.06547842605136446
30 0.4659007646834291 0.3990882989114333 0.028343168617910842 0.0692870556308187
30 0.4420930929913583 0.4075583506727289 0.07761191559284875 0.08915051409586251
20 0.6442661383181919 0.24895054625986748 0.08071977663638386 0.49790109251973497
20 0.43604028742049283 0.2426242876534904 0.06337319535249045 0.4852485753069808
20 0.5927081834977317 0.24992876275306802 0.06429080073868469 0.49985752550613605
20 0.5333172753693424 0.22923067139157804 0.055424339966296185 0.4584613427831561
9 0.5658055763535167 0.48008553244117264 0.015043737899751618 0.062494094175524616
17 0.39600895423128496 0.6535923322796489 0.7848396500747548 0.6923786039466768
29 0.7698976578338017 0.27907047942428814 0.2631368460164204 0.457717508416415
29 0.9197908461146163 0.23245618272658827 0.1500596082148647 0.2708470636709179