8 0.2631080382882952 0.74375 0.5262160765765904 0.5125
26 0.5199433252611725 0.48819444444444443 0.01299282366340595 0.03888888888888889
30 0.5171973923474885 0.4527777777777778 0.06843075256024882 0.13333333333333333
30 0.41134957526117255 0.48819444444444443 0.02236782366340595 0.03888888888888889
30 0.515698929143898 0.36736111111111114 0.1037605787839034 0.3055555555555556
30 0.37260944631491866 0.49027777777777776 0.03743138154179624 0.06944444444444445
30 0.6127790554946095 0.4326388888888889 0.06049715521931951 0.08194444444444444
20 0.7949572777649515 0.24930555555555556 0.10383544447009693 0.4986111111111111
7 0.4948582027155405 0.6569444444444444 0.989716405431081 0.6861111111111111
15 0.03280974089795502 0.5458333333333333 0.06561948179591004 0.28055555555555556
29 0.8334621882812365 0.23055555555555557 0.24401312343752685 0.46111111111111114
29 0.7704466133024127 0.2701388888888889 0.14892116033981714 0.3486111111111111