31 0.8619757832030913 0.5034525604339073 0.2492928866622936 0.3558411157042547
30 0.2828258804734333 0.36857094329816265 0.034496097340929135 0.054105807554174296
20 0.9067950950277357 0.46719111332463803 0.17347862848743745 0.8717542905970572
20 0.7232912567535578 0.26561400588804174 0.12796318920842503 0.5050837945032334
20 0.6708075107351051 0.3336753055843331 0.07140310509226282 0.3244901505371172
15 0.10827210797015366 0.13770545096991485 0.0772057840596927 0.2754109019398297
24 0.687022014857827 0.6592213287441979 0.5864428181193853 0.6109174572141852
16 0.39098001471665267 0.420560970318673 0.038713160480991424 0.08769789504610609
29 0.40819338964606555 0.28754916497000926 0.05546802097610026 0.1472603106327829
29 0.7737578409756009 0.28876877658596534 0.20785508653523674 0.5775375531719307
13 0.1317607073018566 0.34069815035499473 0.2635214146037132 0.24024372465538582