6 0.293359375 0.5972372311393338 0.0578125 0.08117584082296313
19 0.196875 0.6545318213416212 0.0609375 0.153656817203784
19 0.116015625 0.6598381963064712 0.0328125 0.08743914088750747
30 0.51484375 0.44695358570421334 0.0515625 0.08760277695021033
30 0.4765625 0.45915110192482395 0.04453125 0.10368724676003009
30 0.57109375 0.43396267751610507 0.04921875 0.10268648910903913
20 0.673046875 0.3067708230918257 0.03671875 0.2544292502524224
17 0.5078125 0.6510080047832824 0.984375 0.6953964488474492
20 0.08359375 0.4889116595908207 0.09375 0.4508181803135137
16 0.19609375 0.6886242876590487 0.08203125 0.16512562999654676
29 0.32265625 0.45453363312469414 0.08046875 0.2872184751394697
29 0.05078125 0.5437119115894393 0.1015625 0.35979839904334354
29 0.126953125 0.5408770011958206 0.08203125 0.23179229666321344