28 0.21999545950527089 0.35892134461282094 0.031056340418179396 0.060029274351133685
4 0.9355620748851756 0.6217233036845606 0.12005251482874754 0.12621204787728224
12 0.08868775693867274 0.40890206982526117 0.15970526384016445 0.118290810822225
30 0.49532838193867273 0.40469626369109135 0.060995849809719616 0.13948683250834823
30 0.6613977216154148 0.4564635385659364 0.08298359634967838 0.1105544950979562
30 0.6433971381173176 0.45526049701823074 0.04663226087441501 0.09212724486003386
30 0.8748268574898297 0.5459444788939039 0.05454026136870667 0.09637471471851945
20 0.12754269195791954 0.21283083008125972 0.11446038391583908 0.42566166016251944
20 0.23329064971457933 0.20734753439314366 0.08533129942915867 0.4146950687862873
20 0.3902628678513625 0.287004785503918 0.06244028608328591 0.3047403693285803
20 0.8417345024900484 0.36360456181474465 0.06227845999956259 0.36583531980132766
17 0.7003912374327456 0.5894251772169031 0.2752931131555926 0.25417659900663836
30 0.5791204266534709 0.4295301541426653 0.11300401878308027 0.15946457801879682