18 0.09805246194123406 0.4731767846774572 0.19415049668035028 0.37309087508953004
30 0.2820459273003137 0.46453256076730914 0.09025281615858276 0.1305776229049319
30 0.3593510432742253 0.4479253994066383 0.043205099336070064 0.07488978100284195
30 0.31249195140261465 0.45569657464206165 0.026853391490547728 0.09053792522599922
30 0.5010774679913583 0.4175946776528157 0.017301129488495093 0.03578924573447008
30 0.5428743429913583 0.4149998704753039 0.017282948770336048 0.030233690178914526
20 0.6034323204997842 0.2952445648914757 0.044695397344280255 0.2916049487382471
20 0.19169792281181847 0.43541221198438806 0.024073825135573258 0.1958994765066006
17 0.20005610479701907 0.721062562942483 0.39705784894328655 0.557874874115034
15 0.708301367240953 0.23890313846620456 0.07507830981387098 0.4778062769324091
24 0.6072913669954634 0.5193561161720771 0.4548607377033598 0.3198457876037575
29 0.5723913987586154 0.36107349652990606 0.04647554508134384 0.11952822972224056