6 0.20625 0.5708333333333333 0.0875 0.09444444444444444
23 0.4421875 0.5888888888888889 0.0765625 0.14444444444444443
19 0.422265625 0.5333333333333333 0.03515625 0.1527777777777778
21 0.901953125 0.8631944444444445 0.19296875 0.26805555555555555
30 0.65390625 0.5013888888888889 0.0625 0.11666666666666667
30 0.523828125 0.47708333333333336 0.05234375 0.10416666666666667
30 0.587890625 0.48541666666666666 0.02734375 0.043055555555555555
30 0.57734375 0.4840277777777778 0.0484375 0.05416666666666667
30 0.563671875 0.4930555555555556 0.02109375 0.03888888888888889
20 0.065234375 0.32222222222222224 0.01953125 0.5416666666666666
20 0.7859375 0.38055555555555554 0.0125 0.2777777777777778
20 0.38671875 0.4340277777777778 0.009375 0.20972222222222223
20 0.884375 0.3194444444444444 0.0125 0.5
20 0.28359375 0.41041666666666665 0.009375 0.33194444444444443
29 0.14921875 0.39861111111111114 0.0671875 0.2361111111111111
29 0.390625 0.39861111111111114 0.053125 0.28055555555555556
29 0.958984375 0.40902777777777777 0.03046875 0.059722222222222225