4 0.9834282022995016 0.5042881548379604 0.027961915340545217 0.09614198185029324
19 0.5909591653007743 0.46324970113017816 0.015325555338954189 0.07453263141714343
17 0.722521424948298 0.6911728938018787 0.5503209100493158 0.6176542123962425
30 0.4562571749681833 0.44516104455055805 0.13373974801081764 0.14991184835221816
30 0.6838054649705695 0.42802485555347275 0.04277839334022708 0.0928968354896589
30 0.9287318853039558 0.44253549615856014 0.13795508068109044 0.19737657591813315
30 0.6619031929702514 0.4308334922954603 0.09048918734086335 0.10418873401604303
20 0.35454522630888746 0.3422796267680317 0.03959939668204475 0.20376544125707724
20 0.8087744686505463 0.26140671939297555 0.0683885626989074 0.4262963119962595
9 0.8376205346316153 0.5112149277404452 0.024446016669318026 0.03622575535311701
30 0.34828104296627427 0.4634678970646397 0.06554373134149963 0.11097003314974312
20 0.1646878403087284 0.3325772003979002 0.08742037336886196 0.4705158932015399