9 0.07214282355264577 0.4470958183886113 0.06906994773041453 0.09861343363691365
9 0.09327006184582332 0.36665398708151253 0.0451959381117677 0.0754214089832099
20 0.6852702730123408 0.8602643230312967 0.3504514117028979 0.2794713539374066
18 0.07286454800841621 0.470060975176852 0.032150301088459135 0.04712640324197537
30 0.04901411955770439 0.23138104888521616 0.06819692849312083 0.0541689891924692
30 0.5360912343060853 0.4920085143502477 0.04400546034428636 0.05455574890216058
30 0.5182179707851644 0.4864038880416675 0.03923611479079003 0.050195121749197505
20 0.8085899996411049 0.4316981180299395 0.09973962748947969 0.586986255825247
20 0.9348437201946013 0.432752221119415 0.0821776160567346 0.4877286097598149
20 0.5781224942412183 0.3623910151099083 0.06906749164729753 0.4164103752107408
9 0.25627104229204356 0.5269956431933955 0.04600446996293304 0.07684262461981493
17 0.33978049065543026 0.7020833333333333 0.6795609813108605 0.5958333333333333
23 0.39568448911540877 0.4750785886502475 0.028462305897782515 0.05807588061450623
13 0.31958702518533444 0.38852874391916714 0.2579613221398514 0.17720518642209918