18 0.7470330990610881 0.8691127589295106 0.07669031667727229 0.14594938137563215
18 0.13466863804899773 0.6538223599170387 0.08026075934913565 0.21429609126053764
19 0.1954379607137024 0.6338054248949238 0.050327811346272136 0.17403012513171062
19 0.11778058271004346 0.5786826885768389 0.058294852681408396 0.1983691220661972
31 0.21040388737268004 0.5345667520972305 0.41813511871417963 0.6608001708611275
30 0.4738482220321349 0.46472484848288026 0.04275112133990877 0.0900416945573391
30 0.42558344470081655 0.4866008452668407 0.05051816800604527 0.08382513593627026
30 0.5289308923655213 0.4705508879821225 0.03559260200509051 0.06994215287185676
30 0.5090453800326122 0.4742503346880704 0.028534080004772377 0.0651203889641522
20 0.7161848970202036 0.3311484918810294 0.1292447940404072 0.5408856284230135
20 0.4303292130211581 0.3170078707454834 0.09540559603754381 0.5002557193824984
20 0.6408215440205218 0.3282910603521218 0.11133058804104365 0.547544824362583
20 0.541416435351681 0.29057468817302984 0.092207870703362 0.4888534539420371
9 0.6135697953731573 0.57837566058341 0.026363052673454134 0.09129091210602824
29 0.851171875 0.34249760490121306 0.29765625 0.5541213387594982