18 0.871484375 0.55625 0.25390625 0.7597222222222222
30 0.638671875 0.47152777777777777 0.08984375 0.12361111111111112
31 0.125390625 0.37916666666666665 0.25078125 0.4777777777777778
20 0.6359375 0.20833333333333334 0.015625 0.4166666666666667
20 0.700390625 0.24583333333333332 0.01953125 0.4888888888888889
20 0.92265625 0.12013888888888889 0.01875 0.24027777777777778
20 0.78828125 0.23333333333333334 0.0296875 0.4666666666666667
30 0.558984375 0.4798611111111111 0.08359375 0.17916666666666667
29 0.431640625 0.3458333333333333 0.03203125 0.07777777777777778
29 0.67265625 0.3597222222222222 0.1359375 0.11944444444444445
24 0.71953125 0.7743055555555556 0.409375 0.44305555555555554
6 0.301171875 0.4722222222222222 0.05078125 0.08055555555555556