26 0.60234375 0.4486111111111111 0.0078125 0.025
30 0.603125 0.4354166666666667 0.0265625 0.05416666666666667
20 0.113671875 0.35 0.03515625 0.2916666666666667
20 0.746484375 0.2638888888888889 0.05390625 0.5111111111111111
20 0.2078125 0.3645833333333333 0.028125 0.23194444444444445
20 0.687109375 0.3229166666666667 0.03203125 0.31527777777777777
20 0.285546875 0.3763888888888889 0.02265625 0.17777777777777778
17 0.509765625 0.7229166666666667 0.97578125 0.5486111111111112
29 0.9421875 0.36944444444444446 0.1140625 0.36944444444444446
29 0.727734375 0.36875 0.06171875 0.2013888888888889
29 0.144140625 0.40347222222222223 0.03828125 0.12916666666666668
25 0.23815624999999999 0.7694861111111111 0.4731875 0.4593611111111111