8 0.4357832187778656 0.727828378523535 0.20990165467194846 0.5074061821057029
18 0.8726571533311596 0.6844246420357418 0.05283820967712849 0.11091973584342361
31 0.7690399056052165 0.4852010801458431 0.24611948283649204 0.22216928430203178
30 0.9167518135869338 0.47152310342891146 0.16649637282613233 0.9430462068578229
30 0.6383089631940397 0.457288370782218 0.03935575248119942 0.07277313521590101
30 0.24691127150673395 0.49209817999524197 0.030633569892376134 0.037646787601477175
30 0.5540795124082514 0.4560973694624399 0.03252355562435252 0.05022761267991756
30 0.4725929949351574 0.46932805131911437 0.039227319892376045 0.03809132553289898
20 0.13520538792498007 0.3931575058798844 0.03618371071058575 0.2792730417289238
20 0.1979044410681332 0.4121063124252736 0.029385747104515848 0.19847501093804726
20 0.62208147653105 0.287525969738219 0.048833568030349286 0.4047579921995657
20 0.2679076489879333 0.4202747394510147 0.025314677212139713 0.16220224967005537
20 0.656895278226461 0.21405713641892482 0.0621704760120668 0.42811427283784964
24 0.6469208489474066 0.7092781040452026 0.6040519150110306 0.5430518796504417
25 0.2631902238427082 0.7429617058742688 0.5263804476854164 0.513995763173022