30 0.18138479848852462 0.6965277777777777 0.35247756867295166 0.6069444444444444
6 0.33771466593753496 0.5578695362826916 0.053089285619201385 0.06236431336179006
31 0.7791858656428648 0.727718169457137 0.13570307028847228 0.17494391088523223
30 0.6074816520698266 0.5441920434279892 0.047893292553055564 0.08263139173360973
30 0.5127321965227433 0.5177372552837282 0.031577961531007046 0.08787707129351298
23 0.5396401886389586 0.5468765254142551 0.07667290919430556 0.13554356010710886
20 0.1497123253224654 0.2915159857178985 0.0479679873665626 0.2671109332580403
20 0.7167738451740974 0.45980514967382624 0.015500326272395882 0.2304609637215552
20 0.37602221181534745 0.47445466136218356 0.01344686379145843 0.19279917658969403
17 0.6574063040459376 0.7534764792712801 0.6851873919081248 0.49304704145743966
29 0.0729231810879689 0.32586863380188685 0.1398457096311459 0.19340393427044036
29 0.18440619495567723 0.37902218683068917 0.0551791156913195 0.10280387827142903
29 0.37009886692559046 0.4391661841784476 0.0565617373665626 0.2680007624832762
29 0.88529687433441 0.489737713131856 0.027289851823611145 0.05830593679719366
29 0.27467693754685785 0.39114317147344346 0.045005335106111134 0.16000470168173486
25 0.10454110286725729 0.7445507904827819 0.08593880642076393 0.12818094956494186