26 0.5770404713862671 0.4346816288988347 0.009593188311602673 0.022416156446707053
30 0.5761228536915155 0.42080890119531944 0.027067060470581338 0.05193836919159575
25 0.38354166172646476 0.623444147464489 0.25877280235290645 0.2622453132470276
30 0.2619112364021532 0.5314966061602857 0.03866307954530477 0.03968078697220155
20 0.16330525385367123 0.47658039048024425 0.054866552352906425 0.25802724386448433
20 0.6690449648934453 0.2549645088762094 0.07972227637832408 0.4029565238701406
20 0.8530926824260412 0.22701285027232773 0.08118536485208239 0.45402570054465546
20 0.6355446952098139 0.3049730759955222 0.05422167004765814 0.27189997156799944
17 0.20631471144186833 0.7583869783223861 0.3913825251605081 0.48299978675999566
24 0.6887730608759707 0.6552306819082501 0.6224538782480586 0.6740562205954678
29 0.8552074715897857 0.27403481342392866 0.1506836128234877 0.31138779736896804
29 0.67763476075353 0.33396956368913877 0.07685460064862308 0.19044036268476688