4 0.30143335613044275 0.5447162928065761 0.03160455600635448 0.0386986526970972
25 0.25956611749288083 0.7370336742968964 0.5191322349857617 0.5247682576925133
18 0.5626416144499885 0.45578155372230633 0.05068183847375849 0.07358451098202212
26 0.5198180275994353 0.48430707913321225 0.010483532467404189 0.034174284348778707
30 0.5177401946042013 0.4574178114188279 0.05259889448011279 0.10982499917243255
30 0.27105324513203133 0.5382113680751346 0.04995513555165916 0.07907537799792802
30 0.24938477374411655 0.5587403029155 0.02623126339268058 0.04796805514177183
30 0.6030328122989529 0.436477871708127 0.04984604139585791 0.06796426688681692
30 0.6678268565358321 0.39641884496480867 0.10842220048646745 0.15052899659866878
30 0.38043308644681123 0.4889095390162306 0.03349433847375849 0.07216136310972969
20 0.07982427313520854 0.5360045047337436 0.030470524349729234 0.24121767631627636
20 0.7117121343354909 0.2510594961888933 0.07657573132901838 0.5021189923777866
24 0.570100648338727 0.6501441801353994 0.852025744721699 0.6742243551072389
29 0.7571288871765123 0.24539138425422288 0.17071546915415362 0.45266754783426455