6 0.923046875 0.5048611111111111 0.05234375 0.05694444444444444
6 0.895703125 0.8145833333333333 0.20546875 0.36527777777777776
30 0.6546875 0.4236111111111111 0.0828125 0.16666666666666666
30 0.50234375 0.3958333333333333 0.0609375 0.11666666666666667
30 0.5703125 0.4041666666666667 0.034375 0.05
30 0.51875 0.38680555555555557 0.0375 0.10138888888888889
30 0.556640625 0.39444444444444443 0.02421875 0.044444444444444446
20 0.805859375 0.28125 0.01796875 0.32916666666666666
20 0.225390625 0.3020833333333333 0.02578125 0.3486111111111111
20 0.926953125 0.24097222222222223 0.02265625 0.4791666666666667
29 0.07421875 0.30694444444444446 0.0796875 0.2777777777777778
29 0.372265625 0.30833333333333335 0.05703125 0.29444444444444445
29 0.2015625 0.32430555555555557 0.0625 0.3736111111111111
29 0.152734375 0.32708333333333334 0.07890625 0.3597222222222222
13 0.8921875 0.5319444444444444 0.16875 0.08055555555555556