30 0.5290566194425871 0.4157188004823365 0.06001208605604162 0.11318497380705708
30 0.3815198705346878 0.556546533777642 0.1647749340799307 0.3660389284059562
19 0.8838996615206774 0.4878361251797582 0.18300021684934045 0.5659438103100605
30 0.769280269518837 0.2456653531909446 0.1655360406531944 0.18574212700899928
30 0.5984962972542537 0.3432301652472012 0.08063371058107638 0.13847798694905925
30 0.9017540830640799 0.29971966933950794 0.19649183387184016 0.4678197779599003
17 0.5030538978435939 0.6022523018147489 0.9938922043128123 0.7951072651326043
20 0.18208095535645852 0.3770147124360207 0.11083427611989607 0.5377702424400703
29 0.24496346827423632 0.46079320669258717 0.10483623641663212 0.3180670438370272
13 0.5089266106088718 0.4910765021639882 0.1377552263486459 0.09048716110535572
13 0.7809279173624308 0.388606746445324 0.25149303086954866 0.31356182262449483