4 0.03945189417192434 0.47355308708996185 0.07611304810640604 0.10844938137563184
8 0.24257514246300155 0.692895288708979 0.48228682181592364 0.6003205336931532
18 0.42104252219698646 0.42271808684028733 0.02668067466803503 0.03858592291058803
26 0.5301768881218001 0.45839741293753145 0.009502265027114732 0.03976235187693962
30 0.5300655312230749 0.4243696351597537 0.054283499901804075 0.12030018995906917
30 0.7027376893514642 0.41314446957426454 0.11451247277444096 0.14812713302128327
30 0.39287207040158834 0.41144958691555045 0.03927157825883123 0.06752831800576663
20 0.7995192527304745 0.2807833720303698 0.04339249345889655 0.5615667440607396
20 0.6206266382690939 0.2770008764285393 0.023901629193907682 0.38266642444334475
27 0.7185942330675708 0.36304119252523354 0.010242608411256526 0.027335140459277023
29 0.8425220915770231 0.263837842355462 0.17668171642972935 0.527675684710924
29 0.7814166803744736 0.3363483783137269 0.10651414129415607 0.3292709030600146