18 0.9198250387266672 0.5520483210566656 0.16034992254666564 0.5885213665203313
30 0.5435762174913397 0.5802408906862261 0.15016485357261616 0.3279748773431654
30 0.20092284938874458 0.5083333333333333 0.4008630529159321 0.9833333333333333
20 0.6995966265261089 0.2860506388804676 0.05700575305221776 0.5304515533905494
20 0.6154534602552504 0.23834197654381334 0.048094420510500765 0.43997983044690253
20 0.9085898462229555 0.38550638490970296 0.09217969244591089 0.7174839040395385
20 0.8856851523624772 0.5617169649966254 0.0590418865893028 0.3612252972577077
29 0.39779066570503163 0.4140594473257493 0.0311548247398008 0.10365053102418863
24 0.768237623529662 0.8219254916995891 0.4635247529406762 0.3561490166008219
30 0.6569664704877866 0.5344990775535149 0.10610391508343398 0.18368292135519462
30 0.8558117452503016 0.5677280483303248 0.11149077792830404 0.18107484559755216