24 0.6526765469446388 0.6637484079629457 0.32611979404040736 0.5592283511720777
18 0.5298759409611836 0.4586551258879505 0.060483514003817976 0.055604720839991885
18 0.5288313352960017 0.4393198643170124 0.06308180267345413 0.09471197547589345
12 0.9008656956357515 0.32068111563772617 0.19505051269095333 0.3360343353929322
30 0.19537367162636549 0.5092530835728695 0.13899941267504506 0.12260580129596974
30 0.5713006459659561 0.3923337253152288 0.01573408800127272 0.018122438313417887
30 0.5367574686306608 0.42123086738252574 0.032367604670590744 0.05437322076472873
30 0.22942168129377455 0.49636455801896345 0.07091248400699968 0.09821763907704685
20 0.08804325063654685 0.38600096889328783 0.06534483135740798 0.3211736529471199
20 0.73000430498091 0.21855533243017528 0.11655389003818009 0.43711066486035055
16 0.40336289228597944 0.5821796431998527 0.07939769334818117 0.20172330267820024
29 0.9037602519891823 0.10323429519243646 0.1612294960216353 0.20646859038487292
29 0.7896244793125464 0.24001327453785315 0.20356354137490715 0.4800265490757063
29 0.4249253589672287 0.3893149178368541 0.053498264680135674 0.18126572390550516
13 0.8457995646085482 0.6818443449455113 0.04875567333704538 0.05312400321603974