26 0.556640625 0.5097222222222222 0.00859375 0.030555555555555555
30 0.271484375 0.48333333333333334 0.06171875 0.08055555555555556
30 0.384765625 0.47430555555555554 0.03984375 0.04861111111111111
30 0.24453125 0.5020833333333333 0.0296875 0.05138888888888889
30 0.34140625 0.4847222222222222 0.028125 0.044444444444444446
20 0.728125 0.28958333333333336 0.0625 0.5791666666666667
20 0.619921875 0.3541666666666667 0.03203125 0.3194444444444444
24 0.607421875 0.7479166666666667 0.78203125 0.4986111111111111
14 0.555859375 0.4840277777777778 0.03984375 0.09027777777777778
29 0.784765625 0.3659722222222222 0.12421875 0.3763888888888889
25 0.253125 0.7472222222222222 0.5046875 0.5