30 0.485546875 0.4548611111111111 0.05859375 0.10416666666666667
30 0.210546875 0.37569444444444444 0.13046875 0.06527777777777778
30 0.5328125 0.45555555555555555 0.0421875 0.06944444444444445
30 0.505859375 0.45902777777777776 0.01953125 0.0875
20 0.098046875 0.23125 0.03671875 0.2375
20 0.21875 0.2743055555555556 0.0265625 0.16805555555555557
20 0.658203125 0.26805555555555555 0.02734375 0.5277777777777778
20 0.606640625 0.30625 0.04140625 0.49027777777777776
24 0.675390625 0.7409722222222223 0.45546875 0.5125
21 0.57265625 0.9486111111111111 0.040625 0.025
29 0.903125 0.6097222222222223 0.1921875 0.4777777777777778
31 0.233984375 0.44305555555555554 0.44921875 0.20555555555555555