8 0.242578125 0.6805555555555556 0.48359375 0.4111111111111111
18 0.20078125 0.47847222222222224 0.021875 0.10416666666666667
19 0.631640625 0.5965277777777778 0.05703125 0.2986111111111111
30 0.507421875 0.4673611111111111 0.01953125 0.04027777777777778
20 0.96796875 0.3527777777777778 0.0296875 0.7055555555555556
20 0.651171875 0.32708333333333334 0.04765625 0.4152777777777778
20 0.17421875 0.4131944444444444 0.025 0.2013888888888889
20 0.04921875 0.3923611111111111 0.021875 0.2652777777777778
20 0.219140625 0.4215277777777778 0.02109375 0.1736111111111111
20 0.067578125 0.40069444444444446 0.02265625 0.24861111111111112
20 0.2609375 0.4236111111111111 0.01875 0.1388888888888889
24 0.424609375 0.7375 0.84921875 0.5194444444444445
29 0.115234375 0.4409722222222222 0.03515625 0.1125
29 0.030078125 0.4284722222222222 0.06015625 0.20416666666666666