18 0.636328125 0.5368055555555555 0.06640625 0.04583333333333333
30 0.3046875 0.4638888888888889 0.18125 0.14166666666666666
30 0.461328125 0.47847222222222224 0.09609375 0.09305555555555556
30 0.5359375 0.4979166666666667 0.028125 0.043055555555555555
30 0.6421875 0.49375 0.0390625 0.05416666666666667
30 0.5359375 0.46041666666666664 0.028125 0.11805555555555555
20 0.883984375 0.3 0.05703125 0.5666666666666667
20 0.81640625 0.36527777777777776 0.0421875 0.3416666666666667
20 0.855078125 0.3638888888888889 0.05390625 0.4444444444444444
17 0.358984375 0.7527777777777778 0.71640625 0.4888888888888889
20 0.1734375 0.29097222222222224 0.040625 0.31527777777777777
29 0.9265625 0.39166666666666666 0.14375 0.4888888888888889