8 0.2454754279488826 0.7117651942742905 0.4478477812745238 0.364130272540618
18 0.7212202313599837 0.8723274256124394 0.0717817232778227 0.14037708054672843
18 0.5661312572574847 0.6028939188587971 0.02568196159934022 0.042701122593580165
31 0.24337271301758365 0.5832929720520682 0.47787992524374445 0.6249192774374698
30 0.5140058102728744 0.4709638958938588 0.09900345282385156 0.181753967746852
20 0.7670494165015094 0.3572130234675937 0.16066133300301874 0.6575956244503706
20 0.933203125 0.33514207792460016 0.13359375 0.5985834294150002
20 0.6310604407164042 0.2530417117493219 0.08555838143280833 0.45739934143827177
20 0.6575888426364372 0.25205748783833426 0.09174018527287445 0.45349128875333344
24 0.7490221451896085 0.6738943076227318 0.48655624326957536 0.6522113847545363
29 0.8608119567826311 0.29030738998176053 0.15756141356526215 0.5158966310359878
29 0.8141517370346227 0.3730415172194457 0.08816289271557949 0.28262562867228413
13 0.2363827470304991 0.6093747568376546 0.45816315564770316 0.3742727424831489