30 0.44877311583701507 0.46644439499656737 0.07400518577927465 0.1669330796795797
30 0.613563151160273 0.5336629318943404 0.052118256920082116 0.06253808841056051
30 0.5207449456279254 0.5023215402950961 0.059881677376317735 0.09506472971185202
30 0.5011818621298282 0.5020932156927436 0.05650200939154022 0.08369486444214229
20 0.23580621292813095 0.3326181358310415 0.07265754448624281 0.3803044602512714
20 0.33311362374568054 0.39007444738245306 0.03733019813656444 0.26786531936376384
20 0.8949656721676655 0.37954403013663324 0.06399746889681097 0.4447412870136037
20 0.37231208076090294 0.40445232974587153 0.027494941710773803 0.212987078760951
20 0.7511228302666113 0.439992938142619 0.05759361859279988 0.30142697729944956
29 0.32726021317527676 0.33810336163671734 0.10312629448624282 0.3828273132976078
13 0.7972298732327985 0.7433335597804459 0.3856124837255587 0.5133328804391081