30 0.57734375 0.45694444444444443 0.0203125 0.041666666666666664
20 0.759765625 0.2777777777777778 0.06015625 0.5222222222222223
20 0.225390625 0.3993055555555556 0.02578125 0.2152777777777778
20 0.66640625 0.34652777777777777 0.034375 0.3236111111111111
20 0.27578125 0.40555555555555556 0.021875 0.18333333333333332
20 0.321484375 0.4152777777777778 0.01953125 0.1527777777777778
20 0.355078125 0.42291666666666666 0.01640625 0.11805555555555555
20 0.3875 0.42430555555555555 0.0140625 0.10694444444444444
20 0.104296875 0.38333333333333336 0.02265625 0.26666666666666666
17 0.49921875 0.7319444444444444 0.99375 0.5305555555555556
29 0.675 0.41041666666666665 0.05625 0.15694444444444444
29 0.058203125 0.41597222222222224 0.08515625 0.2152777777777778