6 0.775 0.7097222222222223 0.446875 0.5555555555555556
18 0.76484375 0.8027777777777778 0.040625 0.07222222222222222
19 0.48515625 0.5729166666666666 0.1 0.3875
19 0.351171875 0.6465277777777778 0.19296875 0.7041666666666667
19 0.63125 0.5756944444444444 0.0984375 0.33194444444444443
19 0.754296875 0.5361111111111111 0.04921875 0.30277777777777776
19 0.9703125 0.6354166666666666 0.0578125 0.4625
30 0.476171875 0.4125 0.15390625 0.3138888888888889
20 0.14140625 0.325 0.015625 0.4583333333333333
20 0.81640625 0.3159722222222222 0.009375 0.30972222222222223
29 0.2171875 0.38125 0.0796875 0.2708333333333333
29 0.13359375 0.275 0.1234375 0.55
29 0.16484375 0.3388888888888889 0.0609375 0.33611111111111114
18 0.13984375 0.8638888888888889 0.2796875 0.26666666666666666
18 0.145703125 0.8097222222222222 0.28671875 0.36666666666666664