6 0.36449909373656475 0.497001247682667 0.0700126068519765 0.1013965477432033
18 0.13601776826159487 0.4618853559428225 0.060927533921197916 0.08401830714039041
19 0.48000292401700373 0.504756110655805 0.0486665513340526 0.14396502453780788
30 0.7393281357425922 0.5774975500477915 0.07757280133405242 0.146358500504845
30 0.35483416666734324 0.4811755320314458 0.10545213986866324 0.14035395459889913
30 0.6630063141685805 0.5360173930762652 0.04074118668015991 0.06017887142692694
20 0.8873086123368438 0.5278361045936572 0.06188692559888338 0.30162104291839853
20 0.5016787287997587 0.3907359299740381 0.02358798620519007 0.11279301314200217
20 0.41296258819592646 0.3731427677639232 0.0547737884437538 0.29826106828377386
15 0.2567966759953682 0.23979729758384616 0.1171277035271876 0.4795945951676923
29 0.3976003994238308 0.33908456042989915 0.08052073891872347 0.24635850050484498
30 0.5972994270134506 0.5442290081846135 0.07781846279944168 0.15469183383817833