18 0.3830251678549111 0.9004109480420951 0.06753449247815269 0.12346172620483142
18 0.43983327741550493 0.931965270946201 0.06552571159934022 0.048380832638900986
12 0.8311021012473235 0.3756607569735733 0.32063676042484135 0.14828235267743506
31 0.25553929466886594 0.46427734546514643 0.5110785893377319 0.4797786424030404
30 0.4994883883943421 0.43218185115034136 0.044241744985435004 0.08222692390395707
30 0.5511418166075875 0.4212873202433706 0.02818483597251955 0.05422016369645759
30 0.6055750839274555 0.40733188407786525 0.02269335391920819 0.05226501984605502
30 0.19961759478126173 0.4791767559069228 0.09188127461060622 0.18144408873830287
20 0.6213484996042886 0.23948707653525197 0.04949050079142285 0.47897415307050395
20 0.5425498981923628 0.3029349389389884 0.06641592484803312 0.34103192036480373
20 0.5858357226842557 0.2392642952183209 0.050203554631488775 0.4785285904366418
24 0.5047375207183339 0.6832944616925083 0.4781466982049981 0.5750059220131389
25 0.6281546371739545 0.814715042022137 0.09104854882550092 0.0829138711931225
29 0.9616647852998103 0.30876020280688277 0.07294237265731951 0.5968301566181509
13 0.12271660289667623 0.5167968002133301 0.24543320579335245 0.24140639957333987