18 0.762890625 0.4875 0.10859375 0.10555555555555556
30 0.5765625 0.4638888888888889 0.021875 0.04722222222222222
20 0.849609375 0.29097222222222224 0.02578125 0.5763888888888888
20 0.16875 0.3958333333333333 0.0296875 0.25
20 0.68203125 0.33055555555555555 0.040625 0.3888888888888889
20 0.645703125 0.3680555555555556 0.02734375 0.2638888888888889
17 0.1640625 0.7284722222222222 0.325 0.5375
24 0.7125 0.7333333333333333 0.5734375 0.5277777777777778
29 0.684765625 0.4097222222222222 0.06171875 0.175
29 0.86171875 0.40069444444444446 0.121875 0.2708333333333333
25 0.380859375 0.5902777777777778 0.19296875 0.18888888888888888