23 0.09684418469706621 0.5001934628311825 0.185760234516771 0.41350196322652394
30 0.7150220483463544 0.48419936653025736 0.09117182028847229 0.1657181405822096
30 0.5817997597351912 0.40005686343624236 0.07990701196784719 0.14015236503312722
30 0.6463714060117189 0.4356319241090781 0.03277678561920148 0.05860135855247108
6 0.20055787181741333 0.3308286748779618 0.1526366503605904 0.20914809641915974
20 0.872879354624948 0.4197456210685647 0.0650288540078126 0.3156521780591725
20 0.13504878025241326 0.13866870748667307 0.09197256050482654 0.27733741497334613
20 0.4554905264526911 0.30652286971146814 0.04502417211208343 0.21884894378455533
20 0.9690419205450175 0.41869907017583063 0.06191615890996509 0.4936320185330511
20 0.35484467510404527 0.232508801795372 0.06693684612402792 0.3421218920265018
29 0.4671634903585245 0.2725631420202223 0.09938567021222226 0.31604144089597075
29 0.22230395222232646 0.17056831465396913 0.10596232532246538 0.28168293152673