18 0.8783353670224997 0.6908207574093816 0.07458307912218771 0.08825955000309686
19 0.402974630557413 0.45479773068606233 0.028434777735416715 0.08361614450469924
6 0.33421553865961784 0.45620324321851247 0.07910692496187507 0.07580803191818827
30 0.6023018301205727 0.5041180578643893 0.050455248100139016 0.09495350455290305
30 0.5701163444632463 0.48639783555488186 0.040643837005972114 0.061523207389387206
30 0.5262757520904859 0.4639377069219916 0.04484102773541672 0.08378583120751873
20 0.3994960263589755 0.3923421724415627 0.02736389342673622 0.18081412576937575
20 0.7240138291706422 0.45564338616897526 0.03414122349885425 0.2211565461006087
15 0.20464851956729158 0.23951730176428596 0.07894653685347244 0.36187874143338994
2 0.4701527120544268 0.4846543386323851 0.06250130642076393 0.12007470934063127
29 0.3995872719421179 0.35554065704559806 0.07681968597979179 0.2590928833364303
29 0.22910300569958322 0.28092539821713236 0.06195644576343753 0.13812218457700495