31 0.243359375 0.3173611111111111 0.48671875 0.6347222222222222
30 0.6352663731402277 0.4394146716531532 0.1402675891227986 0.1723095596020858
30 0.553989621175757 0.4297488931127711 0.04438785483856407 0.05638935632377553
30 0.4915634728092509 0.40038341990071524 0.06488229135632881 0.0643845267879442
20 0.6799849447899323 0.28253806741803955 0.06793463254604185 0.5650761348360791
20 0.5190399635036259 0.24500437705744382 0.0541589228689137 0.45912672156233314
20 0.6331902006833443 0.32509401982475095 0.04974325061917249 0.43948021442178786
9 0.5750619464448168 0.5188142947139441 0.015753432588823203 0.03549006046740525
24 0.5204867815362298 0.6811431257158668 0.4043087801886772 0.6020698889760846
29 0.7741651302742396 0.43847123967196455 0.22550307588823237 0.35841649558620675
19 0.3073982383178742 0.38702431875961674 0.042846779569504535 0.1464650714054525
19 0.35268183230062755 0.4304531060093505 0.028110037427387446 0.09022250268315431