4 0.9635418708766185 0.6385443400824387 0.04773045783841638 0.10047673883173111
12 0.46609805261967824 0.4055830375494833 0.05396608597251955 0.05193835059325696
19 0.6691829428612287 0.5056167478418032 0.017474656505632957 0.06544746448059727
30 0.5641532878070927 0.45382742014821376 0.1145231527447093 0.12477467707330227
30 0.9418744651956616 0.5778933441594974 0.10033863229073817 0.16489892878662415
30 0.6305637179007999 0.4781293985493757 0.048238923198680436 0.08381815248424623
30 0.6275978422739793 0.468374855050426 0.031400764185764984 0.05725957689253786
30 0.41079260708656484 0.41890226393604946 0.0737534002374268 0.1632353090455513
30 0.7727057537941772 0.4823777944182561 0.048406407759274114 0.04632623280342819
20 0.12695664776339788 0.21593274663670772 0.09139920447320424 0.43003934113830994
20 0.8868951116721648 0.3564539868875229 0.07239079169936495 0.46178177760320743
17 0.6248185200915132 0.7290306902561671 0.5292461969513569 0.5419386194876659
30 0.3477075853789525 0.3585174555409129 0.21913174788842893 0.31193622967805795