30 0.112109375 0.41805555555555557 0.07421875 0.11388888888888889
30 0.421875 0.46875 0.0234375 0.04861111111111111
20 0.87890625 0.24027777777777778 0.0140625 0.4777777777777778
20 0.605859375 0.2590277777777778 0.04765625 0.45416666666666666
20 0.1578125 0.31875 0.025 0.2125
20 0.292578125 0.3638888888888889 0.01640625 0.11666666666666667
20 0.219140625 0.3229166666666667 0.01953125 0.14583333333333334
20 0.08671875 0.26180555555555557 0.0171875 0.20694444444444443
20 0.070703125 0.30833333333333335 0.01640625 0.25833333333333336
9 0.44453125 0.4951388888888889 0.0109375 0.018055555555555554
17 0.670703125 0.7263888888888889 0.65390625 0.5472222222222223
13 0.166015625 0.5229166666666667 0.31953125 0.0875
9 0.497265625 0.5347222222222222 0.01484375 0.044444444444444446