6 0.422265625 0.4979166666666667 0.03984375 0.043055555555555555
18 0.91796875 0.5604166666666667 0.0515625 0.0625
30 0.660546875 0.46944444444444444 0.04140625 0.075
30 0.582421875 0.4826388888888889 0.02578125 0.05416666666666667
30 0.628515625 0.4652777777777778 0.01796875 0.03888888888888889
30 0.613671875 0.4756944444444444 0.01953125 0.05694444444444444
30 0.34921875 0.48680555555555555 0.0515625 0.06527777777777778
20 0.277734375 0.33958333333333335 0.03515625 0.32083333333333336
20 0.46953125 0.41875 0.0078125 0.1597222222222222
20 0.399609375 0.3875 0.03515625 0.2111111111111111
30 0.543359375 0.4847222222222222 0.02265625 0.044444444444444446
30 0.19375 0.5493055555555556 0.171875 0.33194444444444443
29 0.4671875 0.38472222222222224 0.046875 0.23055555555555557