8 0.2509564357097253 0.5638888888888889 0.4982038793761799 0.5611111111111111
18 0.2794666943626577 0.3840277777777778 0.027925552673454312 0.08888888888888889
18 0.64800388470718 0.5305555555555556 0.06621589334022708 0.09027777777777778
19 0.5361805920392937 0.5145833333333333 0.031150550007954258 0.10416666666666667
3 0.17589280104231625 0.5541666666666667 0.3481129727084526 0.5472222222222223
30 0.5225857140356347 0.4666666666666667 0.022156810669954296 0.043055555555555555
20 0.8677982167011347 0.4513888888888889 0.09707773138127038 0.6277777777777778
20 0.6584547603636123 0.39652777777777776 0.08523061736154425 0.36944444444444446
20 0.22580989035645346 0.30277777777777776 0.044968149347544804 0.18611111111111112
20 0.2630601706914307 0.32430555555555557 0.040943720679499404 0.16805555555555557
24 0.525825168383975 0.6631944444444444 0.9442527233847704 0.6736111111111112
29 0.7145144037038392 0.48680555555555555 0.09663973734881744 0.20277777777777778
29 0.10064625835454448 0.2777777777777778 0.08809144068268107 0.20972222222222223
29 0.805048770707339 0.5326388888888889 0.0904442813494537 0.2111111111111111
29 0.15748233269015802 0.3076388888888889 0.047665888009226845 0.12083333333333333