30 0.5620796536242725 0.5240068697928142 0.07107888103285873 0.15973935646084764
6 0.330672168959292 0.6003506808119631 0.06963294292109108 0.08612824534973652
19 0.41764885194525014 0.552004769679641 0.03378721215838478 0.12981311408161578
30 0.7029898684613961 0.4759347257585936 0.06654514845605383 0.12771410608953476
30 0.5961991932799862 0.47050183867321865 0.02440228847458741 0.08935756326472699
30 0.6420709712288775 0.4980367121437646 0.03361359736759475 0.08121816415587849
30 0.5692324273544035 0.47036495512416787 0.07877232994439964 0.11408379616662533
30 0.8941146208660576 0.4775388714902724 0.046949411069925874 0.08427068208500954
30 0.8620015253125615 0.47403481342392867 0.11718006551642937 0.08155852210197863
20 0.8251575177820903 0.3490514611359283 0.035089306530754524 0.27561412504420163
20 0.9157130685540633 0.28395807741007073 0.04881947903342585 0.4577686648985046
20 0.16163197572171478 0.41001877151850674 0.08390380716372689 0.49459086816605974
16 0.6116344649219416 0.5202028567438046 0.019623019237293704 0.044832312893413946
29 0.44354541923336904 0.4180815530801665 0.0706448606144388 0.2569130951269487
29 0.10776789309857635 0.4729636906429102 0.2053323738612826 0.4346281742697351
29 0.3265352512659444 0.4295335086640035 0.06314981914462639 0.23315653334747408