30 0.5518477479542334 0.42614210548750325 0.052991079944399645 0.11565256946800496
30 0.6167460616565643 0.4329454719705797 0.057968756623422026 0.09099207694917481
30 0.6656783522193273 0.4214177059677742 0.04923859736759475 0.08351412074860637
30 0.7018068251774853 0.4333709773519693 0.05329861479078986 0.05186068271659331
20 0.3300806307587817 0.3582738869021994 0.048335840196018685 0.3553483344209203
20 0.04438370557737185 0.3329078573893747 0.05330113710812656 0.608126112198698
20 0.9375310156515055 0.23853858323247834 0.07193703130301117 0.36513669981640984
20 0.41600945167509773 0.38302919837351374 0.021961823953949987 0.2441225790678034
20 0.44984377649368784 0.37750010597475125 0.017237118418987053 0.20221340705744398
17 0.4591171166897065 0.7027777777777777 0.9023016322988033 0.5944444444444444
13 0.8327207473212612 0.6947487560288496 0.33455850535747766 0.610502487942301