18 0.1763030808314238 0.3858116932773074 0.06250195963114588 0.18539547124331773
18 0.4209888930939412 0.4229369349691197 0.03195982123840295 0.11704373796017964
19 0.18166207484750013 0.31840328624919617 0.051528092039965404 0.18148518354251245
31 0.22603876258498276 0.31120866395168095 0.4520047899876044 0.6168617723478064
30 0.5031568481660592 0.47166809038663804 0.03610180737069442 0.07586243268909622
30 0.539930476158021 0.5094574189801856 0.049292138392743115 0.07029317886547075
30 0.47926507988149325 0.46433972551464575 0.08557513050895835 0.10040317178716422
30 0.45766251021015647 0.4530873746737783 0.039917138392743114 0.06932245607430443
30 0.47815684816605925 0.46907949627686113 0.051018292553055566 0.08295496599733193
20 0.49585120820625017 0.3010033933192008 0.07607741641250029 0.5071995273678174
20 0.7413741282763022 0.46165885255619354 0.09962532560680586 0.63724232499165
20 0.6760757833865453 0.42022246436173716 0.08436334830822947 0.6037609027945254
20 0.6021924537893926 0.3487700270583435 0.0715717543684029 0.520603054861123
24 0.6479183350576566 0.7233589891943075 0.6240979955346877 0.553282021611385
29 0.8591766112744619 0.6186417997198705 0.28164677745107625 0.5531372626757555
13 0.6200670718070838 0.8797636480924821 0.05430694671336802 0.095778540261054
13 0.6178064553080039 0.9720894965905819 0.0640092550339931 0.05582100681883636