18 0.6455114373463342 0.48140227129949653 0.08257921360606986 0.08638462276268655
18 0.7253616031859345 0.49918431520347667 0.1076156009096227 0.0895844839877714
30 0.5445161716305684 0.3778180139607001 0.08232665653397539 0.13627143699167416
30 0.49048148904174516 0.4163885523973389 0.02892552067816432 0.03259289943377613
30 0.43898320533615687 0.40279086817238513 0.023383996071058632 0.029418971457455395
30 0.5867207882559569 0.40387207192452984 0.03236088978475245 0.07442934475696114
30 0.6566961671848984 0.4265281935640033 0.042262428659881834 0.06544283004631855
20 0.8669926391655798 0.3017805602399047 0.08475395140496075 0.43726417568202025
20 0.8465773815148392 0.3815827152715208 0.036419151157291905 0.25909497409367727
17 0.488774574752331 0.6392615928028816 0.977549149504662 0.7214768143942368
20 0.12970886683253088 0.15974227842857078 0.08589476633493823 0.31948455685714156
29 0.5431206455757206 0.28226764505489743 0.050130586641599174 0.0978966104603181