18 0.45809576526726764 0.8753717973016183 0.09371284931542796 0.14410587587016405
31 0.46920364475307297 0.14038523539780748 0.2194251151327588 0.28077047079561496
30 0.200390625 0.3645833333333333 0.40078125 0.7291666666666666
30 0.5655467803617515 0.38690921968697534 0.029780341901054184 0.07513439059572136
20 0.8166709051146057 0.36298527157364247 0.12935716653908394 0.7131184559488161
20 0.567750585456673 0.2737552220254962 0.052139456045229696 0.3365553777024848
20 0.6659320881752768 0.2554661478915091 0.1207223127750316 0.5109322957830182
20 0.6662590461790824 0.2512288613599643 0.07812097729976805 0.5024577227199286
17 0.29757601901163555 0.6597068589900714 0.5951520380232711 0.6805862820198572
29 0.7240549821869123 0.4252275965652925 0.14629136266130088 0.2617830640897181
29 0.9245165679093216 0.3843799547981873 0.07239626482874754 0.1321995273678174
29 0.966840024924544 0.3910823665660844 0.0467105153230392 0.1336967063587764