18 0.330078125 0.7430555555555556 0.09296875 0.1
18 0.4703125 0.5618055555555556 0.021875 0.034722222222222224
18 0.308203125 0.7319444444444444 0.04921875 0.07777777777777778
30 0.44765625 0.40694444444444444 0.05625 0.1388888888888889
30 0.32890625 0.4041666666666667 0.1703125 0.25277777777777777
30 0.56875 0.4173611111111111 0.015625 0.04027777777777778
30 0.510546875 0.41805555555555557 0.01640625 0.06666666666666667
20 0.725390625 0.34375 0.06171875 0.6875
20 0.8765625 0.35208333333333336 0.0640625 0.7041666666666667
20 0.490625 0.2590277777777778 0.0390625 0.5180555555555556
20 0.607421875 0.25 0.03984375 0.5
20 0.604296875 0.25 0.01484375 0.5
17 0.49921875 0.7118055555555556 0.9953125 0.5680555555555555
29 0.646484375 0.41875 0.07578125 0.1375
29 0.829296875 0.36180555555555555 0.04453125 0.08472222222222223
29 0.938671875 0.33402777777777776 0.01953125 0.05138888888888889
13 0.8359375 0.8333333333333334 0.3265625 0.325