30 0.169921875 0.69375 0.33984375 0.6097222222222223
6 0.33046875 0.5180555555555556 0.0515625 0.05555555555555555
31 0.769140625 0.65625 0.13203125 0.15694444444444444
30 0.601171875 0.48541666666666666 0.04609375 0.0763888888888889
30 0.50703125 0.4652777777777778 0.0296875 0.08333333333333333
23 0.5333281249999999 0.4925833333333334 0.07395312500000006 0.12497222222222225
20 0.1484375 0.2652777777777778 0.0421875 0.2611111111111111
20 0.712890625 0.3923611111111111 0.01015625 0.22916666666666666
20 0.37109375 0.43194444444444446 0.009375 0.19166666666666668
17 0.653125 0.74375 0.6890625 0.5069444444444444
29 0.06953125 0.3055555555555556 0.1390625 0.175
29 0.18125 0.3506944444444444 0.053125 0.09583333333333334
29 0.366015625 0.3972222222222222 0.05078125 0.2611111111111111
29 0.880859375 0.41041666666666665 0.02578125 0.05416666666666667
29 0.271484375 0.35625 0.04140625 0.15416666666666667
25 0.092578125 0.7222222222222222 0.08359375 0.11666666666666667