18 0.48006240593799204 0.9795935052003752 0.11354487041330899 0.04081298959924943
19 0.3302429822915088 0.45798208653562633 0.030146563133520664 0.14304374390660493
31 0.24405426658874366 0.3831630986471533 0.4881085331774873 0.6607706417387511
24 0.5054990036142373 0.7206286979239053 0.4300430657657994 0.5587426041521895
30 0.45668302288435747 0.38779299813869744 0.045535213797450604 0.07227729333113378
30 0.5310037789835796 0.4829387521963786 0.01494828912941557 0.03332742750885795
30 0.5656830455723233 0.5125667329992887 0.0454852168225127 0.056999515553356
20 0.524463408373879 0.33228365495534057 0.035025481555039664 0.44062990904051497
20 0.6747858556807819 0.36712879038865365 0.04481409289316236 0.5678922609174546
20 0.6324210936787293 0.4173648736090923 0.02946582796424373 0.4123426111863743
20 0.6008077397559681 0.4060836026910879 0.024546523807713428 0.34107254635901574
9 0.5841671525692445 0.5955636589753902 0.015734084308955332 0.034789104980084556
29 0.768010887443934 0.5362800869358272 0.19088005093507654 0.33435429217469304