4 0.303515625 0.5215277777777778 0.02890625 0.029166666666666667
25 0.24296875 0.7555555555555555 0.484375 0.48055555555555557
18 0.566796875 0.5194444444444445 0.04609375 0.058333333333333334
26 0.52265625 0.5340277777777778 0.0078125 0.03194444444444444
30 0.522265625 0.50625 0.04453125 0.09583333333333334
30 0.273828125 0.5048611111111111 0.04453125 0.06527777777777778
30 0.251171875 0.51875 0.02265625 0.04027777777777778
30 0.6078125 0.5138888888888888 0.0453125 0.05277777777777778
30 0.67421875 0.4951388888888889 0.0984375 0.11805555555555555
30 0.38515625 0.49236111111111114 0.028125 0.0625
20 0.0859375 0.44027777777777777 0.009375 0.2388888888888889
20 0.73203125 0.30694444444444446 0.0234375 0.6138888888888889
24 0.5734375 0.7583333333333333 0.8484375 0.4777777777777778
29 0.77265625 0.37430555555555556 0.1359375 0.4097222222222222