19 0.09765625 0.6527777777777778 0.1953125 0.6916666666666667
30 0.1640625 0.3902777777777778 0.328125 0.4722222222222222
30 0.369140625 0.4597222222222222 0.02578125 0.03611111111111111
20 0.7765625 0.23958333333333334 0.0140625 0.47638888888888886
9 0.46875 0.5493055555555556 0.0171875 0.05694444444444444
9 0.387890625 0.49444444444444446 0.01015625 0.016666666666666666
17 0.429296875 0.8111111111111111 0.17421875 0.37777777777777777
15 0.777734375 0.24027777777777778 0.07890625 0.4722222222222222
25 0.41875 0.7333333333333333 0.075 0.08611111111111111
20 0.551171875 0.28680555555555554 0.06015625 0.4097222222222222
20 0.468359375 0.3597222222222222 0.03203125 0.25277777777777777