18 0.03359375 0.4979166666666667 0.0671875 0.23194444444444445
19 0.028125 0.3972222222222222 0.0421875 0.225
19 0.113671875 0.4986111111111111 0.03359375 0.19722222222222222
31 0.184375 0.38333333333333336 0.36875 0.44166666666666665
30 0.4546875 0.4270833333333333 0.0421875 0.08472222222222223
30 0.409765625 0.43472222222222223 0.04140625 0.06944444444444445
30 0.520703125 0.45694444444444443 0.03671875 0.058333333333333334
20 0.8078125 0.3576388888888889 0.040625 0.7152777777777778
20 0.447265625 0.2659722222222222 0.02109375 0.5291666666666667
20 0.713671875 0.34097222222222223 0.02265625 0.6791666666666667
20 0.57421875 0.2722222222222222 0.015625 0.5416666666666666
9 0.632421875 0.63125 0.02109375 0.09861111111111111
24 0.52578125 0.7326388888888888 0.2328125 0.5347222222222222
29 0.862109375 0.42777777777777776 0.27265625 0.5722222222222222