4 0.323828125 0.5145833333333333 0.02578125 0.02361111111111111
26 0.53046875 0.5298611111111111 0.0078125 0.03194444444444444
31 0.239453125 0.7541666666666667 0.47734375 0.4861111111111111
30 0.530078125 0.5020833333333333 0.04296875 0.09583333333333334
30 0.27265625 0.5020833333333333 0.0546875 0.06527777777777778
30 0.3875 0.4979166666666667 0.028125 0.04583333333333333
30 0.12109375 0.5722222222222222 0.0359375 0.025
30 0.682421875 0.49236111111111114 0.09921875 0.11527777777777778
30 0.6140625 0.5111111111111111 0.04375 0.05
20 0.71796875 0.30277777777777776 0.0671875 0.6055555555555555
20 0.737890625 0.30416666666666664 0.02109375 0.6055555555555555
24 0.587890625 0.7569444444444444 0.82109375 0.48055555555555557
29 0.7765625 0.3701388888888889 0.134375 0.4013888888888889