18 0.42723578091254816 0.5112606556414236 0.0619948858558109 0.10307135298073213
31 0.7993045068221709 0.5740697627651219 0.32300731451569253 0.1789883160018257
30 0.23513924917143045 0.5246743625118055 0.07122433664159918 0.09800074789581856
30 0.08955815250033539 0.641380522741414 0.15917606265366585 0.5366833989616165
30 0.6665968606272779 0.46550046649789084 0.04084547787409356 0.07007618251656361
30 0.6077483995024073 0.45880918471718074 0.04280823821317572 0.08543478537278178
30 0.46615273169833643 0.5036844731248601 0.02672731989237622 0.03744472490537652
30 0.6578308094485954 0.4742985440322561 0.022294531017246655 0.04692447189227759
30 0.7800696824841248 0.4818830768027998 0.02630994292790554 0.05129320125504522
30 0.636836586020172 0.4642583652104792 0.021586055624352517 0.049661837130835336
30 0.42550738399378407 0.44528843341920143 0.07013917969333913 0.23525827266049773
30 0.4231294007430071 0.5038238294486356 0.1139940334984459 0.12240524723592962
20 0.9915004493380462 0.3627266142361651 0.016999101323907695 0.45668710665372003
29 0.5086088283694316 0.39231276807231297 0.0530051836222805 0.20663183155909653
29 0.27830382123541975 0.41048446714226056 0.11294310980096292 0.20141026374571552