6 0.2662001871069929 0.49221785350463837 0.05861613680346807 0.0728040052033178
19 0.16610532920742643 0.48422839674173246 0.0625902762377721 0.14643127695279265
19 0.09150329497126582 0.43709956119529936 0.03319890785015547 0.08364846578142675
30 0.49968018052990304 0.4932740602914778 0.05263915258848364 0.08107269598319597
30 0.46183120552284435 0.48047555148694554 0.045418186789350654 0.09904744834693276
30 0.5535486331748565 0.517708437948746 0.05001468152767892 0.09631815248424623
20 0.6736598594620395 0.4630120473704686 0.03796897881213823 0.25308482990668923
17 0.4866743409050137 0.7108654604992726 0.9733486818100274 0.578269079001455
20 0.09865876592618988 0.2544485518276377 0.09571983660582399 0.4425070198615825
16 0.15802751869820014 0.5162455640588139 0.0839115393919517 0.15359389001514784
29 0.32310190546637463 0.37639061402249263 0.08175677616718495 0.27852924746169283
29 0.05508408621281691 0.2792712478108337 0.11016817242563381 0.3470049796147063
29 0.12699274491479606 0.33121271255328666 0.08379741830291199 0.22162520461315785