6 0.27731358790744814 0.5366346063043343 0.07229388050895835 0.09902798116634509
19 0.6958372702781427 0.565619217536687 0.04197125408406262 0.16662557186245724
31 0.8568501183020316 0.7937231616631638 0.2749844290459375 0.2656509609438252
30 0.5853439668493405 0.4915276501002948 0.07747234298989589 0.13701334256192835
30 0.6513871941479169 0.5166770350065745 0.06484505642076392 0.12599682328481757
30 0.5406399707912328 0.4829441389138907 0.04665810087368065 0.10746960460174869
30 0.6007056284184724 0.49967244778687164 0.17089568787965276 0.181361899129884
20 0.7801473205728128 0.43241536972877287 0.03181631050482654 0.28485661281794356
20 0.8740694134205385 0.3760994704734006 0.04982338772715309 0.46841892858099876
15 0.12245982090560778 0.3009390692059688 0.08941321779927107 0.5127413846553031
16 0.5248156022501218 0.5290873482428763 0.014480727298576569 0.03340052863119417
29 0.4012855502462155 0.38541629774507413 0.07135093597979178 0.2653710735692897
29 0.9491522203162676 0.4642883618262987 0.03833645459715278 0.06777178005355451
29 0.18174488174322936 0.377551387433033 0.08354181145475703 0.24305425951306714
13 0.8835571088511809 0.7123792178504077 0.12243935087368066 0.11531628049701036