18 0.6771416730386572 0.46441782821301053 0.0730107860041361 0.058677266059350724
30 0.5449737893658394 0.39203470273989877 0.11330906934277234 0.13059526500946075
30 0.5935158320337257 0.40499985870033156 0.027089758672817866 0.08220459189266588
30 0.6889010573679075 0.410193839425341 0.022129538669636163 0.04024691881356798
30 0.6791536137014529 0.41357788056235045 0.054215332670272606 0.050568795965181344
30 0.6781950956993849 0.38654304829775565 0.05769486867440872 0.10492946690680216
20 0.9640625 0.253829254058197 0.071875 0.507658508116394
20 0.8727394343570898 0.25705667000200993 0.04705845536281679 0.38887567202920775
15 0.17503291201861276 0.23298276274004442 0.04604993869349876 0.354104948738247
24 0.7096055507240429 0.7076409248867271 0.2875930960375436 0.5093210556874948
16 0.4414857100373847 0.4623742337710132 0.028534080004772554 0.0642460384745874
29 0.5694238040260897 0.3064548907624877 0.04278748400699968 0.09428572437854778
29 0.9737286750079541 0.25142172497607507 0.05254264998409184 0.2102425171186651