6 0.3140773663666951 0.4859766727439511 0.0541289637974506 0.07028610114796296
19 0.1529515018562166 0.41749564378503107 0.02054884933607006 0.07306271766283948
31 0.7510839539462022 0.7742347037276862 0.15145393657189174 0.21179461786475334
30 0.5881779416986601 0.5334344723033959 0.04876020774732641 0.10061536946950629
30 0.5370878799303765 0.5063170703279947 0.029905668617910663 0.06789508307987657
30 0.71997056977282 0.6118143593340751 0.05181248487468935 0.07852245423814819
20 0.14729464778616164 0.23598702980330266 0.08102378278470379 0.4116306616003705
20 0.7066963979825533 0.4897208634712664 0.032840291958086 0.2485476188785804
17 0.49107191886340046 0.7215277777777778 0.9821438377268009 0.5569444444444445
23 0.5084836239293503 0.5322204773696921 0.058289743851679884 0.14822551266432116
29 0.17799721409203823 0.28518060300475334 0.06610224385167988 0.1485487801414816
29 0.3613205259094196 0.37541627760691415 0.07433290036934234 0.27664982539641997
13 0.6454907323897047 0.569143821593859 0.08471134328594587 0.10626906653111123