30 0.212890625 0.33819444444444446 0.29140625 0.5208333333333334
30 0.43359375 0.39444444444444443 0.096875 0.15833333333333333
30 0.5265625 0.41041666666666665 0.046875 0.08472222222222223
30 0.0515625 0.5493055555555556 0.103125 0.43472222222222223
30 0.738671875 0.43819444444444444 0.16953125 0.1597222222222222
30 0.78046875 0.4388888888888889 0.078125 0.05277777777777778
20 0.86796875 0.2 0.053125 0.4
20 0.823828125 0.2826388888888889 0.00859375 0.2652777777777778
20 0.926171875 0.32916666666666666 0.01171875 0.13333333333333333
20 0.962890625 0.3326388888888889 0.01015625 0.12916666666666668
17 0.49921875 0.7097222222222223 0.9953125 0.575
29 0.26171875 0.08611111111111111 0.0671875 0.09722222222222222