8 0.50859375 0.7144790683217026 0.2203125 0.5545574542753915
30 0.624609375 0.3926346878492595 0.03515625 0.07156058667515121
30 0.283984375 0.563569853561094 0.03046875 0.04368584178513086
30 0.55625 0.4176599026805718 0.0359375 0.059076747860524866
30 0.466796875 0.47367702507253046 0.06328125 0.0707535004597165
30 0.280078125 0.5337895483768516 0.040625 0.10361815941721172
30 0.612890625 0.3991271056298654 0.05234375 0.07886057719781768
20 0.04921875 0.5600929564325662 0.071875 0.27926460683216087
20 0.178125 0.5053430275125675 0.05703125 0.23590198875450438
20 0.23203125 0.5104779057217803 0.04609375 0.18706462104816113
24 0.715625 0.6115852430865534 0.56875 0.7589875651742967
30 0.7875 0.3371082393380234 0.425 0.6742164786760468
25 0.307421875 0.7290572402221044 0.58515625 0.5412713945115896