8 0.2866203191026559 0.6723295928359314 0.4437019807170489 0.6246343856679737
30 0.5811174877478122 0.44494215009939336 0.07778146751493065 0.15826728767187193
30 0.4071994235854338 0.3749800675638767 0.035047800436840325 0.05387897585115853
30 0.45097637267362833 0.3995603473105584 0.018423344889756877 0.03602385858886316
30 0.5974519823810241 0.3598108110542461 0.11364819196371538 0.3343118928597464
30 0.4271394823810241 0.3721480600945816 0.07781718189572917 0.10137943611293375
30 0.47704823679788166 0.40530337453499204 0.020894381458888844 0.04591585946760372
20 0.9362407456315969 0.4455812760829951 0.12202700246854192 0.6165958946172275
20 0.30400299482383664 0.2686746253328087 0.04615026101791671 0.18650253492167634
20 0.6978156582928297 0.32478914393168434 0.08221766042857652 0.4374905472240448
15 0.1131883713909027 0.1777353640562045 0.07950892809600707 0.2902117321163164
29 0.8698072199382116 0.45247500468434915 0.15810735999173636 0.39164776111475624
29 0.9154652120544269 0.4228037284361049 0.16423268626413226 0.6210407993234475