18 0.38125 0.9361111111111111 0.0609375 0.125
18 0.437109375 0.9763888888888889 0.06328125 0.041666666666666664
12 0.839453125 0.5048611111111111 0.31640625 0.0763888888888889
31 0.255078125 0.46111111111111114 0.51015625 0.3638888888888889
30 0.508203125 0.48541666666666666 0.03984375 0.07361111111111111
30 0.559765625 0.48680555555555555 0.02578125 0.04861111111111111
30 0.6140625 0.4847222222222222 0.0203125 0.04722222222222222
30 0.20859375 0.46458333333333335 0.0828125 0.1625
20 0.63515625 0.2798611111111111 0.01875 0.5541666666666667
20 0.55390625 0.3659722222222222 0.0484375 0.32916666666666666
20 0.59921875 0.275 0.0203125 0.5472222222222223
24 0.507421875 0.7513888888888889 0.45078125 0.49722222222222223
25 0.62734375 0.8979166666666667 0.0875 0.0625
29 0.975 0.46805555555555556 0.0484375 0.5861111111111111
13 0.12421875 0.4840277777777778 0.2484375 0.18472222222222223