0 0.020657262025146308 0.6904220868795987 0.041314524050292616 0.08514363120543211
0 0.11254701487909258 0.779533779213796 0.09422502461060622 0.1760044517049999
8 0.7332543199727998 0.777445125890647 0.1918418221824661 0.27303619722962996
12 0.30007040426271325 0.579543555641697 0.4266403710079671 0.35631300590784004
30 0.513649002540536 0.4332991703845054 0.028275764185764985 0.05807588061450623
30 0.5533408141003051 0.4170833362915115 0.024210389812585477 0.04819202465370375
30 0.0635179645688411 0.5553269457957406 0.07062238855894436 0.0695437472133951
30 0.12924107871503493 0.5227665512503392 0.2079465438109361 0.15989082353821024
30 0.4290466820074226 0.45067934802672777 0.027980247492717502 0.040020325058950666
20 0.8505460862036287 0.2125507183406167 0.1098453275927426 0.4251014366812334
9 0.10741623983952145 0.8068110730334257 0.06836120658477526 0.1221922180003086
17 0.4974881081090968 0.6325891431976536 0.9949762162181937 0.7340458716595075
24 0.7271610958370472 0.6250229423377459 0.5353119920159342 0.6994690254952477
13 0.3163618197416906 0.5143298507279007 0.3796600709288248 0.30023906112592647
23 0.38477083894202047 0.5323184302622216 0.06633570533113406 0.14153968220160493