18 0.41009143619731125 0.6635113433057824 0.04245192445232178 0.0647454317136965
18 0.4414891945438349 0.6538371181130556 0.03992631802583091 0.053585837046464094
18 0.43497359583704726 0.6463355992998433 0.0951737591712 0.13664540328169608
18 0.4518913170365524 0.6147462144069951 0.024877979546028862 0.040778774524363355
31 0.2986659947875794 0.3819966298536195 0.5973319895751588 0.5582289625149832
30 0.592472684514705 0.49521093733649146 0.01784672954602904 0.04063332385599981
30 0.5866474075946722 0.4932488128934611 0.029701871865896835 0.0492090749699391
20 0.5637543026196783 0.3888967791216225 0.07336460682220221 0.28336662875733254
20 0.9357991356892039 0.5616949656977883 0.12308242814673846 0.839762565952322
20 0.6095089034047835 0.28937256103689574 0.08441943025830945 0.5293454127590295
20 0.6386125559516371 0.30057207214093645 0.09232285847155489 0.5350625801683223
17 0.36654917092250716 0.6506971732442465 0.7330983418450143 0.6986056535115069
29 0.897702747954936 0.503475247188697 0.1990024189755381 0.7066564622674727
29 0.7932892068491381 0.5604777153618271 0.10970292359439178 0.3563161043213727
13 0.17677244282797525 0.3456208052903454 0.3535448856559505 0.3754250560859759
25 0.8736860975196535 0.80178786289702 0.11780727711788899 0.13572518876864528