4 0.6119071620160975 0.7091345725944371 0.7524670612921568 0.5549777538473794
30 0.672786277396002 0.4361668059601369 0.22741668726214942 0.18516909732807707
31 0.25022419859367495 0.4198759577730197 0.4899259575281046 0.36937898114328377
30 0.5547684478522376 0.4103650674771569 0.027436591901054186 0.07355583601648763
30 0.5097338263122786 0.3835625343548697 0.02848975593149916 0.051414438872705644
30 0.5025029523008618 0.37561312014412784 0.044560424904859806 0.07166713410155331
30 0.5492347015594244 0.3794383677909183 0.029143671939110227 0.04589929585637012
20 0.6756937252854206 0.18604059904467693 0.048916296957700924 0.37208119808935386
20 0.8244608418824637 0.24858147107203632 0.060343228288351015 0.49716294214407264
20 0.21799264252876083 0.19195464854447633 0.03524643330781681 0.1419346918858044
20 0.32603063560867857 0.24463022638698714 0.028487097338261692 0.11938916934982081
17 0.3029333517682954 0.6799309991501999 0.6058667035365908 0.6401380016996001
29 0.47742070996238145 0.31240381314428006 0.03776659684397003 0.11570745315379614
29 0.7075353035934562 0.21379779613643746 0.05109426779449713 0.15246516489242987