18 0.6563727886130959 0.5608985088563768 0.07346515547249552 0.11422486537819244
18 0.07939474841609065 0.6984685753388663 0.09850609905006033 0.11820234837685825
30 0.5523708237217184 0.49405145171947706 0.06347267978275503 0.11872880457665108
30 0.5972722269329359 0.49800838731603836 0.023308025214770645 0.05087613095716614
30 0.6081073679890237 0.49566867501684353 0.048922178878243724 0.07429805840027638
20 0.8213759116347313 0.292745769381844 0.12868932326946272 0.42871980799031595
20 0.7273055466979255 0.3778538560953469 0.056428141677685416 0.2232327437751097
20 0.4848745858768481 0.4898319360442639 0.027903671980838853 0.1275077005438465
17 0.5119887449116174 0.642475602325972 0.9760225101767652 0.7150487953480561
24 0.7136076351189649 0.6964635434864865 0.5239309814554917 0.6070729130270269
29 0.48037631501529104 0.4561345816642431 0.0748096494796016 0.21267418935744237
13 0.2950723190855913 0.6301061047942279 0.05118404172311406 0.07176296132029007