18 0.36864955654331927 0.808646740647823 0.05732214149054773 0.08947875218916643
18 0.410310076157125 0.7674123710573869 0.05099941861791084 0.06719188741348919
18 0.425719180128984 0.7016017552188025 0.026707945745273954 0.0447191752966284
18 0.448007531026683 0.7087764887599306 0.027489195745273774 0.044727255615810195
18 0.42230354907885986 0.7321209493380395 0.035292605386194255 0.04203028102985134
12 0.8064371336824028 0.42360454669470765 0.34195621672431714 0.17158665503803816
31 0.27713597394328665 0.5361816458449469 0.5523538821207739 0.4862521805787826
30 0.5413800206844555 0.47502794499912526 0.018136921642972936 0.051574736230072124
30 0.5487905327356059 0.47163248580913086 0.033003397540672094 0.0586727067389723
30 0.5334516186061903 0.43953047514063964 0.02432328912941557 0.032194934339082694
20 0.5340644365227938 0.2687092622860792 0.06812887304558757 0.5270757160193489
20 0.563354493753484 0.2669289409220664 0.07045898750696811 0.522933290310228
24 0.47543991202770935 0.7326236542609201 0.416602734481906 0.5347526914781598
29 0.8913206729100143 0.34115196815219945 0.20920384582002854 0.6660301734720878
29 0.7825521939381552 0.4059969858485491 0.11144253580976589 0.394194880560201
13 0.14294505371464888 0.5910418309456631 0.2828266564194665 0.24597255078021507
25 0.9281823356250947 0.6082024499800055 0.14363532874981075 0.17372516159005233