8 0.45233625224260654 0.7226512782620709 0.2387032681335029 0.5397867303284727
18 0.6780807984234094 0.4806519294933546 0.0772975183452644 0.14241813635058173
26 0.6646514826172177 0.5120514153982195 0.01821864995764777 0.07932827305030435
30 0.6490079484516444 0.42815696288694277 0.1355342235504665 0.25131709202664687
30 0.5700523431829139 0.4393937819505705 0.02163207629424182 0.04048786607650672
30 0.3223012352833473 0.4509870610685959 0.02356630261671846 0.028012107034052432
20 0.7596770143284232 0.2676855860067927 0.03341652865684637 0.5353711720135854
20 0.7480489050781453 0.33821359234481824 0.02285918927901225 0.36400201335743526
24 0.6692266840879275 0.7209418277499052 0.6615466318241449 0.5458702846620351
29 0.9617785696465649 0.40955817392541133 0.07644286070687016 0.16478580431807788
25 0.28875538250427835 0.727121882908453 0.5456435128718309 0.5401845179891748