24 0.6170309214819997 0.7552513223821257 0.5383408942959624 0.4894973552357486
26 0.5600103058549493 0.5106181318441397 0.0075724194676524805 0.024120447080666293
31 0.8876060652464896 0.6133840317668608 0.15626192885919252 0.11392657622248457
30 0.5608160956268315 0.4947307989501767 0.03355925790866543 0.0689869749724178
30 0.6274929303606578 0.5113467497737529 0.03454875494291585 0.04410016074343004
20 0.055679620817112044 0.319480981123602 0.05309711958138306 0.308894535800417
20 0.17922720876383352 0.36725495303695266 0.038001360189842924 0.22876579008014614
20 0.7962568705699662 0.3710477032500759 0.051492151710336206 0.579161940278689
20 0.6126690849995625 0.4090523747167661 0.035912278174620484 0.23970712253473891
20 0.6649186638018897 0.37470624648673817 0.06060321345960347 0.3981795748878488
9 0.899647785360439 0.713396998391243 0.02061358893530496 0.048637044359875224
29 0.96079888439154 0.4555788780698805 0.07840223121691992 0.46149780853369876
29 0.711288962965312 0.4411547818477849 0.08391869665368965 0.2584370663283904
25 0.16238121940969316 0.8062747207092135 0.29655795950527086 0.3819938858628714