30 0.7007049752080905 0.522928923873224 0.05559668977951393 0.07114146464579897
30 0.5583895354285766 0.44909647005099157 0.06411835780753475 0.12555056276980187
30 0.6264313472161287 0.4866101688236177 0.07027743882958326 0.11880006349122661
30 0.6694364648073092 0.49072131961674553 0.04484102773541672 0.08469094949441695
30 0.6629049425808509 0.4988485862113429 0.026472234232430482 0.0535778015869877
20 0.3445160056511286 0.27794324422384303 0.08835790444465293 0.36648290548238793
20 0.9571140568957291 0.42896704436065863 0.08577188620854166 0.4180172532456786
20 0.46348486440859393 0.3579928481185109 0.03608492999586819 0.19132023304432408
20 0.42856467714607654 0.3451084725778085 0.04685942904593752 0.23885761616108353
20 0.043279834156180655 0.20403842135592684 0.08655966831236131 0.4080768427118537
20 0.8391761752462156 0.452256325386678 0.07418564846072932 0.29801521644936063
29 0.420324531344514 0.282378162693339 0.11891757342260441 0.3743728326104441