4 0.6093595942857898 0.48261073465893833 0.07929870658477522 0.12024439604345093
18 0.41121526246990536 0.6416452037403056 0.047025764185764984 0.05742118327617555
18 0.48537835659109285 0.5674249545413573 0.02081260517284953 0.0307656438542845
31 0.2551757222220372 0.2949508534089044 0.5072348046314887 0.542655243638041
30 0.4982713301000249 0.42452696520984845 0.06048051042484133 0.1158838017164189
30 0.5604261692066476 0.4279471283625859 0.032750315518548415 0.09198987943394205
30 0.4897696825677362 0.3584779799553983 0.039167800079142265 0.05456260230657885
30 0.48541898327369903 0.4028699023251606 0.09399770407749272 0.15927873067761358
20 0.6675949857809815 0.3658718081248322 0.10765835345698989 0.6121211510088466
20 0.5343278447147547 0.3367203760861344 0.049441373515249507 0.30046057819336724
24 0.2920746374699053 0.6375 0.5751473818285198 0.725
29 0.8350271840192331 0.47800150245805795 0.05717365399835046 0.10474036932858029
29 0.9162275398189031 0.4996711488267161 0.1053527412245117 0.1371777132431196