4 0.3425635190737285 0.6099809782111013 0.026698855386194254 0.04304069300015211
19 0.3704797012553208 0.6669711789089725 0.05070904800821019 0.2192530691767571
19 0.409147031075781 0.6675827107114816 0.04837893354682965 0.2232984982257632
30 0.248043632022578 0.608563283187684 0.10200792759490121 0.14136474120973205
30 0.04112373892130332 0.6318817380721191 0.07895676785578502 0.2582079205886828
30 0.4881507419954634 0.5821012501089947 0.01965396984757497 0.03851031348050403
30 0.8286371140194992 0.5573600060978737 0.028293171642972938 0.05284374030081456
30 0.35930357932948087 0.5934887366932237 0.06509373487468953 0.0797431296441622
20 0.71915958703943 0.4010280124322168 0.041625460379604996 0.5465054839446727
24 0.5691729621376258 0.7521472082928752 0.8616540757247485 0.49570558341424975
29 0.1253442028169498 0.5890240700856743 0.058380647442476084 0.17660163901340317