31 0.23046875 0.35555555555555557 0.4609375 0.575
30 0.6453125 0.44583333333333336 0.128125 0.14166666666666666
30 0.56328125 0.44722222222222224 0.040625 0.04722222222222222
30 0.4984375 0.4263888888888889 0.0609375 0.05
20 0.6765625 0.2826388888888889 0.0203125 0.5652777777777778
20 0.5125 0.26875 0.015625 0.45694444444444443
20 0.63359375 0.3326388888888889 0.0125 0.4375
9 0.591796875 0.5326388888888889 0.01328125 0.03194444444444444
24 0.5515625 0.7111111111111111 0.359375 0.5388888888888889
29 0.783984375 0.42569444444444443 0.19921875 0.3125
19 0.31328125 0.4375 0.03125 0.1388888888888889
19 0.362109375 0.475 0.02109375 0.08611111111111111