0 0.828125 0.42083333333333334 0.340625 0.8416666666666667
8 0.4703125 0.7423611111111111 0.14375 0.5069444444444444
30 0.632421875 0.48055555555555557 0.02578125 0.058333333333333334
30 0.5640625 0.47152777777777777 0.025 0.04583333333333333
30 0.275390625 0.4798611111111111 0.02265625 0.03194444444444444
20 0.04140625 0.3729166666666667 0.0359375 0.3013888888888889
20 0.179296875 0.37777777777777777 0.02578125 0.25
20 0.231640625 0.40347222222222223 0.02109375 0.18472222222222223
20 0.33203125 0.4263888888888889 0.015625 0.125
20 0.6453125 0.2673611111111111 0.0390625 0.37083333333333335
20 0.293359375 0.41458333333333336 0.01796875 0.1486111111111111
29 0.1546875 0.4423611111111111 0.0453125 0.09027777777777778
25 0.26640625 0.7451388888888889 0.53125 0.5041666666666667