28 0.9486736846614502 0.5828748759134974 0.08776878124958784 0.10963543362087794
6 0.2669842410731939 0.44990884019089494 0.04044376785690744 0.06234751154352662
18 0.8004796694420454 0.5229098618424216 0.3946496213449045 0.6606599545407279
18 0.8097495294261595 0.6128724787256621 0.04231991355483657 0.09434044227943825
23 0.5573228689142153 0.4700570566446492 0.07451480478853849 0.11200107792118388
30 0.6080359350668395 0.4754256966164074 0.058889804788538315 0.11151621500651127
20 0.6688144324276889 0.17490550559561774 0.03474101298564349 0.3498110111912355
20 0.6196181146518593 0.21521613330096012 0.03165296915415361 0.43043226660192024
20 0.5649783433450224 0.21292752182877056 0.030063195615203497 0.4258550436575411
20 0.7682377339698165 0.14794611418210876 0.024779631898211106 0.2958922283642175
29 0.3820490436296189 0.34428600758045086 0.03364434293798535 0.08574043434303494
24 0.4628259135581317 0.7479056262683514 0.37493536485208256 0.4823245844110766
31 0.1257852041399153 0.3634337215022621 0.2515704082798306 0.4259103347732536
23 0.41573054545634286 0.4536238542619707 0.0855477621748646 0.12206270418367701