8 0.19765625 0.5729166666666666 0.3953125 0.17916666666666667
18 0.455859375 0.6895833333333333 0.02734375 0.04583333333333333
30 0.47578125 0.47847222222222224 0.0609375 0.09583333333333334
30 0.530078125 0.46875 0.04140625 0.0763888888888889
20 0.68671875 0.29444444444444445 0.021875 0.5888888888888889
20 0.613671875 0.28541666666666665 0.07578125 0.5708333333333333
20 0.621875 0.3368055555555556 0.015625 0.3347222222222222
24 0.548046875 0.7479166666666667 0.30390625 0.4986111111111111
29 0.902734375 0.5895833333333333 0.08515625 0.14583333333333334
29 0.845703125 0.5409722222222222 0.03515625 0.1736111111111111
13 0.22734375 0.43333333333333335 0.4546875 0.21944444444444444