18 0.42738857981942824 0.5429517672786699 0.045950354838564245 0.056470181402215755
18 0.916882400228533 0.4472752396098866 0.05828768899896417 0.08068748060162945
30 0.12807347642860603 0.6804536052312267 0.21837978060296187 0.3247598619391122
30 0.6600962260143213 0.4395552760316193 0.05236517473094047 0.09286418028786805
30 0.5863483569077335 0.477463576550811 0.02958049214211709 0.057010406967481234
30 0.6321799144965567 0.44506507533374806 0.020695643713693812 0.04545475792494847
30 0.36093630717679304 0.5562035743812328 0.06937073821317571 0.08680881170626722
30 0.6242400589341214 0.4495220610526575 0.037320217535011226 0.05463675458190522
20 0.27690165932701555 0.4343364651470738 0.07790032981717357 0.3230411604350388
20 0.7770611519858613 0.3197408560437083 0.04161391935425698 0.21852564347079412
20 0.40383659067523914 0.44159794721479434 0.05215115901517464 0.20381364124209855
14 0.5390185156133218 0.49239993530871246 0.030361742142117086 0.057050819506701426
29 0.46509301809452114 0.4176465856710236 0.07895125351465673 0.24403614392525286