18 0.4423359996563144 0.4080335624003949 0.08412553600615773 0.1633645941524615
30 0.5712013430404562 0.39686681506540544 0.04240566861791066 0.06710300390248831
30 0.6715624243734475 0.38887735830249953 0.03613294272021186 0.06009391690458885
30 0.5671246488077133 0.3447430801361627 0.050559057083396475 0.17135047376097381
30 0.7269607240905804 0.3679232831866355 0.042373852361132155 0.057380781680266085
30 0.7926400058046346 0.2658282923797267 0.05554653893302373 0.26306562234273173
30 0.7359428265008104 0.36732176241278264 0.024373286104353475 0.047472712116860626
30 0.7011976548087396 0.3732121882091889 0.09874202702916719 0.09407367577247278
30 0.8031121457826513 0.36246111430686895 0.03926703307929138 0.06290401595909413
20 0.24128885665323568 0.324706920370651 0.06295049365528822 0.3770272341042576
20 0.7546993838296967 0.2501586191216276 0.04319198467829786 0.3073807816802661
17 0.6323842827356059 0.4724970799615923 0.20677724082661797 0.16324431537512807