18 0.7406768072883657 0.5426673703810617 0.09890112400540882 0.0769444679943891
13 0.3994020982853431 0.6034214202187671 0.5696323420194082 0.28942694363958404
6 0.8934478186266837 0.46793188419926884 0.1178147560073178 0.10310849364411404
30 0.8669944066279562 0.4529142538697125 0.05503294533736351 0.05617285258947536
30 0.651818847290752 0.5169464922172551 0.14599430000795408 0.11318786545203478
20 0.7326156823082511 0.28285696707362673 0.03038912336886206 0.46697531518362667
20 0.9219733553071375 0.2856787912378645 0.019832336688408246 0.28583774680320856
15 0.7306716479750239 0.2815893308565842 0.06089423603595279 0.47442241241998523
29 0.7892923963041151 0.3334830557223801 0.06944143801718106 0.22921959298025282
29 0.10420350529122921 0.5446957414029706 0.05953008867759042 0.14669313571094592
29 0.054776217297910726 0.460299809802237 0.034202824673772406 0.09514110151131282