18 0.10404749110865985 0.38721811483902907 0.2080949822173197 0.31888067412250254
30 0.26798042359503915 0.43483315855196736 0.08356167080199892 0.11888782843128953
30 0.33546758033615687 0.43900432838342246 0.04315284057054054 0.06709492358330635
30 0.29690486724681564 0.43443768591725257 0.02483948821317572 0.08356766258960799
24 0.6946691442326769 0.7126468347608661 0.5792360055815712 0.5747063304782677
30 0.5152813588722042 0.4658708821144373 0.01709760876750579 0.02655857559170853
30 0.8015902131940397 0.49939595496933464 0.028762854838564424 0.05444947783803258
30 0.474929263648851 0.45503403885031274 0.01727954528527036 0.03350302003615298
30 0.36290229859503914 0.43581491733256617 0.020986742142117088 0.0557575635351027
20 0.7054569027097324 0.3358576339544627 0.04316791893997198 0.4850373546703156
17 0.21968745368127243 0.6995493541466044 0.43937490736254486 0.5879875971820976
15 0.6945557900132853 0.3343556205970275 0.08386569354707803 0.4882353090455513