0 0.898828125 0.6291666666666667 0.01796875 0.025
0 0.946484375 0.63125 0.02734375 0.0375
25 0.255859375 0.7395833333333334 0.50859375 0.5125
30 0.545515625 0.47405555555555556 0.02734375 0.058333333333333334
20 0.723828125 0.2881944444444444 0.06484375 0.5763888888888888
20 0.186328125 0.4083333333333333 0.02578125 0.2111111111111111
20 0.639453125 0.34652777777777777 0.03671875 0.3597222222222222
9 0.810546875 0.5993055555555555 0.01484375 0.034722222222222224
29 0.6834296875 0.40391666666666665 0.06796875 0.22777777777777777
29 0.9375 0.3888888888888889 0.1234375 0.4166666666666667
29 0.040234375 0.4375 0.04296875 0.14722222222222223