18 0.4212371183760208 0.5979332750372021 0.06873236600890867 0.12299927333003416
31 0.7936751923734755 0.5993200954788835 0.3298067733529537 0.2875156490262185
30 0.2329788687141796 0.6435492768471265 0.07729884400859052 0.11963328106908067
30 0.07291861805774734 0.75625 0.13912832403722558 0.4875
30 0.6541308870345212 0.5127526167116873 0.045040327339272324 0.0819267269710186
30 0.5952010560351575 0.5155904120785351 0.04827441534054522 0.09888454796703551
30 0.4590141100413618 0.5841024101694625 0.029188060669954295 0.04574873310204516
30 0.6459959420353165 0.5224050032638096 0.025336354670590568 0.05371812352369069
30 0.7673257757001803 0.5101125167061886 0.029269876670908877 0.058248733102045154
30 0.6244842950349984 0.5162366505828601 0.024573286004136108 0.056423112719130905
30 0.4145598570377028 0.532073188600724 0.08677438868554468 0.25515617769701593
30 0.4165087103755435 0.5912465435431769 0.12128520134468132 0.1598205527910949
20 0.9700445990014318 0.3542559138609662 0.05991080199713643 0.45838249861776964
29 0.49259367669874854 0.4657773300145373 0.06780621268299925 0.22007591838758112
29 0.26654025403802095 0.5224464189144234 0.12647268801718106 0.23664617317400913