26 0.5673420671678843 0.44559296828271394 0.01602158942959626 0.05246415371350521
30 0.5715653228522376 0.39744993007402274 0.08669618676785795 0.17544329030809377
30 0.5833842084795068 0.3071591856718628 0.11192829152049341 0.35752685377231475
30 0.6704511504188357 0.43881715184034975 0.06788517836490086 0.10336491349362563
20 0.18873755334631034 0.23868614928675247 0.04877969269935693 0.22261364603278747
20 0.2644319258748524 0.25400167628323855 0.04276977323170463 0.19860638472313355
20 0.6922472139167141 0.2535160341386841 0.07201555733782428 0.4877475784028112
27 0.7892707818446263 0.3761332559050111 0.014858337452429815 0.03574089416133259
29 0.9009172418255982 0.35417988083149926 0.17702405091203346 0.44127754416497755
29 0.9629171761219982 0.20132430330742876 0.06786261513275882 0.2725263935105395
29 0.05529301851734401 0.19080953314767027 0.10693970258518867 0.31002166712256185
13 0.7304363040691573 0.5440119432220819 0.22092660672980174 0.21289845150741907
25 0.25222173319408603 0.6182996819950525 0.5044434663881721 0.7439561915654507