18 0.3024167426016024 0.9455509025812666 0.09614622888272546 0.1088981948374668
18 0.4653664582242675 0.6561761496144803 0.025629331555913737 0.04506090028469474
18 0.2565200491645748 0.921592672178439 0.0750069762518895 0.1253311015525627
18 0.24237039654079756 0.9350439560679034 0.04519067363517095 0.09515984780774779
30 0.3852532949712658 0.47128263247524094 0.13411593671876343 0.24103509897879907
30 0.1363473881894732 0.42881098262909934 0.2726947763789464 0.6215108541470875
30 0.5502146541862503 0.4932975919444754 0.024939086817585478 0.047773989522822864
20 0.7993458870505232 0.4568270702991456 0.12474572589895364 0.7873821112021724
20 0.4869022185711433 0.321632778233084 0.07775806285771339 0.5660274401244846
20 0.6022692488257564 0.3151697713393604 0.050149002348487313 0.531883585331952
20 0.9625588831042693 0.472430308419256 0.07488223379146142 0.7874087113312613
24 0.4855252172204317 0.7153101220476026 0.9710504344408634 0.569379755904795
29 0.7484242765201208 0.44495108206320455 0.03816712891096028 0.07103122837943943
29 0.6422845449712659 0.49256516201997613 0.081340276237772 0.152172810218999
13 0.8561140136129962 0.8970721950155813 0.23990320513461505 0.20585560996883728