24 0.676285338403832 0.6167987763886157 0.4937234140676258 0.7102382096235412
4 0.4628369451336338 0.4331083523444456 0.02013608646384668 0.027601415607352287
18 0.49658256889790486 0.441415222520986 0.059898923421985016 0.06058202459983496
31 0.8667856281943047 0.270032859637131 0.25958454152049343 0.36561734413380936
30 0.5016911980993835 0.4057317999762573 0.026082338935304605 0.048774256421855476
30 0.4914871978522376 0.4084456472031916 0.0482438404181794 0.06263228634653457
30 0.4889511175670357 0.38294520703370133 0.05567167984777566 0.11440918378533177
20 0.854310167966187 0.3161242455459856 0.18356716406762602 0.6322484910919712
20 0.06765044982940391 0.41811506086155137 0.08262545209089708 0.3033157147787493
16 0.3846582304568918 0.4913579298374139 0.032873508402957 0.0727733760828749
29 0.725790555076331 0.21867276427718269 0.21560638984733807 0.43734552855436537
29 0.38740453431608424 0.38855590152526687 0.06426277125453819 0.1829012489595341
13 0.14377953333679636 0.6358509342254588 0.2875590666735927 0.32547185270256623
13 0.9374748477953723 0.5215297549007541 0.10512253460041095 0.2977778013277224