28 0.21207593638248717 0.5562933343392479 0.034094747004775085 0.06833489823595519
4 0.94138641919096 0.26130120659721123 0.11722716161808008 0.15558109754209073
12 0.10805436909436823 0.6995623091616576 0.1645014988188737 0.156733903210541
30 0.6282056340704927 0.32411391577725523 0.09399802586071573 0.1404607085779386
30 0.8770275526284805 0.22092406402695705 0.0807713395630465 0.14200108045597792
30 0.610995814061226 0.3445016588798503 0.05573413402808356 0.09807796773684703
30 0.4429055403310949 0.41373260917815363 0.14799604509800943 0.18985477662133704
30 0.48351193756361355 0.3890778752720986 0.0651463395630465 0.1405453088092268
20 0.09231030144735422 0.43596162168988145 0.14496035825218603 0.5514085250509487
20 0.19748763016821852 0.3913765465609202 0.11174606496827524 0.44849698175744646
20 0.3647247320286507 0.358402284538403 0.07787700725639421 0.31225210513061086
20 0.7998809654700958 0.1376142042329514 0.08413693094019159 0.2752284084659028
20 0.8505344852979526 0.10686733881268053 0.08762402948891293 0.21373467762536105
17 0.6866245412381442 0.42928980451561777 0.2431200613400783 0.3082388401417286
30 0.5432043960938012 0.3598620433209955 0.1311359273119944 0.20492009447657739