0 0.3764995629078609 0.5315058501661777 0.022297739853730292 0.04350806874601984
0 0.2233609261383857 0.5297271467218156 0.04285570170428325 0.06892825956573698
0 0.037344469766357 0.4543368456397167 0.0366193384737585 0.07018785897163597
0 0.04359644683631465 0.49405754904872673 0.035756267856907484 0.061838364452928986
0 0.14420041883313744 0.5141978975174933 0.04595342816533297 0.06621512652945398
30 0.0296760430207109 0.320123214230141 0.055864216314779926 0.041425221939312466
30 0.10500530255807264 0.32793276861870585 0.20798582386326186 0.10150493634626025
30 0.03563769379177468 0.30982775645377736 0.0678147913958578 0.06527875083102953
20 0.7585822930207109 0.33520160018382994 0.05175300933219553 0.577342398825939
20 0.5614734908696754 0.31514867865474117 0.04165921468992693 0.42438684800905013
20 0.8608831556423278 0.30189396820843484 0.04299957223840885 0.4813474536388683
9 0.027162720577135896 0.46171715556262594 0.05432544115427179 0.053989866680807415
24 0.503307524758414 0.5091239621967216 0.1540034817360553 0.25174638107361447
16 0.4259617976884563 0.46793259091870226 0.017528419236879245 0.035077768300444255
18 0.7197977751654511 0.8137311692481587 0.4154824983751467 0.3725376615036825