30 0.624609375 0.5041666666666667 0.03515625 0.06666666666666667
30 0.222265625 0.5048611111111111 0.02421875 0.034722222222222224
30 0.3203125 0.5055555555555555 0.0203125 0.03333333333333333
30 0.5390625 0.49375 0.0296875 0.04861111111111111
30 0.57421875 0.5104166666666666 0.028125 0.029166666666666667
20 0.10625 0.3902777777777778 0.028125 0.2861111111111111
20 0.17265625 0.4173611111111111 0.0234375 0.20416666666666666
20 0.246875 0.4326388888888889 0.0203125 0.1625
24 0.66796875 0.7513888888888889 0.6609375 0.49166666666666664
29 0.894921875 0.3729166666666667 0.05703125 0.12638888888888888
29 0.962109375 0.36736111111111114 0.04765625 0.09583333333333334
25 0.25078125 0.7590277777777777 0.5015625 0.47638888888888886