6 0.7274917054951666 0.680191620915431 0.5148861482502951 0.5784084094211025
18 0.7033432689744545 0.8488137598137441 0.05041117688202608 0.08911817737290069
19 0.4639809745253928 0.5363623197573445 0.15251879942915866 0.4255423622458191
19 0.32362788855583763 0.5672662332837651 0.28850667345916603 0.776552093074495
19 0.6052698428524563 0.5837608747125611 0.14343295950527093 0.3695017960028783
19 0.7301106753619703 0.5829451481588395 0.09078812056996632 0.3190785032439126
19 0.9257640735750844 0.7261329311860678 0.12080588441013092 0.4374427073164279
30 0.4778139935556188 0.37531513919707676 0.1958403765014653 0.37552914538613813
20 0.16467664154017764 0.20761021310967195 0.0784592169196447 0.4152204262193439
20 0.820847739848432 0.3852246689521198 0.05234770307948011 0.30975750643127953
29 0.23071084188246366 0.2644465923045202 0.1161237015966055 0.30123459406783987
29 0.16258026579874027 0.2157275042561057 0.19515196840251944 0.4314550085122114
29 0.18600184904969166 0.2068914886934273 0.10727262501859051 0.35754852461868325
18 0.12232400962009542 0.7142437964147326 0.24464801924019083 0.37984574050386816
18 0.13442343230064308 0.6628703370079486 0.26884686460128615 0.482592659317436