30 0.5364781147898435 0.456728881851096 0.05617857123840277 0.11898408965251785
30 0.7145479101926908 0.5372863560952854 0.12827308320625014 0.2616461731740091
30 0.5526119344611804 0.44919327001123815 0.04985583605604162 0.11284622543826181
30 0.6050462768339407 0.47702316598568983 0.05476088839274311 0.07030018995906917
30 0.6563545303008679 0.47137415146213313 0.017660278685347208 0.03771245992253745
30 0.6201715490603992 0.48677587667460553 0.020876197663298512 0.044948058696331984
30 0.6536656147898435 0.4676471692017295 0.029506315254479176 0.04852651087982293
20 0.8883140249340797 0.40885539976510354 0.042082969699131924 0.41314328559208746
20 0.23886863069958322 0.30593418814914486 0.03677787385944464 0.4251337655157245
20 0.25018766380178803 0.30768406703748385 0.061051175246215464 0.4315568782348554
29 0.06314225869154502 0.25549258505424793 0.10336465539458348 0.32591081662353644
29 0.15598372212241307 0.27387664857463945 0.10238403685347239 0.3702096839033058