4 0.390234375 0.5166666666666667 0.05546875 0.10555555555555556
18 0.468359375 0.7472222222222222 0.03984375 0.06666666666666667
18 0.469921875 0.6395833333333333 0.03203125 0.029166666666666667
12 0.859375 0.5138888888888888 0.2796875 0.12222222222222222
31 0.2453125 0.43194444444444446 0.490625 0.41944444444444445
30 0.52421875 0.46041666666666664 0.0375 0.10972222222222222
20 0.650390625 0.28958333333333336 0.01796875 0.5763888888888888
20 0.503515625 0.31527777777777777 0.05078125 0.6277777777777778
20 0.5609375 0.38819444444444445 0.009375 0.24861111111111112
24 0.499609375 0.7472222222222222 0.99765625 0.5
29 0.80546875 0.4166666666666667 0.0375 0.06388888888888888