4 0.61484375 0.42916666666666664 0.0453125 0.05555555555555555
18 0.358203125 0.7020833333333333 0.08203125 0.08472222222222223
31 0.19375 0.3645833333333333 0.3875 0.4013888888888889
30 0.40390625 0.4048611111111111 0.1140625 0.18194444444444444
30 0.577734375 0.4083333333333333 0.02109375 0.03888888888888889
30 0.487109375 0.3993055555555556 0.05703125 0.10694444444444444
20 0.85234375 0.33611111111111114 0.059375 0.6722222222222223
20 0.7140625 0.32708333333333334 0.05625 0.6541666666666667
20 0.50234375 0.25416666666666665 0.0375 0.5083333333333333
20 0.6140625 0.2465277777777778 0.015625 0.49027777777777776
20 0.55 0.3347222222222222 0.009375 0.225
24 0.455859375 0.7111111111111111 0.37734375 0.5611111111111111
29 0.758984375 0.36527777777777776 0.03203125 0.06111111111111111
29 0.948828125 0.3284722222222222 0.01953125 0.05416666666666667
29 0.655078125 0.41180555555555554 0.07265625 0.13472222222222222
13 0.83203125 0.81875 0.334375 0.35694444444444445