6 0.2108266033776116 0.5712945229663577 0.08891759667409058 0.10087514471413593
23 0.44683682871179337 0.5726429562672215 0.07908861067790855 0.1504548969938273
19 0.4261607020408845 0.5179278961522834 0.037727814011772234 0.1556860238093211
21 0.9062425513605896 0.8132923973369739 0.18751489727882067 0.28156349104925954
30 0.6571561633712483 0.4694702899394435 0.06405395667568144 0.12067402212055577
30 0.5265555987030438 0.45472996791913506 0.05381589067472685 0.10775377440024698
30 0.5910496317035211 0.45831301123256085 0.028415901336727244 0.045608207362222215
30 0.5804982113701347 0.4580549778822831 0.04958237667090888 0.05759214066166673
30 0.5668854257041573 0.4676484737450917 0.021348288669636162 0.039761711077222296
20 0.06586727102561245 0.33278203672780854 0.028545360041361746 0.5427011225935803
20 0.7871973783617033 0.339055559697005 0.01666188335454457 0.27839198598438275
20 0.38880106003340753 0.42153058662827103 0.01309144068268111 0.210207123437963
20 0.884435457690158 0.2711258273436098 0.020460140038180086 0.5007111884497532
20 0.28554424536520306 0.40565882843790085 0.014672669358680678 0.3324616724079012
29 0.1511192466979531 0.40358014015617266 0.07108575401813555 0.24037708054672843
29 0.3920848730307031 0.38596844959688215 0.058095405354862704 0.2842719702800001
29 0.9607894196968395 0.35549013281515285 0.031649989337999784 0.06240418101975315