18 0.4340962025111347 0.6967238769254321 0.06335317107632754 0.08572752780605034
12 0.8624347650958057 0.5703150449972978 0.2456510939616777 0.2647928259652542
31 0.2421875 0.2784237211534837 0.484375 0.5568474423069674
24 0.30569007801916115 0.6057935767795387 0.6113801560383223 0.7884128464409225
30 0.469519665027663 0.36804000832372696 0.11605212516934209 0.20683865069213395
20 0.7495380356744494 0.3659059024243694 0.12894935210227806 0.6443386506921339
20 0.5701493074405176 0.3007935120171907 0.058512942107226705 0.3183333451083057
20 0.6626626950479029 0.27078908088485687 0.12769006727656898 0.5222619316761273
20 0.6626422232591205 0.2714835253293013 0.08743688150092019 0.505899488281573
29 0.8963206428093393 0.43928108718419745 0.06758364767057934 0.12342153208100465
29 0.949304001300996 0.4540143195311631 0.07518810775648746 0.14330248614409588
29 0.7190194974000378 0.462072134809032 0.14688604534115868 0.24757058019308714