31 0.20316882646302076 0.4711474083247001 0.4063376529260415 0.3589614833160668
30 0.46265842847725674 0.5040909015675683 0.07496493882958326 0.12274738939373372
30 0.5424637965434026 0.5315548102149908 0.0432239763486459 0.0826598478077478
30 0.20978996124666657 0.28432663799102137 0.16526328371934032 0.16490879367566594
30 0.17387064504225683 0.27996207627824854 0.08940864532659729 0.09342091609152163
30 0.48964792106843724 0.5035448784077036 0.029851807370694417 0.07461569818925934
30 0.40905221110449635 0.47671072566507583 0.06399107123840278 0.11906397206086092
20 0.7150291275654512 0.5527954219220083 0.18456598290125042 0.8643608558022224
24 0.39626774943131915 0.7091819432030932 0.5093451645126391 0.5816361135938135
13 0.2257984539800173 0.3744769534030785 0.4515969079600346 0.39565862071118196
25 0.8563869786297567 0.8370173682492407 0.23056162860909737 0.20500016468880947