30 0.5527871654457238 0.46928312875737976 0.06409124373179384 0.09851511705212046
31 0.8261889942430599 0.5267403523941506 0.3476220115138801 0.18372606704856165
31 0.23543034930035475 0.39387588379660865 0.464222939033798 0.4011371212956716
30 0.4840299795127754 0.44639167692202547 0.05125026293212365 0.0774232047528075
30 0.44406956340697745 0.3923386250796008 0.03503422954602886 0.040988869934221836
20 0.21193902500631764 0.44164953242804117 0.1520030500126353 0.8832990648560823
20 0.5934527921283299 0.306629449412993 0.05152201372354668 0.613258898825986
20 0.4821617710475383 0.3561219797369346 0.023387338875513565 0.2837212017823028
17 0.312108998481996 0.7097582464460235 0.6100786598043383 0.5804835071079529
29 0.7589545974198929 0.41222263685556393 0.05143211935861451 0.08853431586391877
29 0.8433182313932372 0.4097827843907567 0.08456286810497318 0.10865753009405965