30 0.852734375 0.5833333333333334 0.29296875 0.8277777777777777
30 0.483984375 0.40694444444444444 0.06484375 0.125
30 0.62265625 0.4076388888888889 0.021875 0.034722222222222224
30 0.546484375 0.41041666666666665 0.03828125 0.07083333333333333
30 0.587109375 0.39652777777777776 0.02578125 0.034722222222222224
30 0.618359375 0.4125 0.03984375 0.044444444444444446
20 0.945703125 0.20555555555555555 0.02421875 0.4111111111111111
20 0.359765625 0.3659722222222222 0.01171875 0.22916666666666666
20 0.3890625 0.36041666666666666 0.0078125 0.19027777777777777
20 0.06796875 0.30833333333333335 0.021875 0.5027777777777778
29 0.03125 0.18888888888888888 0.0625 0.33611111111111114