0 0.3676046065012465 0.572249244240312 0.01583058844101313 0.044130820380171874
4 0.0869203157407811 0.5595429907897486 0.046985087946721495 0.042227869133750394
30 0.13716172556974748 0.505639232344264 0.08336559832684483 0.13221795609601972
30 0.34370088564585966 0.4651373843333379 0.051768088441013035 0.046734093113453744
30 0.0537344367864484 0.5238610527079112 0.016166169467652324 0.024742968821233703
20 0.9040660647336075 0.2596111521047483 0.05500712946721507 0.3922278691337503
20 0.6143005691822317 0.2760585986964695 0.09110113836446346 0.4697179560960198
20 0.174259171710555 0.4057193952845456 0.0460048611784261 0.2376650522685408
9 0.4732265595621363 0.5355297286674537 0.015321252471457925 0.021908598157949655
9 0.5190006452845456 0.5589510049156978 0.01348683844101295 0.04396104172365353
17 0.6527277285169065 0.6809198335778058 0.694544542966187 0.6381603328443882
13 0.19485882043655117 0.6068795494374212 0.36260477076024666 0.2009761344473118