0 0.405859375 0.5111111111111111 0.02421875 0.03333333333333333
0 0.3375 0.4986111111111111 0.0296875 0.03611111111111111
0 0.278125 0.4736111111111111 0.0296875 0.03333333333333333
18 0.041796875 0.6375 0.04296875 0.044444444444444446
30 0.1390625 0.3611111111111111 0.1046875 0.07222222222222222
30 0.121484375 0.36944444444444446 0.03203125 0.04722222222222222
20 0.762109375 0.2604166666666667 0.01796875 0.5180555555555556
20 0.09140625 0.20347222222222222 0.01875 0.2513888888888889
20 0.92109375 0.23125 0.01875 0.45416666666666666
9 0.5078125 0.49027777777777776 0.0109375 0.025
14 0.48671875 0.44930555555555557 0.021875 0.04861111111111111
13 0.124609375 0.5881944444444445 0.24765625 0.1375