0 0.6013612248752954 0.7558681898563129 0.04831151985163196 0.11408953716247588
18 0.5974439233463544 0.5758615015805266 0.16006729065319442 0.18692551585440878
19 0.022769598641024492 0.3981655208803728 0.03826567904593761 0.2407754862051901
31 0.19285414798576406 0.3370228870789645 0.38385354882131967 0.5323791074912623
30 0.4296647967792884 0.45549642243151583 0.06006663744281262 0.11795914367531692
20 0.8389495310117189 0.546342628771836 0.11955792553055603 0.7879681793050357
20 0.4339236711621529 0.3039953977568829 0.07097234232430587 0.5337464415294575
20 0.7281750319616496 0.4888572164400182 0.09395786027607685 0.7398056113369006
20 0.5714512734607293 0.3487142384015687 0.06824738582729192 0.5640108427556628
9 0.3767034509396009 0.4630467988325619 0.02414666802802081 0.05635032413679334
24 0.610191364217969 0.7339264194173808 0.5573644372140627 0.5321471611652384
29 0.8526535277354167 0.5967006658590485 0.29469294452916656 0.7290485501771606