18 0.431535510240995 0.5504665096228402 0.03960082629424182 0.04186178841586417
18 0.8479001102480538 0.5545183850849087 0.03601309471009344 0.0514223768995063
30 0.5842663971150502 0.49714498344839597 0.045008663111827475 0.08785675548777792
30 0.6421926536921401 0.5030093850016059 0.046252644695975856 0.07819918676098768
30 0.6112839234234094 0.5121329817596305 0.017543815770898162 0.035401083924259384
30 0.371034137871831 0.549350075563735 0.059078868387616626 0.06485985258327168
20 0.9152861248588255 0.30140407961336557 0.11182224971765109 0.5316893142514199
20 0.8040713919239657 0.3717005378206802 0.059494639293129835 0.3395042583583952
20 0.4118985734516444 0.45117653680969194 0.04143561305535766 0.19312137031388896
17 0.5087064130412402 0.7181202090509877 0.9825871739175197 0.5637595818980247
20 0.2946732760965977 0.4213598514000004 0.055512794583036394 0.2894072781152469
30 0.5338187115705304 0.5290391958769144 0.0406018841726322 0.07241734397141988
29 0.47376153661994136 0.43431823218253157 0.06330290777956833 0.21760530361333347
13 0.18886986810526793 0.5972926820321607 0.0683096552193195 0.08465989125259278