18 0.52109375 0.925 0.08125 0.1111111111111111
31 0.44296875 0.19781944444444446 0.1953125 0.2111111111111111
30 0.175 0.3902777777777778 0.35 0.7805555555555556
30 0.56953125 0.4236111111111111 0.021875 0.06666666666666667
20 0.816796875 0.3486111111111111 0.04609375 0.6972222222222222
20 0.5578125 0.3125 0.0125 0.3333333333333333
20 0.651953125 0.25972222222222224 0.05859375 0.5194444444444445
20 0.652734375 0.2625 0.01640625 0.5138888888888888
17 0.3046875 0.7687222222222222 0.609375 0.4625555555555555
29 0.73203125 0.4284722222222222 0.121875 0.2125
29 0.926953125 0.3472222222222222 0.06015625 0.10833333333333334
29 0.9765625 0.34305555555555556 0.0453125 0.11666666666666667