24 0.6523266408250172 0.7721824249590944 0.4243586663942104 0.45563515008181116
18 0.5595470312479405 0.5806187411036496 0.05752217370110611 0.05472226339442443
18 0.1565496034879969 0.5999848881523827 0.04038922077900677 0.05885467107768787
31 0.08299728084255101 0.4232002091712815 0.16250354869945846 0.4908448627870074
30 0.5623924774736995 0.552405273040026 0.040348310470581336 0.05468800441102104
30 0.45195667369945847 0.5148119667272031 0.016638075081077907 0.024969570443753735
30 0.42093365746575645 0.4955901027443751 0.015911372158978664 0.030460437459659633
30 0.47112457223840887 0.5191746137263972 0.06066081047058134 0.05636990644191194
20 0.8065009876199692 0.5295972303948113 0.12507350689656355 0.7333790805982084
20 0.21228358603812653 0.2340678838324228 0.06433700973923262 0.2717770612989891
29 0.8921815687901271 0.6314161683593159 0.21563686241974586 0.6583258803400305
29 0.4758023896088489 0.4390718779483892 0.05383015787279355 0.15572302104541555
13 0.8725650257677685 0.897152098333354 0.22450689650870786 0.20569580333329202