28 0.23235526278212495 0.5174714220751546 0.02868410754848192 0.0578171976908553
30 0.4560032455341255 0.4265246598069082 0.10729607710967279 0.1893839357851519
12 0.09878285511120234 0.6348172572138803 0.17780344602224046 0.13186783982469055
30 0.8622708364435159 0.36137756095635454 0.06993639894433983 0.12296673015789329
30 0.6099660196819838 0.3972849033115234 0.09822504017804193 0.1405061500709708
30 0.5500415947630617 0.41902929220114454 0.05564207386326192 0.09891924242357675
30 0.6855768100635442 0.38227537733657496 0.07363809740221221 0.10225461255322807
30 0.6700949961430335 0.3963738477552356 0.04288297524323372 0.07214246320294977
30 0.6216438593735584 0.3934818838308613 0.2040074358759707 0.17572341918945603
20 0.1079719843735583 0.37754201551099587 0.1159831047058129 0.5173314155830652
20 0.3659910129856435 0.3668043751759624 0.06151201866768634 0.29904045815224484
20 0.20979556006354422 0.3675113015847909 0.08877967654047988 0.4512293708503438
20 0.7967832940333607 0.2142507341173075 0.06285237621616827 0.356009145742423
20 0.49088191882984217 0.359572167382233 0.041766534495998896 0.19706973376574885
17 0.6960768435452457 0.4971496284187119 0.263269387580254 0.24559721067503423