4 0.9651859618522007 0.3626764472360171 0.06316424756436803 0.14977603529179015
19 0.45803593506683954 0.47529084642268454 0.04514095048646745 0.14347696453876546
30 0.18195467613838573 0.5172577439220059 0.24424269805083534 0.29887785393314853
30 0.4980208940763712 0.41949167899635725 0.051844918019063255 0.11043457193487664
30 0.4663598139221584 0.42288424561219073 0.035152295860084594 0.08058904356617297
20 0.7788411331176748 0.19021651376428955 0.08294273376465036 0.3804330275285791
20 0.8476593169650506 0.18188201916805496 0.08593136606989873 0.36376403833610993
20 0.03826089620590145 0.4413260745527468 0.0765217924118029 0.32393670111407413
20 0.5951402660318312 0.23152003799722135 0.0776143055993174 0.3489043743663582
20 0.874428345577136 0.20011479120459816 0.09020580884572808 0.4002295824091963
9 0.9360566822258182 0.42635637352765293 0.051476725243233545 0.07293457193487649
17 0.7304185625024715 0.611182543570431 0.5334899788933865 0.7273437835161736
28 0.05451744582201721 0.5718163959814196 0.045253998782184016 0.07545373573092604