4 0.376953125 0.46805555555555556 0.02578125 0.03333333333333333
18 0.01875 0.7875 0.0375 0.058333333333333334
18 0.06953125 0.7486111111111111 0.071875 0.06388888888888888
31 0.146484375 0.53125 0.29296875 0.4625
24 0.660546875 0.7486111111111111 0.44140625 0.5027777777777778
30 0.47265625 0.4618055555555556 0.046875 0.04027777777777778
30 0.473046875 0.4354166666666667 0.04765625 0.09305555555555556
20 0.66171875 0.3076388888888889 0.0296875 0.6152777777777778
20 0.814453125 0.3104166666666667 0.03203125 0.6180555555555556
29 0.38203125 0.3902777777777778 0.0375 0.14444444444444443
29 0.6734375 0.34652777777777777 0.121875 0.5069444444444444