18 0.5449168803136553 0.8396355192900042 0.07769827400410509 0.1091332849323395
18 0.6458481212384689 0.8865112137978002 0.08631020472226432 0.11477772399889609
31 0.13363115319801272 0.490254462830627 0.26578057786604775 0.5277311478834763
30 0.3252644017345796 0.44223818118977914 0.26861014119596016 0.437485691382426
30 0.5708425342972349 0.4065849971280367 0.03383009933607006 0.0725696759470433
30 0.5042862933724213 0.3600648366642434 0.04082953307929138 0.06292017659745788
20 0.7747826127033599 0.29967022281632116 0.10894022540671973 0.5844403370612512
20 0.5454993732419793 0.30146531580310537 0.046380617191855225 0.326857547401438
20 0.6308485329319976 0.24193344408685483 0.06638456586399517 0.47150399982542957
9 0.6018950794276767 0.46593194751349887 0.016542605386194252 0.04183635336948615
9 0.4543001893514642 0.4831547671881231 0.015734084308955332 0.03349493971697086
17 0.33627060030852385 0.6986191914302929 0.666816357920277 0.602761617139414
29 0.7167931111417308 0.3643460168150488 0.1265630208808471 0.24018982027717187
29 0.9537726880844228 0.20777465606856324 0.05823065651766228 0.1283757213972371
29 0.9034411504184403 0.22530903103688735 0.06758747579950324 0.12291712967186406
25 0.24249385011213215 0.929748449647762 0.2543698583130605 0.14050310070447583