4 0.9065128533475031 0.4929258565467606 0.11347267978275503 0.11705807142796326
12 0.07413854491780333 0.576310975176852 0.14827708983560667 0.10814517916154343
30 0.4590153946183616 0.4292152510950007 0.07868159995457144 0.1544599299219137
30 0.6515713868164454 0.42466763103314914 0.0778251068519765 0.09893670111407415
30 0.8528456207603577 0.4295195463478099 0.06976362336031983 0.11663666244475321
30 0.5199750274202778 0.4442529007907107 0.02556656603337366 0.07319202465370375
20 0.08910236431520828 0.320739836878889 0.10511570443169874 0.5217731315429014
20 0.19372844894886096 0.32715495440617315 0.08078076775153882 0.4638912114146914
20 0.7999889546588413 0.2722824192795691 0.054313443011738016 0.3601436312054322
20 0.35294133565173513 0.35251577431410547 0.05333411917644835 0.300453735730926
17 0.6679704531327324 0.5317257997260504 0.23936679443664738 0.20549903090043245
2 0.572110737506186 0.42694202169552553 0.10483466417892266 0.14167015045537046