4 0.487890625 0.47708333333333336 0.05078125 0.06527777777777778
12 0.898828125 0.5701388888888889 0.20078125 0.29305555555555557
31 0.19921875 0.5208333333333334 0.3984375 0.5277777777777778
24 0.691015625 0.7277777777777777 0.35234375 0.5444444444444444
30 0.51953125 0.4465277777777778 0.015625 0.029166666666666667
30 0.48203125 0.4423611111111111 0.05 0.04861111111111111
30 0.546875 0.4388888888888889 0.0140625 0.016666666666666666
20 0.8 0.2791666666666667 0.025 0.5583333333333333
20 0.680078125 0.2847222222222222 0.02734375 0.5694444444444444
17 0.78515625 0.7305555555555555 0.425 0.5388888888888889
29 0.413671875 0.38333333333333336 0.03671875 0.15
29 0.7 0.3333333333333333 0.1046875 0.44722222222222224
13 0.2046875 0.5256944444444445 0.409375 0.20694444444444443