18 0.5226427805935943 0.9691490312889331 0.11462612133990877 0.061701937422133646
19 0.32420292463002437 0.4967939650443586 0.03295849801081765 0.14332358077469332
31 0.24140143099538655 0.454868791999751 0.4828028619907731 0.6680709173328353
24 0.5251148946133206 0.7066532064159231 0.4414453493793616 0.5866935871681537
30 0.4410003469724785 0.38335078267410805 0.046557374005409005 0.0732176731473228
30 0.5226134263009333 0.4514829881811139 0.015843176002545433 0.03414158411773656
30 0.5596228039664334 0.4686803615718492 0.04645737667090906 0.05793989536954503
20 0.5020835713120692 0.3045383100192261 0.04504196936663476 0.43829338822899977
20 0.651765671646251 0.3011662001687758 0.057406156707498115 0.5375106874284133
20 0.6154872716422739 0.3513905566979817 0.038619246697953004 0.41158119902634965
20 0.5834469309755012 0.35112253147884404 0.03190562269254436 0.340424565379255
9 0.5853128736274791 0.5436452927468357 0.01585226666931803 0.03553047300662544
29 0.7596094416375013 0.4213668764537115 0.19745789735836256 0.33788091258281805