4 0.31195971181534743 0.42660779798352594 0.032558580072118114 0.04127174675285675
25 0.2501432371759378 0.6299967463954398 0.4924310746568753 0.6900065072091205
18 0.5692828823603648 0.5304737233113159 0.05334385875746541 0.07801317965304248
26 0.5242973640757989 0.5270065930798888 0.012173344889756877 0.035085869408226875
30 0.5274584050617884 0.4998141655907541 0.05772288744281262 0.11424550649282171
30 0.2854150690057467 0.39894772114338056 0.05341659393982638 0.08356873520859803
30 0.2612417784947224 0.4031714808833455 0.02798018284565975 0.049459621211788374
30 0.6100624446228823 0.5410186352887224 0.051708623575104085 0.07240913780601975
30 0.6769956980898093 0.5493625129951633 0.11377351890170147 0.16041121428435443
30 0.3952537557932988 0.43097034740733825 0.036883057370694416 0.07333740692596946
20 0.10970492116215289 0.26059182106911444 0.044497495250347366 0.2373959978349938
20 0.7569630872903127 0.3891780938042426 0.11417813487736143 0.60885262337533
24 0.544493302430417 0.6667146569329262 0.8965730607891669 0.660897790032477
29 0.7881231481279343 0.4708836215823865 0.1934642849536113 0.46137391053162813