8 0.837109375 0.6645833333333333 0.22421875 0.19583333333333333
18 0.75703125 0.64375 0.021875 0.0375
19 0.271875 0.5305555555555556 0.034375 0.15
19 0.773828125 0.5152777777777777 0.03046875 0.18333333333333332
19 0.828515625 0.5458333333333333 0.04609375 0.175
30 0.587890625 0.4388888888888889 0.12265625 0.1638888888888889
20 0.295703125 0.36319444444444443 0.01328125 0.39305555555555555
20 0.103515625 0.31180555555555556 0.03046875 0.5791666666666667
15 0.093359375 0.30069444444444443 0.06796875 0.6013888888888889
29 0.167578125 0.41458333333333336 0.09140625 0.3541666666666667
29 0.358203125 0.4097222222222222 0.06796875 0.22777777777777777
21 0.351171875 0.6326388888888889 0.38046875 0.09583333333333334
19 0.56328125 0.5805555555555556 0.0734375 0.29444444444444445