18 0.905859375 0.5916666666666667 0.05234375 0.26944444444444443
24 0.61875 0.7479166666666667 0.3140625 0.5041666666666667
30 0.522265625 0.475 0.01640625 0.03333333333333333
30 0.382421875 0.47847222222222224 0.01171875 0.02361111111111111
30 0.531640625 0.4756944444444444 0.03671875 0.04027777777777778
30 0.326953125 0.4951388888888889 0.02890625 0.04583333333333333
30 0.573828125 0.4597222222222222 0.01484375 0.013888888888888888
30 0.399609375 0.4798611111111111 0.04765625 0.04861111111111111
20 0.80703125 0.38472222222222224 0.05 0.7694444444444445
20 0.6765625 0.38333333333333336 0.0359375 0.3
20 0.721484375 0.33125 0.05390625 0.41805555555555557
15 0.1375 0.2986111111111111 0.0375 0.2777777777777778
16 0.39921875 0.48541666666666666 0.0140625 0.04027777777777778
29 0.9109375 0.3951388888888889 0.1765625 0.6625
29 0.433984375 0.4076388888888889 0.03828125 0.16527777777777777
29 0.76171875 0.29097222222222224 0.08125 0.5736111111111111