30 0.4191174493351123 0.4492698173652017 0.07319210228117753 0.16331893821281654
30 0.6088338653427235 0.4646456199512564 0.05130517342198502 0.05953084695453489
30 0.514749613612703 0.47437944857817044 0.059849843878220454 0.09187941679118078
30 0.49579269587507124 0.4824373254146644 0.05647017589344294 0.08060665552318906
20 0.20204136657845248 0.43317402035088587 0.06953254448624283 0.3781521780591725
20 0.3183043658370151 0.4454454886946898 0.034986448136564444 0.2667730417289238
20 0.8856576450002187 0.22866877106065225 0.05837220999956259 0.36786418028786805
20 0.35824361633130664 0.44333986152825133 0.0259324417107738 0.21220224967005535
20 0.731165133878658 0.31453832591272085 0.05524986859279988 0.2997277996538722
29 0.30608953802327116 0.39823069775016934 0.09996946098814571 0.37833937819986985
13 0.8135293411224357 0.6704454886946898 0.35887091159616774 0.6591090226106203