18 0.5578776775239807 0.4243406925774584 0.07207836124870504 0.10153881733995213
18 0.556014443756475 0.4508023330694551 0.06835189371369381 0.04861553635595865
30 0.6637734398275336 0.41637990887449755 0.06561003742738744 0.09281747545671047
30 0.5674025348437441 0.29895268402755004 0.10370085049533806 0.3558686293173631
20 0.15866431265592046 0.3000616884909887 0.03937933126491568 0.22291887928909043
20 0.23859688844170873 0.300645884500844 0.03158394789030412 0.19331570300377698
20 0.6648704440660612 0.23818554979860276 0.08099540467194846 0.4763710995972055
29 0.8979890050670972 0.2888291480834457 0.16113451488719618 0.43431220519779934
29 0.9668631874487781 0.11934071612740312 0.06336264081820957 0.23868143225480623
29 0.032342128670577105 0.2811507852400991 0.06468425734115421 0.2902337019538869
25 0.24228056441324877 0.6721494117442526 0.48456112882649754 0.6445900654003838