4 0.4625 0.48125 0.021875 0.02638888888888889
18 0.158984375 0.7243055555555555 0.06953125 0.07916666666666666
30 0.5390625 0.47291666666666665 0.01875 0.04027777777777778
30 0.561328125 0.4777777777777778 0.01953125 0.03611111111111111
30 0.59453125 0.46319444444444446 0.0140625 0.015277777777777777
30 0.55078125 0.47430555555555554 0.0421875 0.043055555555555555
20 0.7546875 0.3298611111111111 0.0328125 0.6597222222222222
20 0.95625 0.32013888888888886 0.0421875 0.6402777777777777
17 0.48984375 0.7409722222222223 0.978125 0.5125
24 0.74296875 0.7486111111111111 0.46875 0.49722222222222223
29 0.871875 0.40069444444444446 0.2546875 0.5375
29 0.4578125 0.40069444444444446 0.0375 0.1375
13 0.14296875 0.5840277777777778 0.2859375 0.24583333333333332