28 0.23046875 0.4263888888888889 0.0234375 0.05
30 0.461328125 0.3993055555555556 0.09140625 0.1597222222222222
12 0.0859375 0.5041666666666667 0.171875 0.075
30 0.86953125 0.4479166666666667 0.059375 0.10416666666666667
30 0.61640625 0.4131944444444444 0.0875 0.1125
30 0.555078125 0.41805555555555557 0.04765625 0.08333333333333333
30 0.69296875 0.41944444444444445 0.065625 0.08055555555555556
30 0.676171875 0.42916666666666664 0.03671875 0.06111111111111111
30 0.628515625 0.4125 0.19453125 0.1111111111111111
20 0.12265625 0.25416666666666665 0.0625 0.5027777777777778
20 0.378515625 0.31527777777777777 0.03046875 0.2916666666666667
20 0.22421875 0.2722222222222222 0.0421875 0.44166666666666665
20 0.820703125 0.28541666666666665 0.02578125 0.35138888888888886
20 0.502734375 0.34305555555555556 0.02109375 0.19166666666666668
17 0.691015625 0.5354166666666667 0.24921875 0.1625