30 0.6773291277371942 0.33278864071536657 0.061013095855386903 0.109193135710946
30 0.4590234674139363 0.3998896632531182 0.1426278517868859 0.16418874579101536
30 0.931950660579699 0.2937696192275051 0.136098678840602 0.21423724685975398
30 0.3674162641059008 0.44799815100974605 0.07501192885919253 0.10728837717046183
20 0.8033962319769475 0.17539452866745606 0.06616746395389513 0.3507890573349121
20 0.8986391005511569 0.11814804413589221 0.05821570110231385 0.23629608827178442
20 0.8034121487259963 0.17642848059307029 0.08807429745199258 0.35285696118614057
17 0.7158849155505006 0.6495985979658251 0.5218829061589606 0.645414583568939
9 0.8501823431553737 0.3818648783494796 0.028984504448624195 0.03924603847458741
20 0.15296712699575687 0.3590828578389259 0.10117913391583908 0.4320635139312979
19 0.5970659661782073 0.3808883074197302 0.027005510380123353 0.08905203419963326