1 0.803125 0.5951388888888889 0.0625 0.04583333333333333
12 0.128125 0.10208333333333333 0.13125 0.18194444444444444
30 0.5078125 0.56875 0.1640625 0.3875
30 0.421484375 0.4534722222222222 0.07734375 0.14305555555555555
30 0.332421875 0.42569444444444443 0.10078125 0.14583333333333334
20 0.9671875 0.39652777777777776 0.0625 0.7930555555555555
20 0.622265625 0.2125 0.02265625 0.425
20 0.71015625 0.26666666666666666 0.025 0.5333333333333333
20 0.926171875 0.56875 0.04765625 0.43194444444444446
29 0.38671875 0.3638888888888889 0.034375 0.09166666666666666
13 0.28984375 0.4305555555555556 0.1859375 0.15833333333333333
30 0.6484375 0.50625 0.115625 0.18472222222222223
24 0.73515625 0.8395833333333333 0.503125 0.29305555555555557