9 0.96796875 0.5902777777777778 0.046875 0.05555555555555555
19 0.536328125 0.45555555555555555 0.02578125 0.11944444444444445
17 0.7779921875 0.7201388888888889 0.4398437499999999 0.5597222222222222
30 0.299609375 0.39305555555555555 0.18828125 0.18611111111111112
30 0.578515625 0.42430555555555555 0.02890625 0.07083333333333333
30 0.603515625 0.4173611111111111 0.02109375 0.043055555555555555
20 0.870703125 0.25069444444444444 0.01953125 0.5013888888888889
20 0.9578125 0.2798611111111111 0.03125 0.5569444444444445
20 0.173828125 0.25416666666666665 0.03359375 0.25277777777777777
20 0.403125 0.33055555555555555 0.015625 0.14444444444444443
28 0.187109375 0.4027777777777778 0.01796875 0.03611111111111111