30 0.137890625 0.47638888888888886 0.27578125 0.9527777777777777
10 0.7330898412514472 0.6535127534078058 0.5161013392712249 0.6014064566037413
19 0.7040610538733195 0.35390127896171186 0.016434993731793846 0.0986052052866358
30 0.5244788539524617 0.31654877481502086 0.15638404381093612 0.16572823960938762
30 0.8134546058329235 0.31874727172562256 0.028071175705962757 0.046992044826258926
30 0.7101507552456742 0.29162259762096215 0.04514501543940615 0.04164894919324074
30 0.8350185430195133 0.31188447460022867 0.019409229546028684 0.042024703753879164
20 0.4284437656705154 0.20276707523171764 0.03493259263643722 0.22791154329350227
20 0.9369693195105814 0.1602707221487632 0.04739314020829681 0.3205414442975264
20 0.6880855386317689 0.2576223553976402 0.016457725785105026 0.0999940941755247
20 0.631751796351472 0.2441495276171131 0.020219223277822707 0.13917413739376383
20 0.7699349322052782 0.26109066536330783 0.013772994985435005 0.07894239509517867
20 0.8639050668054432 0.2627363078582988 0.02938127461060631 0.17469703402169914
20 0.5913044726842556 0.2132487059676126 0.020500368104973177 0.10869137042054583
20 0.7247474584984906 0.25767351424999724 0.01384119114536908 0.08310906176184535
20 0.8196125033652123 0.25230192371820626 0.012673496239076343 0.05942516206839667
20 0.8896211264847504 0.216657073223497 0.034546147730144125 0.20430043218239116
17 0.7079193508516122 0.6662586547092744 0.5626353584715549 0.5849404382106614