0 0.3388515233237115 0.6076388888888888 0.03133256802583091 0.05277777777777778
0 0.13517977978977336 0.6458333333333334 0.058417905251991795 0.08472222222222223
0 0.17211565855069705 0.5875 0.05244068989172788 0.10138888888888889
0 0.028686913136297076 0.6548611111111111 0.030815742478152608 0.11666666666666667
18 0.7682214319076621 0.7791666666666667 0.3691604916202227 0.40694444444444444
12 0.3350146437381115 0.5402777777777777 0.30205189647650316 0.22083333333333333
30 0.036324085312445485 0.47708333333333336 0.057735943652651556 0.043055555555555555
30 0.10798313080598773 0.4638888888888889 0.20264527837152993 0.11388888888888889
20 0.7650023574490227 0.2722222222222222 0.06906721489804539 0.5444444444444444
20 0.870665504156635 0.2125 0.05695600831326999 0.425
24 0.5408357405644372 0.5618055555555556 0.15456313103709682 0.18333333333333332
23 0.422693494325361 0.5034722222222222 0.021866639812585475 0.04722222222222222
20 0.5543902921283299 0.3159722222222222 0.06208377751359997 0.4041666666666667
20 0.5167910037276702 0.3576388888888889 0.05078256466061859 0.3819444444444444