18 0.42890628481037585 0.39542737302120823 0.09135185326976067 0.1707707878777228
30 0.5579789960270768 0.36713381999246963 0.04534167490485981 0.07080206060552806
30 0.6584087482513888 0.34528069733856426 0.038932507414373776 0.06366367099521458
30 0.5537040022057216 0.3152201886792717 0.05866668726214961 0.17530813131246564
30 0.7137010847152356 0.3171947882483209 0.0443375904181794 0.061055595237572174
30 0.7790747225668169 0.2069098816834299 0.06779894813656444 0.26719298629073496
30 0.7227172932133328 0.3155271031834952 0.026114172433401882 0.049386891774587445
30 0.6881194587266524 0.3263160238179974 0.10154259536109542 0.10446776839706062
30 0.789784752947159 0.30164875866771385 0.04133992441056815 0.06651417821019313
20 0.2272137922247497 0.33923059091195346 0.08128312798434009 0.37864350144211695
20 0.7406734323006431 0.1963043618416893 0.05859770307948029 0.30854449206286444
17 0.6192938628712656 0.43393224676091197 0.21191902125453818 0.1856153434318137