18 0.7144508918112156 0.5605880104557371 0.11669849715020852 0.15236658827028768
18 0.8901408962280734 0.5073686295830625 0.06106543977951375 0.07504916528443634
6 0.3670021224345488 0.45946362480677294 0.04593074905006951 0.05144395999780045
19 0.2613242587852606 0.45331786120012085 0.014935322188333443 0.06797686114874277
30 0.6206901668874656 0.4191406688804002 0.05265352773541672 0.08813737976761205
30 0.5745145898073092 0.417185195238316 0.023983013867708357 0.043850324136793496
20 0.21234903039458347 0.29726850947370764 0.048223213715208504 0.34574282727756994
20 0.9646258710581076 0.26783829891143335 0.07074825788378476 0.5356765978228667
20 0.7357147750277953 0.33263711995882844 0.01686280452090294 0.2151990833709649
20 0.991606271751493 0.2653270928207876 0.01678745649701412 0.5306541856415752
17 0.5029548667834203 0.6792189346219142 0.9940902664331596 0.6415621307561717
16 0.029421928380347524 0.6341458193879971 0.045642421162152905 0.2678194723351169
29 0.4135488342983509 0.3404037936596798 0.05627079663711818 0.24522740137673169
29 0.23895731648875018 0.3281634252987328 0.0516001740119445 0.1268806914918259