9 0.3324483565012465 0.5465277777777777 0.03799208992388783 0.05555555555555555
9 0.2657151484974409 0.5493055555555556 0.0403995069200823 0.058333333333333334
9 0.22937840047460725 0.5659722222222222 0.0403995069200823 0.058333333333333334
20 0.7049500741437381 0.625 0.21776711463846715 0.2638888888888889
30 0.1489925400562091 0.6888888888888889 0.2806676571475437 0.6222222222222222
30 0.09464263243296434 0.41388888888888886 0.12925375988583174 0.08333333333333333
20 0.7558659866727176 0.2388888888888889 0.06016947334543534 0.4777777777777778
20 0.9609467702659551 0.17083333333333334 0.057831040531910106 0.3416666666666667
20 0.83751656399217 0.18819444444444444 0.0515956279843401 0.3763888888888889
20 0.011946866862779335 0.2826388888888889 0.01810003707186904 0.3125
9 0.5331208478511437 0.4736111111111111 0.01548041996194378 0.027777777777777776
17 0.8865529360264205 0.6347222222222222 0.22689412794715907 0.6166666666666667