30 0.229296875 0.3486111111111111 0.20703125 0.39444444444444443
13 0.77890625 0.49027777777777776 0.4421875 0.26944444444444443
30 0.633984375 0.42291666666666666 0.12421875 0.12916666666666668
30 0.407421875 0.4013888888888889 0.06796875 0.13055555555555556
30 0.459765625 0.40069444444444446 0.04296875 0.07916666666666666
30 0.3234375 0.4166666666666667 0.03125 0.18888888888888888
30 0.404296875 0.3680555555555556 0.05078125 0.06388888888888888
20 0.76328125 0.1909722222222222 0.0453125 0.3763888888888889
20 0.726953125 0.2763888888888889 0.00703125 0.225
20 0.8078125 0.3326388888888889 0.009375 0.12638888888888888
30 0.128125 0.5006944444444444 0.1765625 0.3402777777777778
29 0.190234375 0.09513888888888888 0.07421875 0.12361111111111112