0 0.40910928837124827 0.5175220919026515 0.026026698002863568 0.03883361379426541
0 0.3413811673694983 0.4911097405934408 0.03151362933640893 0.041894279346584226
0 0.28295532103356663 0.45407122864376104 0.03149544800286348 0.039116501568806444
18 0.040423196709884375 0.5678716115655698 0.04564885467059073 0.05373281616365817
30 0.14926557168999893 0.3131733191985559 0.10838521200668154 0.09307693041238217
30 0.13133318435708982 0.31779938635204774 0.03471135467059074 0.05316704061457595
20 0.7750240950230671 0.3420715408916826 0.04636865937299817 0.5216671341015533
20 0.1083445776774313 0.14652894636499433 0.03290450135263549 0.2543942793465842
20 0.9347579026893627 0.34547479405109444 0.04360673870145319 0.457657007595004
9 0.5114212210375437 0.5179550234293814 0.012672722668681757 0.02703548951641134
14 0.49198969470081655 0.472520471774043 0.024555104670590567 0.052641677604713916
13 0.12768229404040723 0.5355922604026723 0.24958292401336304 0.18785118747201118