18 0.030859375 0.45625 0.03515625 0.17083333333333334
30 0.518359375 0.4423611111111111 0.02109375 0.043055555555555555
30 0.5703125 0.44583333333333336 0.0203125 0.027777777777777776
20 0.708203125 0.2659722222222222 0.06171875 0.5291666666666667
20 0.141796875 0.3784722222222222 0.02890625 0.2263888888888889
20 0.60859375 0.3298611111111111 0.034375 0.3375
20 0.1984375 0.38680555555555557 0.0234375 0.19027777777777777
17 0.478125 0.7243055555555555 0.953125 0.5458333333333333
24 0.767578125 0.7305555555555555 0.46328125 0.5333333333333333
29 0.6171875 0.39305555555555555 0.059375 0.15555555555555556
13 0.236328125 0.6659722222222222 0.47265625 0.4486111111111111