30 0.116015625 0.4152777777777778 0.07421875 0.11388888888888889
30 0.425 0.4777777777777778 0.0296875 0.07222222222222222
30 0.02265625 0.4444444444444444 0.0359375 0.06666666666666667
20 0.921875 0.23819444444444443 0.0140625 0.47638888888888886
20 0.2296875 0.33055555555555555 0.0203125 0.16666666666666666
20 0.0765625 0.29305555555555557 0.0171875 0.24444444444444444
9 0.351171875 0.5166666666666667 0.01171875 0.03611111111111111
9 0.451171875 0.49375 0.00703125 0.018055555555555554
9 0.4953125 0.5256944444444445 0.0078125 0.029166666666666667
17 0.76875 0.7256944444444444 0.45625 0.5486111111111112
24 0.444921875 0.4951388888888889 0.15546875 0.0875
13 0.16484375 0.5263888888888889 0.3296875 0.10277777777777777