18 0.441015625 0.6958333333333333 0.03671875 0.05277777777777778
18 0.470703125 0.6763888888888889 0.03515625 0.041666666666666664
18 0.46328125 0.6708333333333333 0.0828125 0.10833333333333334
18 0.476171875 0.6347222222222222 0.02109375 0.03333333333333333
31 0.288671875 0.45902777777777776 0.57734375 0.35694444444444445
30 0.599609375 0.4736111111111111 0.01328125 0.03611111111111111
30 0.59375 0.47291666666666665 0.025 0.04027777777777778
20 0.558203125 0.3784722222222222 0.03984375 0.27361111111111114
20 0.97578125 0.49930555555555556 0.046875 0.9986111111111111
20 0.591015625 0.26666666666666666 0.01953125 0.5305555555555556
20 0.62109375 0.26875 0.0265625 0.5347222222222222
17 0.37109375 0.7416666666666667 0.740625 0.5111111111111111
29 0.9046875 0.38263888888888886 0.1234375 0.6736111111111112
29 0.80546875 0.47291666666666665 0.06875 0.3375
13 0.167578125 0.4618055555555556 0.33515625 0.25972222222222224
25 0.914453125 0.6826388888888889 0.10703125 0.09861111111111111