4 0.9713543689529113 0.5460104491122686 0.04697554467695397 0.13806120246708373
19 0.4524188312977516 0.4329785699721509 0.03609258867759042 0.14560223540333114
30 0.169093529638774 0.3528556394091832 0.23907268535168097 0.25748201497164
30 0.49759524496738783 0.39083559016665975 0.051526684675363296 0.11756742644678708
20 0.8219418116446601 0.24438088574719713 0.03698456870622557 0.48876177149439426
20 0.9181671026416375 0.27599816417576795 0.039728308044225 0.5519963283515359
20 0.041963957650387115 0.21005353929885448 0.05286301269095343 0.32173409311345375
20 0.8886614159770918 0.2507128365542485 0.04096354404040738 0.501425673108497
9 0.9315648892823205 0.600257278719217 0.03240396733768165 0.05926475275019559
17 0.7186694452777072 0.6760672102435498 0.5519919507081343 0.5827837611808558
28 0.03355119997216037 0.36198006060005156 0.041097714672181575 0.07516505226854077