30 0.5484375 0.45208333333333334 0.0453125 0.09305555555555556
20 0.8515625 0.30625 0.0515625 0.5013888888888889
20 0.87109375 0.39305555555555555 0.0140625 0.3277777777777778
20 0.475 0.4222222222222222 0.0078125 0.12777777777777777
20 0.735546875 0.3958333333333333 0.02109375 0.21944444444444444
20 0.32109375 0.36319444444444443 0.028125 0.2375
24 0.65625 0.7555555555555555 0.4390625 0.48333333333333334
30 0.03984375 0.7013888888888888 0.0796875 0.525
23 0.400390625 0.4810277777777777 0.03984375 0.10737500000000008
29 0.4765625 0.3888888888888889 0.04375 0.19444444444444445
13 0.258984375 0.49722222222222223 0.04453125 0.05277777777777778