30 0.5394370259587974 0.49462479827682587 0.07460110534690845 0.18385850050484498
6 0.8389600396244564 0.4830111877656291 0.03538351666931803 0.037633206506456594
6 0.27709129362270657 0.552438914440395 0.06927725867281787 0.08624814704472483
19 0.34218049162557007 0.5095697656494739 0.027380660009544932 0.12719941034808815
31 0.876695028604412 0.7422444165133217 0.23810107869190808 0.35009149452975014
30 0.6556662816279564 0.45237966124996376 0.059339184675363296 0.11874052936261263
23 0.5899594656270019 0.4703134985805345 0.03178634933959064 0.08453198603043054
30 0.5194381539624563 0.4483900336410501 0.0546516846753633 0.11835239812471485
20 0.3986489412993425 0.4118889795089683 0.011301674013362994 0.17584095101544536
20 0.781756887969456 0.33505270619175037 0.02054995202099903 0.2765525249515916
20 0.8732043196411603 0.26154426910034384 0.025737986035952787 0.4727093009831732
17 0.35669834597788735 0.7597942608246689 0.7133966919557747 0.4800233471127639
29 0.9574426859683424 0.3350811181039122 0.03398464867122719 0.06250382942715728
29 0.4016242189688196 0.3748570140646389 0.05944882001909004 0.25478695193407425
29 0.17998984796706968 0.4161128817219817 0.06867836935072646 0.2333409921876479
29 0.07706621099220491 0.40189682363819307 0.15413242198440982 0.42120635272361384