11 0.7546875 0.49583333333333335 0.0484375 0.17777777777777778
18 0.4578125 0.5638888888888889 0.0328125 0.030555555555555555
18 0.28984375 0.7159722222222222 0.040625 0.0625
12 0.83515625 0.4736111111111111 0.328125 0.08888888888888889
31 0.263671875 0.4 0.52734375 0.4
30 0.462890625 0.44930555555555557 0.06796875 0.09861111111111111
30 0.566796875 0.44513888888888886 0.02265625 0.043055555555555555
30 0.526953125 0.4027777777777778 0.02265625 0.025
20 0.669140625 0.28055555555555556 0.02734375 0.5611111111111111
20 0.60859375 0.2777777777777778 0.03125 0.5555555555555556
20 0.5265625 0.27291666666666664 0.06875 0.4708333333333333
24 0.48203125 0.7298611111111111 0.6734375 0.5402777777777777