18 0.5109375 0.5456085878438931 0.040625 0.04002205557440403
19 0.08125 0.567544111148808 0.0296875 0.08239859616762005
31 0.791015625 0.7553573320977702 0.153125 0.1914506539171978
30 0.506640625 0.5286751652991645 0.05 0.07671517951037761
30 0.566015625 0.5413890243010712 0.0484375 0.09606262181734498
30 0.465625 0.5233510814126134 0.03515625 0.09246032587101195
20 0.07109375 0.3780247083663181 0.05390625 0.4533465737429591
24 0.715234375 0.7904453777708007 0.56953125 0.41910924445839853
16 0.258984375 0.60427254873127 0.053125 0.10468696156310955
23 0.38515625 0.5905776935547661 0.09375 0.3072090171375134
29 0.110546875 0.4443629012265032 0.0640625 0.2178659765254491
29 0.314453125 0.45007723572281727 0.05625 0.27710318806028594