6 0.21875 0.6152777777777778 0.078125 0.08888888888888889
19 0.071875 0.5868055555555556 0.0203125 0.12916666666666668
30 0.641015625 0.5493055555555556 0.06015625 0.11805555555555555
30 0.513671875 0.5284722222222222 0.04921875 0.09861111111111111
30 0.5640625 0.5458333333333333 0.0171875 0.03888888888888889
30 0.5578125 0.5361111111111111 0.0296875 0.05555555555555555
20 0.769140625 0.4465277777777778 0.01015625 0.29305555555555557
20 0.2765625 0.45694444444444443 0.0078125 0.31666666666666665
20 0.378125 0.4826388888888889 0.0078125 0.19027777777777777
20 0.86484375 0.37777777777777777 0.0109375 0.4888888888888889
15 0.06796875 0.37916666666666665 0.0515625 0.5416666666666666
29 0.94140625 0.4638888888888889 0.03125 0.058333333333333334
29 0.38203125 0.44375 0.0546875 0.26805555555555555
29 0.145703125 0.45069444444444445 0.06640625 0.23472222222222222
21 0.8375 0.8930555555555556 0.146875 0.21388888888888888