18 0.6890123347389967 0.9613470982388612 0.06533464600572696 0.07634137838601937
18 0.5612899537117934 0.6025032279863777 0.025318173337045204 0.0491282690430705
18 0.5418723370464524 0.6194603094631456 0.023673857336090797 0.03659594667232303
18 0.5515652367122706 0.608551213169206 0.04494033000477238 0.06342118756630255
30 0.4815109997016121 0.4675376149302977 0.10361644334818117 0.1965615597284028
20 0.7919348770289532 0.3954975444868195 0.0854322540579064 0.7599979354268274
20 0.970703125 0.393691383937969 0.05859375 0.7484343111252518
20 0.6466627376869762 0.27931328074823525 0.03597605203690755 0.4840121031190299
20 0.6751601813534309 0.2771253862365986 0.04542377737108918 0.4953171484546259
24 0.6926814063892247 0.7366877523516339 0.4621027473742709 0.5266244952967324
29 0.8797573220281578 0.38689901117469727 0.11117604670590708 0.5161191324704635
13 0.21939280770606637 0.5204407899780582 0.4337675673535899 0.2742149132894497