19 0.665234375 0.44513888888888886 0.01328125 0.07083333333333333
30 0.78203125 0.4236111111111111 0.034375 0.06388888888888888
30 0.540234375 0.4125 0.12421875 0.11388888888888889
30 0.96640625 0.4638888888888889 0.065625 0.16111111111111112
30 0.39609375 0.4097222222222222 0.0671875 0.09444444444444444
30 0.75546875 0.42430555555555555 0.0890625 0.06527777777777778
20 0.8921875 0.24166666666666667 0.0375 0.48055555555555557
20 0.015234375 0.2513888888888889 0.03046875 0.5027777777777778
20 0.96640625 0.24375 0.065625 0.43472222222222223
17 0.499609375 0.7256944444444444 0.99609375 0.5402777777777777
15 0.27890625 0.27847222222222223 0.040625 0.37916666666666665
24 0.884765625 0.6201388888888889 0.22890625 0.19305555555555556
29 0.1375 0.4 0.0578125 0.1388888888888889
29 0.193359375 0.4027777777777778 0.06328125 0.13055555555555556