6 0.43108247962494806 0.49536986304866576 0.04529496941479181 0.06155912780718246
18 0.906930312356233 0.8031913734482299 0.059684777735416715 0.08757779974629266
30 0.6668300295868231 0.5873760251432565 0.05118194671336802 0.0938997224501697
30 0.589213522652969 0.5609399961448168 0.03286770459715278 0.06620919719464004
30 0.6361248902441495 0.567113347052962 0.023256315254479177 0.04747452701301111
30 0.6205453497331253 0.5694537115650619 0.027398954597152782 0.06581304699609708
30 0.36099662385944464 0.4479719851275094 0.059721145326597294 0.09035557752407045
20 0.30950489941065984 0.2707955222295124 0.08239819196371538 0.33204817743950155
20 0.48698666090354187 0.4432228472478599 0.031760452697291795 0.16048386298256614
20 0.42252379079536484 0.37819386041244396 0.06537303970326391 0.2239718752849345
30 0.5507413427992711 0.5435836114216832 0.02881598423243048 0.05481512165599835
30 0.2015397967792884 0.4301770364842598 0.2169011317432293 0.41117000530549336
29 0.48888490791158007 0.40936484812660046 0.079762848023889 0.24999054722404487