18 0.642578125 0.5451388888888888 0.05859375 0.06805555555555555
18 0.73203125 0.5479166666666667 0.125 0.07361111111111111
30 0.5375 0.45208333333333334 0.0625 0.1125
30 0.621484375 0.48055555555555557 0.05078125 0.05
30 0.5765625 0.45208333333333334 0.1421875 0.1125
20 0.501171875 0.43680555555555556 0.00703125 0.11805555555555555
20 0.83828125 0.40694444444444444 0.0125 0.2722222222222222
17 0.49765625 0.7493055555555556 0.99375 0.49583333333333335
20 0.034765625 0.21944444444444444 0.05546875 0.4361111111111111
29 0.501953125 0.4027777777777778 0.04296875 0.18611111111111112
13 0.31484375 0.5020833333333333 0.0375 0.043055555555555555