4 0.597265625 0.4423611111111111 0.06796875 0.09861111111111111
18 0.4171875 0.66875 0.0421875 0.043055555555555555
18 0.483203125 0.5694444444444444 0.01796875 0.025
31 0.2328125 0.38055555555555554 0.465625 0.3861111111111111
30 0.4828125 0.4236111111111111 0.0484375 0.1
30 0.544140625 0.40555555555555556 0.02265625 0.08611111111111111
30 0.46875 0.36180555555555555 0.034375 0.043055555555555555
30 0.468359375 0.40694444444444444 0.07890625 0.13333333333333333
20 0.64375 0.30694444444444446 0.0328125 0.6111111111111112
20 0.51015625 0.32430555555555557 0.0125 0.3013888888888889
24 0.2796875 0.7201388888888889 0.5578125 0.5541666666666667
29 0.81796875 0.3590277777777778 0.046875 0.09027777777777778
29 0.899609375 0.35208333333333336 0.09296875 0.10694444444444444