30 0.142578125 0.4131944444444444 0.28515625 0.8263888888888888
31 0.8617496363747941 0.6548611111111111 0.24581342183545624 0.2875
31 0.2735968768620268 0.36666666666666664 0.3049165940851973 0.30694444444444446
17 0.28036276127009563 0.6680555555555555 0.5607255225401913 0.6638888888888889
30 0.37703009191583875 0.38472222222222224 0.09857024069437514 0.15416666666666667
30 0.3930831812457797 0.35347222222222224 0.048803527088305286 0.07361111111111111
30 0.37667693124577967 0.35347222222222224 0.08205267473094029 0.09027777777777778
20 0.5906045943970382 0.3138888888888889 0.0846319809744653 0.5763888888888888
20 0.4597998003523675 0.31180555555555556 0.05891704342324342 0.4
20 0.547351150228533 0.3993055555555556 0.051539037013102626 0.35694444444444445
29 0.9240559683635808 0.48333333333333334 0.10887203990858688 0.1597222222222222
29 0.6604557909442986 0.5104166666666666 0.19465118217453856 0.30277777777777776