8 0.8546875 0.7805555555555556 0.2875 0.325
18 0.198828125 0.8916666666666667 0.02734375 0.03333333333333333
19 0.626953125 0.6541666666666667 0.19765625 0.6888888888888889
19 0.4015625 0.5583333333333333 0.06875 0.31666666666666665
30 0.511328125 0.4270833333333333 0.14453125 0.2791666666666667
20 0.18359375 0.3423611111111111 0.0140625 0.44027777777777777
20 0.9890625 0.26180555555555557 0.015625 0.49027777777777776
29 0.255859375 0.3909722222222222 0.07421875 0.25972222222222224
29 0.205859375 0.35833333333333334 0.05234375 0.3388888888888889
29 0.034375 0.3506944444444444 0.06875 0.33194444444444443
13 0.219140625 0.8111111111111111 0.38671875 0.21944444444444444