6 0.219921875 0.51875 0.08828125 0.09861111111111111
23 0.3625 0.5902777777777778 0.1484375 0.225
30 0.696484375 0.44027777777777777 0.06640625 0.12777777777777777
30 0.561328125 0.41597222222222224 0.05546875 0.10694444444444444
30 0.62421875 0.4236111111111111 0.025 0.044444444444444446
30 0.603125 0.4222222222222222 0.0265625 0.05277777777777778
20 0.836328125 0.31180555555555556 0.01484375 0.2902777777777778
20 0.42421875 0.37777777777777777 0.0109375 0.2222222222222222
20 0.942578125 0.25763888888888886 0.01953125 0.5097222222222222
29 0.184765625 0.3375 0.06640625 0.2388888888888889
29 0.4296875 0.34097222222222223 0.0546875 0.29305555555555557
25 0.9296875 0.8694444444444445 0.1390625 0.25555555555555554