18 0.97421875 0.9333333333333333 0.05 0.12777777777777777
19 0.821484375 0.6736111111111112 0.16953125 0.65
19 0.38828125 0.5729166666666666 0.0640625 0.33194444444444443
19 0.547265625 0.5527777777777778 0.06640625 0.2972222222222222
19 0.121484375 0.5402777777777777 0.06953125 0.2777777777777778
30 0.4453125 0.48541666666666666 0.059375 0.14027777777777778
30 0.563671875 0.4375 0.11640625 0.21388888888888888
30 0.6125 0.4340277777777778 0.0171875 0.09861111111111111
20 0.24921875 0.35625 0.0140625 0.4125
15 0.027734375 0.3104166666666667 0.05546875 0.6180555555555556
29 0.313671875 0.3993055555555556 0.07265625 0.23194444444444445
18 0.259375 0.6736111111111112 0.5171875 0.1527777777777778