8 0.8680231119198634 0.6861840687762354 0.26395377616027316 0.31846126508485434
18 0.7792729476608633 0.6600067968293984 0.02670442144481875 0.04187831304614949
18 0.9578744792676392 0.8210407899674158 0.08425104146472151 0.12205028529664459
12 0.2500165291817942 0.6118937955156301 0.47663277866891207 0.2709128111160055
19 0.7838702643530466 0.5202140297390061 0.047520940227898836 0.20127866989173068
19 0.244819693212239 0.5893805668809766 0.06480394072219058 0.20651236007064522
19 0.8503315583264073 0.5437568144918571 0.07177152372599593 0.2041710919115142
30 0.5924898834215475 0.45840401950117193 0.11454927273741297 0.19850531735880061
20 0.2826851311972353 0.42044759628071066 0.045073713953895124 0.4008421602730839
20 0.0796324212162634 0.3939726800541711 0.08187998866847453 0.6111640374246973
29 0.3497917181553737 0.45512574267904204 0.08597594517081486 0.24527338785784722
29 0.050596178630637215 0.45458113837336805 0.08928662897292323 0.3897178323022917
29 0.1504993488397269 0.4906018852142736 0.13228721247102043 0.39377427997180015
18 0.3418339560638203 0.7035825295316731 0.40579635524692714 0.20965177155383116
19 0.6619435262160447 0.6125023598095785 0.09121654349765969 0.37180777995295167