9 0.393519381982317 0.4655539036399576 0.02272073738612832 0.044187106653720006
9 0.33415306106600107 0.4491606059066352 0.03131448738612823 0.04463164458514181
30 0.48530633329851963 0.42048723996459064 0.031778278855940555 0.06824275569625292
30 0.12274431855406327 0.2967361031643637 0.05041915145127884 0.06365710108198121
30 0.1507738320749843 0.2904201406413268 0.10877728847458741 0.09442540676205095
20 0.7789261139261496 0.2593173479972063 0.05306303493120836 0.5161115785459978
20 0.07931796696770822 0.136317348934202 0.037450414698122735 0.23780843775835786
9 0.4935466638334825 0.4617699875086658 0.014608137023308565 0.028505203483740617
9 0.27722101478686534 0.4173480865082646 0.02888889183263199 0.040343740300814564
13 0.1295759330707762 0.5250870877689255 0.24201886360966363 0.20260360223992677
13 0.4584114892426358 0.3850355044729105 0.1861036803072194 0.1372747244945155