18 0.5695665696746242 0.4489449271353791 0.07221134328594588 0.10500814718527225
18 0.5675293588531378 0.47469997944415765 0.06813237646343318 0.05210915367882636
30 0.6753986735973854 0.45399331422180483 0.06593407220870695 0.09648086868606988
30 0.5797389882434372 0.3243363322581531 0.10506981596219092 0.3587798939381291
20 0.1717403963227285 0.27450337590397766 0.04057097872636941 0.22345862265463765
20 0.25177534211710034 0.2852128979107244 0.033444279956033454 0.19407376767636828
20 0.677588408373879 0.2622781612636709 0.08366751463433122 0.5025455303020318
29 0.9096830304470128 0.35506582540791426 0.1631459363754999 0.4411294422779737
29 0.9734960664531703 0.19060213060348982 0.052371541958086 0.24882226984064215
29 0.04140118393961307 0.23896864790816147 0.07516869252382005 0.2925808766224731
25 0.247889805865453 0.6554851241011483 0.495779611730906 0.6723630851310367