8 0.428515625 0.7270833333333333 0.22109375 0.5375
18 0.662109375 0.4875 0.07265625 0.14166666666666666
26 0.64765625 0.51875 0.015625 0.07916666666666666
30 0.634765625 0.43472222222222223 0.12734375 0.25
30 0.55546875 0.44513888888888886 0.0203125 0.04027777777777778
30 0.307421875 0.45416666666666666 0.02265625 0.027777777777777776
20 0.75078125 0.27152777777777776 0.015625 0.5430555555555555
20 0.73671875 0.3458333333333333 0.0109375 0.3638888888888889
24 0.6609375 0.7277777777777777 0.675 0.5388888888888889
29 0.955859375 0.41944444444444445 0.08671875 0.1638888888888889
25 0.26484375 0.7298611111111111 0.528125 0.5347222222222222