18 0.6448521195231234 0.4772202748144589 0.06082445170428326 0.07241320773952711
18 0.7855180298315488 0.46286688875668963 0.023955697240056396 0.05447556434296151
30 0.5339583940763711 0.40128527966405714 0.0652079886359143 0.12130728327816895
30 0.6392635028426691 0.4103119067873968 0.021502853084255057 0.043194674575332055
30 0.6321913425342436 0.4149879094236187 0.0372096737011061 0.05265986561878783
30 0.6157510006105557 0.41964858224146945 0.03404376339268058 0.048266827410096705
20 0.04721612195710767 0.24015635177036102 0.06517853530677786 0.4363586895139222
20 0.504030273540598 0.3881863279782652 0.010534125405389361 0.11873467018162907
20 0.8353532987027539 0.3169970187441987 0.01905178327818291 0.27063289504007315
17 0.49772947788238414 0.6950022568333264 0.9954589557647683 0.609882300562335
29 0.5051319876232645 0.35549084620387017 0.04792107710967279 0.18945009135597246
13 0.3239833762194636 0.4775632840908099 0.03716876339268058 0.04849319895212116