18 0.24900441066765602 0.4990347076172093 0.06291888050895836 0.09294340031119108
18 0.6011030060323782 0.49520421051696295 0.04524041802802081 0.05508785423296921
18 0.3676001750103296 0.4834275716457736 0.03677395459715278 0.06463230341608042
30 0.2010663118360067 0.5195766530871896 0.03840918977951393 0.07022018134238345
30 0.6410194912147393 0.4904728754154676 0.045185866641249996 0.050921187566302546
30 0.6206615317257637 0.49352490681797284 0.08593815321038197 0.06148379142795872
30 0.36401181482796857 0.48891040186714746 0.07051317496187508 0.07643834549826194
20 0.7190285827797395 0.2920324298040323 0.07756783444052111 0.5556211733503023
20 0.06089655993614564 0.42220703409010024 0.044443597073958466 0.29250704830610064
20 0.6216441098980207 0.35878652341037687 0.04068281743868063 0.30353735349034294
14 0.5609686419081248 0.486733020581327 0.0409711453265972 0.08693533156517125
29 0.7758591578178644 0.3682283575216883 0.12665733824024325 0.36779892269607944
25 0.2596448174871353 0.7479247472593535 0.5192896349742706 0.5041505054812928