0 0.4723873592808852 0.5078234733007624 0.02707164627652787 0.03943836919159575
0 0.3189451226736283 0.43935386141167315 0.02465516109416672 0.03383433007991891
0 0.3906470500103296 0.4839043266142986 0.028597778685347207 0.03669291378456529
18 0.062448988222777536 0.5125413760166861 0.062028527735416714 0.08459390579248426
18 0.1304537792087671 0.5410388130702207 0.038100065254479176 0.04660907023127234
18 0.02899129008451364 0.5312989700827471 0.04435006525447919 0.046738359714262226
3 0.4611173783247569 0.6652777777777777 0.9222347566495138 0.6694444444444444
30 0.15944446913045124 0.29643324329866483 0.12620013050895834 0.0942524563264633
30 0.047499401501145726 0.5024312853454944 0.09499880300229145 0.1215292373576555
30 0.4155665293509373 0.3711947177310661 0.04585801386770836 0.04260401541834287
30 0.13387233277973945 0.2799277019591096 0.07187565321038196 0.06119289009123155
20 0.7850075135833678 0.32604501944968817 0.054238784003680963 0.5037636100855752
14 0.5196354536956769 0.4504517304971658 0.01845971248093754 0.037871707263595844
13 0.14888039015043392 0.50730193662917 0.29776078030086783 0.19515942881389556