4 0.4805269978270063 0.4793719156825958 0.056996533665263985 0.0783514804396914
12 0.8759535705150119 0.6765565143400933 0.2285590535355297 0.3425725884254324
31 0.20764756429289402 0.4486892631589313 0.41529512858578804 0.6251563040956405
24 0.6571477622125677 0.7323215683019944 0.40201889010335135 0.5353568633960113
30 0.5145572574456532 0.4574971471851946 0.018623514427970278 0.03351918067451657
30 0.47811132595730754 0.44322848329475717 0.05432540145127866 0.06166057281547902
30 0.5423052733712359 0.4570895540717069 0.015225695916316085 0.019597970508900175
20 0.8074689711016504 0.363979288302668 0.07974458601966745 0.5604332903102279
20 0.6888057784970455 0.33844148407187535 0.08308784082899087 0.5715767226980665
17 0.7499255392544096 0.7423387221743554 0.4735119441870353 0.5153225556512894
29 0.4166939209202406 0.3675780176006157 0.05152034918169335 0.1574454242337211
29 0.7033804272271764 0.3920753126777352 0.14828376569391466 0.47088274125881957
13 0.20527032599971648 0.4535422939508605 0.41054065199943296 0.30986236567949876