0 0.2032993646960441 0.3971869968880266 0.05206248667249973 0.07958995942563248
0 0.27387549403245304 0.4418298708522728 0.04266930533895428 0.07623016882299206
0 0.1288488026933397 0.3571627286911988 0.044240896005727046 0.07771605984935819
0 0.11095704968968076 0.30815478797791496 0.04729317067154524 0.06679895301320124
0 0.09339256068983984 0.3091468472646312 0.044122717337681625 0.05966050429380264
18 0.6603188943944744 0.8161662853720382 0.31589027136377135 0.3676674292559236
12 0.3709502150302259 0.4187015872435543 0.25787722935231727 0.2645194616573518
30 0.06973633734484039 0.15496253849343586 0.06839601133831794 0.0694973707580306
30 0.10179485934515856 0.16111774897838257 0.13357611600890867 0.12491184835221823
30 0.20614655201702195 0.23562394667616376 0.089653393340227 0.09580689961397115
20 0.7791715213637713 0.44682117343721833 0.10353626937458885 0.5464859145763108
20 0.9824042410089087 0.5102471484255292 0.035191517982182674 0.4342239946751557
20 0.8744703853636121 0.4506549704899868 0.08653003536758916 0.4538007254661347
20 0.596708464692067 0.36954820219891665 0.08068856802990787 0.39651677354052056