18 0.38756963619281815 0.9403444839615117 0.08415367198083885 0.11931103207697649
18 0.44968731625848657 0.8858526657440299 0.06874003392119796 0.08466519253688728
18 0.4682049428981667 0.773775055965331 0.0314071302577247 0.060791497840019956
18 0.46723114173345637 0.8332708682987795 0.050116186680159915 0.060955133902722815
18 0.4981364433504222 0.7977286539799708 0.0353133802577247 0.061114940538268395
18 0.47449202481828595 0.6433660069807765 0.022611984396167628 0.026811279110190375
31 0.2908518085701417 0.5076219652581987 0.5642616530976462 0.42357726384973077
30 0.5712165386130958 0.5405350289448208 0.028036468792335612 0.05219941034808816
30 0.5773863124710997 0.5251126593096206 0.02783175090451113 0.04525496590364355
30 0.5869676913720578 0.5196712660552413 0.05447281603337366 0.07655635437874887
20 0.5964085501466279 0.32440491480063166 0.042817100293255805 0.553588299236977
20 0.562924342774253 0.43108677565932024 0.05501944990914289 0.30659440161710716
20 0.6319963687241927 0.3287371322435797 0.04993023744838539 0.5569482738716016
17 0.3819365722513803 0.7521156776031581 0.7325856071906607 0.4957686447936838
29 0.8979256631608404 0.5461117492802469 0.1091138076656307 0.44962335704357376
29 0.980859375 0.18591585129212385 0.03828125 0.21256851796680687
13 0.1611200429663095 0.5218189791367069 0.29808337516934214 0.22419351382896954