8 0.42078052662730825 0.6668098689381656 0.3158351984388048 0.6351455738560499
19 0.8000176472740946 0.6279605717534582 0.08187519900463158 0.26432982375238334
30 0.855575240416947 0.5258970637096465 0.28884951916610613 0.312874850565089
30 0.9122050477717787 0.49089705193467414 0.12728619629109836 0.13821872441624458
20 0.20157520635429232 0.21359342779417909 0.06567698891872356 0.24391535793316813
20 0.7739249191537341 0.3269442619323727 0.1416673580951718 0.5466975609557936
20 0.7889938588303409 0.33366163051522935 0.10055103516439345 0.5275088387147229
20 0.29011926758219664 0.24357797476212942 0.05375684305716657 0.20990300963749525
24 0.6381130322815178 0.6541334478928784 0.7237739354369644 0.6588493796095141
2 0.6611421757682256 0.4570875878410816 0.1419086182719372 0.26389773937858413
29 0.05955978573022023 0.16188270296608007 0.08890312697836444 0.2911067211911806
25 0.29136912596028197 0.6045766542536586 0.5684079997728573 0.7908466914926829