30 0.5265625 0.4666666666666667 0.05 0.09444444444444444
30 0.3671875 0.5472222222222223 0.13125 0.31666666666666665
19 0.86484375 0.6756944444444445 0.1265625 0.5208333333333334
30 0.7797031249999999 0.39375 0.15308593749999994 0.12638888888888888
30 0.60234375 0.42291666666666666 0.06875 0.1125
30 0.912890625 0.5020833333333333 0.17265625 0.4041666666666667
17 0.49921875 0.71875 0.996875 0.5569444444444445
20 0.192578125 0.29375 0.05390625 0.5208333333333334
29 0.24453125 0.4 0.0734375 0.2916666666666667
13 0.498828125 0.5326388888888889 0.13515625 0.0375
13 0.775390625 0.5381944444444444 0.22890625 0.2263888888888889