30 0.466015625 0.425 0.02734375 0.05
30 0.506640625 0.4486111111111111 0.04296875 0.05
30 0.454296875 0.4263888888888889 0.05234375 0.05555555555555555
20 0.6640625 0.30277777777777776 0.0265625 0.6055555555555555
20 0.4484375 0.25416666666666665 0.0171875 0.5055555555555555
20 0.608203125 0.29791666666666666 0.01484375 0.5763888888888888
20 0.54765625 0.26875 0.015625 0.4986111111111111
24 0.5 0.7229166666666667 0.33125 0.5541666666666667
29 0.78359375 0.42430555555555555 0.2421875 0.3902777777777778
13 0.55703125 0.8909722222222223 0.0578125 0.0875
19 0.183984375 0.4395833333333333 0.04609375 0.19027777777777777
19 0.22890625 0.4701388888888889 0.040625 0.1486111111111111