0 0.019292367633736474 0.4234812234887962 0.03858473526747295 0.08081533080018535
0 0.09229073692729779 0.5613824046779937 0.08490224082661783 0.16460239986444458
8 0.6775075655298146 0.876704513850431 0.17874768959695367 0.1976482762570375
12 0.30154327752014654 0.4707905552195057 0.41806471965118314 0.2853180388359266
30 0.5262003769053145 0.4469132819178078 0.025177262002052458 0.05520112259358033
30 0.5668003784178456 0.4528711799254621 0.021239195745273776 0.045317266632777846
30 0.08215318852630416 0.3173905347015739 0.06815055718159235 0.05836798260685201
30 0.14970858762860512 0.32153871546858004 0.20506929508134392 0.12513627456827195
30 0.44388758621427 0.41699042046851786 0.025894879488495094 0.03578900489685187
20 0.8952662668833312 0.33512727921805424 0.06993681274073715 0.6042013159401852
9 0.08323136646489096 0.584670828943395 0.06130111436318471 0.11363259743296304
17 0.48374094745419666 0.6737074164160486 0.9674818949083933 0.6525851671679027
24 0.7061598063564324 0.7144296398215422 0.5251146712501896 0.5341589209697537
13 0.3271066193426593 0.4169621581409563 0.3725931383672898 0.2348319763572846
23 0.3886367443917572 0.47204723396027726 0.05823974687674198 0.13294773488654338