18 0.43984375 0.4979166666666667 0.040625 0.04027777777777778
18 0.9296875 0.5597222222222222 0.05 0.06111111111111111
30 0.133203125 0.5381944444444444 0.18515625 0.2513888888888889
30 0.678125 0.4701388888888889 0.0421875 0.0763888888888889
30 0.601953125 0.4840277777777778 0.02265625 0.04861111111111111
30 0.65 0.4666666666666667 0.015625 0.03888888888888889
30 0.3734375 0.4895833333333333 0.0609375 0.0625
30 0.641796875 0.46805555555555556 0.03203125 0.041666666666666664
20 0.301953125 0.34305555555555556 0.03359375 0.3138888888888889
20 0.80390625 0.3888888888888889 0.0109375 0.21666666666666667
20 0.426171875 0.3902777777777778 0.02421875 0.19722222222222222
14 0.554296875 0.48333333333333334 0.02421875 0.04722222222222222
29 0.48828125 0.3861111111111111 0.046875 0.22777777777777777