18 0.568359375 0.4513888888888889 0.06640625 0.08888888888888889
18 0.56796875 0.4777777777777778 0.065625 0.03611111111111111
30 0.673828125 0.43680555555555556 0.06015625 0.08194444444444444
30 0.56953125 0.32569444444444445 0.08125 0.3402777777777778
20 0.16015625 0.35208333333333336 0.025 0.21805555555555556
20 0.240234375 0.34791666666666665 0.01953125 0.19027777777777777
20 0.6625 0.2465277777777778 0.0484375 0.4930555555555556
29 0.9 0.2951388888888889 0.134375 0.4097222222222222
29 0.96640625 0.11736111111111111 0.065625 0.23472222222222222
29 0.027734375 0.3416666666666667 0.05546875 0.28055555555555556
25 0.246875 0.7201388888888889 0.4921875 0.5541666666666667