8 0.480078125 0.7451388888888889 0.16953125 0.5013888888888889
31 0.75859375 0.5076388888888889 0.1625 0.14305555555555555
30 0.908984375 0.49930555555555556 0.18046875 0.9986111111111111
30 0.28046875 0.4895833333333333 0.04375 0.0375
30 0.663671875 0.4895833333333333 0.03359375 0.0625
30 0.584375 0.4777777777777778 0.025 0.04722222222222222
20 0.17265625 0.3819444444444444 0.0265625 0.2722222222222222
20 0.647265625 0.31805555555555554 0.03359375 0.39444444444444443
20 0.232421875 0.40625 0.02109375 0.19305555555555556
20 0.013671875 0.3680555555555556 0.02734375 0.2861111111111111
20 0.680078125 0.24583333333333332 0.04609375 0.425
20 0.300390625 0.41944444444444445 0.01796875 0.15555555555555556
25 0.273046875 0.7506944444444444 0.54453125 0.4930555555555556