18 0.163671875 0.47152777777777777 0.04453125 0.16805555555555557
18 0.40546875 0.4076388888888889 0.0203125 0.10972222222222222
19 0.16328125 0.4027777777777778 0.0328125 0.16944444444444445
31 0.2046875 0.3784722222222222 0.409375 0.4513888888888889
30 0.48984375 0.4222222222222222 0.0296875 0.06388888888888888
30 0.52890625 0.4444444444444444 0.04375 0.05277777777777778
30 0.466015625 0.42430555555555555 0.07890625 0.06805555555555555
30 0.44375 0.4222222222222222 0.034375 0.05555555555555555
30 0.465234375 0.42986111111111114 0.04453125 0.06527777777777778
20 0.46796875 0.25416666666666665 0.0203125 0.5055555555555555
20 0.721484375 0.3138888888888889 0.03046875 0.6277777777777778
20 0.654296875 0.3 0.01796875 0.6
20 0.576171875 0.25972222222222224 0.01484375 0.5166666666666667
24 0.662890625 0.7194444444444444 0.57265625 0.5388888888888889
29 0.8640625 0.41597222222222224 0.2640625 0.4486111111111111
13 0.638671875 0.7777777777777778 0.04609375 0.07777777777777778
13 0.64765625 0.9034722222222222 0.053125 0.10138888888888889