30 0.07028443799888785 0.30223558404507017 0.11652661831702942 0.20356552853504517
30 0.19311499324644227 0.3414936628970824 0.15406441567207613 0.23160588989857878
30 0.318531857687805 0.4121311188283939 0.08286497888272545 0.12736687583794815
30 0.24774158006402777 0.391725816926592 0.027267426266006912 0.09506090028469474
30 0.09902372351517283 0.3233143714724577 0.05014348414439729 0.12742773495044052
30 0.348029641888672 0.4325801503509865 0.016572849971765093 0.05400686003112109
30 0.44105894055913664 0.46590784247408984 0.0484143841726322 0.07464995717266273
20 0.921121655007558 0.5527517952317234 0.12768173912372055 0.6629643080590193
17 0.19081528782947865 0.6280233348023376 0.36197343913783786 0.6560466696046754
29 0.7342474984375269 0.5206569118586148 0.12682635246142676 0.32769414796335355
13 0.23211548652817812 0.6044331826100854 0.1798456656720761 0.23374061170701738
25 0.3777885194489207 0.5680158612229336 0.20357159200867017 0.19692175608691717
24 0.6532463048593249 0.7705804262459763 0.5137186786850814 0.4588391475080474