8 0.4889745789462022 0.7328901699554802 0.19230671642972935 0.5178322181200785
31 0.7480299251099164 0.4671322315227962 0.1364329245698391 0.15420093514391767
30 0.8879600335211728 0.4481936490911963 0.2240799329576543 0.8963872981823926
30 0.29092140705773967 0.5001976360775385 0.039198855386194255 0.04247472593535299
30 0.6691645817257748 0.4562645112455428 0.033802828258831144 0.06458381985995913
30 0.5898790696746243 0.4544326493387541 0.026726126463433177 0.05054948030270686
30 0.42416771126336783 0.4842477095268734 0.02042612948849527 0.0351424130419392
30 0.47261657421221737 0.47977349381148005 0.03292158430895533 0.03401210311902992
20 0.021856558841417205 0.40092829510573763 0.04371311768283441 0.3036989653440803
20 0.18068587685621657 0.4073455549190323 0.03524767447164332 0.2673777588231107
20 0.23961343711196897 0.4234864965344269 0.027194279956033452 0.19360503585826241
20 0.34815037236772134 0.4386012028785897 0.019981222774441143 0.13790402963434317
20 0.3067713934449602 0.431124412370064 0.02395110528799842 0.15742928000565637
20 0.6777656703759316 0.21513067716958328 0.059970939400562175 0.422045422236363
24 0.7050561090495295 0.7082827133107554 0.5869697766363838 0.5662713945115895
25 0.284347208041914 0.7413072283754376 0.568694416083828 0.5173208985076302