19 0.6786161064380876 0.5110001028787499 0.016989092558271322 0.07057630215456703
30 0.5587252305310383 0.46417524339462113 0.1194791754978958 0.12515559949258548
30 0.8194271175543468 0.5107984520459389 0.031614587748947896 0.060540455868072246
30 0.9681547776748142 0.5677522873812259 0.0636904446503717 0.16770654546656358
30 0.6224653101589518 0.4722597857855926 0.02539186960011346 0.061476601672912225
30 0.6285429399682751 0.48379534353799963 0.05004712921876013 0.08545320334582414
30 0.37174730294496666 0.4374550993142127 0.17312253067003897 0.15539280459589092
20 0.9025310222749277 0.33305248455934106 0.055696961610230744 0.49222786913375033
20 0.048387914698122744 0.23928031269945416 0.0749008293962455 0.4769760246047368
20 0.05307541469812275 0.2396198700124909 0.042088329396245495 0.47459912341347954
9 0.9048760334335959 0.6112983352395388 0.02718998257680454 0.03386860255165263
17 0.6974901359270003 0.7615968151407781 0.5818055938242157 0.4768063697184437
29 0.17593008869840626 0.3976124334932368 0.058005962158384786 0.13318476153760153