18 0.4078125 0.7701388888888889 0.0375 0.0625
18 0.509765625 0.5819444444444445 0.01640625 0.025
30 0.35546875 0.49236111111111114 0.1546875 0.20694444444444443
30 0.466015625 0.46944444444444444 0.06796875 0.11666666666666667
20 0.68359375 0.2972222222222222 0.0203125 0.5944444444444444
20 0.605859375 0.29097222222222224 0.08671875 0.5819444444444445
20 0.59609375 0.2923611111111111 0.0359375 0.5819444444444445
17 0.294140625 0.7409722222222223 0.58828125 0.5125
29 0.862109375 0.5493055555555556 0.03828125 0.19027777777777777
29 0.83828125 0.38819444444444445 0.046875 0.0875
13 0.14453125 0.44027777777777777 0.2890625 0.21944444444444444