8 0.24123882509266723 0.6616645872642789 0.48247765018533445 0.65444860324922
26 0.5263429674734533 0.4639246508638479 0.01092014183263199 0.03972983990433426
30 0.5293824046781718 0.42831391857823226 0.06269346215838478 0.13414768421968973
30 0.4243774461479841 0.4134357603198241 0.02104910998146643 0.039181902030891065
30 0.5415798316736802 0.34341284551518425 0.0894866298517325 0.30692167374251267
30 0.38725939206430005 0.39709636577856283 0.03412202885594055 0.06938358533195191
30 0.6228819061757843 0.45315783843933827 0.0569692518140986 0.080981775204014
20 0.8335949614830035 0.30814056484492847 0.07603923266162269 0.6150266824734936
7 0.49359621601824993 0.6456313000685527 0.9871924320364999 0.7087373998628946
15 0.055153747552929275 0.28939873835177166 0.060171152084251014 0.2836948644421423
29 0.8750966979620826 0.29985096113238585 0.22136909082899087 0.5882345504990896
29 0.7969295305852211 0.36802833784343203 0.13321927168436448 0.3493684323121324