0 0.60703125 0.6756944444444445 0.0390625 0.10138888888888889
18 0.59140625 0.4979166666666667 0.1484375 0.1375
19 0.011328125 0.5173611111111112 0.02265625 0.23472222222222222
31 0.176171875 0.39861111111111114 0.35234375 0.41388888888888886
30 0.418359375 0.4354166666666667 0.05078125 0.10138888888888889
20 0.826953125 0.38680555555555557 0.04921875 0.7736111111111111
20 0.4125 0.2743055555555556 0.021875 0.5458333333333333
20 0.714453125 0.36736111111111114 0.02734375 0.7319444444444444
20 0.55078125 0.28125 0.0171875 0.5597222222222222
9 0.366796875 0.46111111111111114 0.01953125 0.05
24 0.620703125 0.7354166666666667 0.51328125 0.5291666666666667
29 0.86171875 0.4270833333333333 0.2734375 0.6402777777777777