31 0.22059030496520574 0.5653170721029015 0.41096686305535757 0.20841192198358083
30 0.48123240237672216 0.495655630527655 0.06724768415851479 0.09987301553493827
30 0.5618870155379605 0.49275144891626627 0.03738587891096028 0.06951025920277784
30 0.20541757217152004 0.3760564256152781 0.15874493942018653 0.10643302279549402
30 0.17062534321820738 0.3857128330791669 0.08550486049510883 0.06179229533895081
30 0.5070175050146167 0.48493302102058716 0.02479487364928836 0.06621525346154315
30 0.42562714448421435 0.48919376477314874 0.056310184158514784 0.09942044106691365
20 0.7304931668816133 0.447715346585032 0.1125488337632266 0.8396347266121605
24 0.4563030509130711 0.7576746994253089 0.47313918131591726 0.48465060114938235
13 0.23271160239083954 0.4590191626127781 0.44294490514873247 0.23192721411444508
25 0.8985497985292902 0.6728666232642606 0.2029004029414196 0.1230050317448151