18 0.654296875 0.5097222222222222 0.07109375 0.05
13 0.847265625 0.6381944444444444 0.28828125 0.2013888888888889
18 0.723828125 0.5222222222222223 0.06953125 0.030555555555555555
19 0.41484375 0.5006944444444444 0.0453125 0.16527777777777777
30 0.5484375 0.4465277777777778 0.0484375 0.08194444444444444
30 0.648828125 0.4583333333333333 0.05546875 0.058333333333333334
30 0.49140625 0.43194444444444446 0.1625 0.12777777777777777
20 0.924609375 0.28125 0.07421875 0.5625
20 0.84296875 0.32222222222222224 0.0421875 0.3638888888888889
20 0.941796875 0.28055555555555556 0.03203125 0.5611111111111111
15 0.165625 0.24375 0.04375 0.32916666666666666
24 0.77421875 0.7479166666666667 0.446875 0.4986111111111111
16 0.4140625 0.5506944444444445 0.0421875 0.11805555555555555
29 0.953125 0.3125 0.0921875 0.3611111111111111
29 0.548828125 0.35555555555555557 0.04140625 0.10555555555555556
13 0.1703125 0.5048611111111111 0.33125 0.17083333333333334