18 0.6020846043890623 0.39976616852141705 0.05405237357510408 0.074131406007554
18 0.32671085676388867 0.5348213486698303 0.04155237357510426 0.07335538890773736
30 0.5617411266155207 0.41059730689478513 0.05052798328249999 0.10305556733052788
30 0.19825789523288165 0.6274492450964344 0.0455677263486459 0.08193122758476332
30 0.2540088206697219 0.5726410308614786 0.0820689240119445 0.12721783230229183
30 0.36733618336907964 0.5024624325186845 0.0471302263486459 0.08202822972224055
30 0.39130068683600666 0.4905664832554924 0.024946101823611143 0.05705908868645035
20 0.6879334716474478 0.21611324130872833 0.1444455567051044 0.43222648261745666
20 0.6043208846414755 0.25876969576482556 0.0774379350298613 0.31011465601697813
29 0.7534675526694965 0.1966831200351769 0.16364884517409733 0.3933662400703538
25 0.2981023531547913 0.7225572455836824 0.5880143719595836 0.5527514618081392