0 0.8073131511602731 0.4988732861234253 0.3839093567669828 0.9075149511987838
8 0.4390194545065834 0.7385443425631091 0.18481664627312888 0.522911314873782
30 0.6212251066926207 0.5186461157082758 0.030338757414373772 0.06309796385882799
30 0.5541563176621759 0.49502595095122603 0.02848975593149916 0.050565641488080515
30 0.2676909063503347 0.44393974584480494 0.025046420950527094 0.03661210785769668
20 0.04495704914483188 0.28926108267911055 0.060160203079480265 0.308043405049858
20 0.18097546218669355 0.3226448456750686 0.04641869665368965 0.2536181594172117
20 0.2305543329852151 0.3591039087983408 0.0363287722431215 0.18816260860032294
20 0.3280368280422992 0.4028068848220973 0.025584931824942016 0.12824645215361588
20 0.6514225899052973 0.3094491320106998 0.06956437798434009 0.37764946134803973
20 0.2909824970156599 0.38258670347971385 0.030032351292594316 0.1519383691915956
29 0.15148162176851415 0.38178526522383666 0.05226017836490091 0.09964542697502973
25 0.2614316012740038 0.7 0.5228632025480076 0.6