18 0.3983401662150876 0.5333333333333333 0.039468613749381376 0.04027777777777778
18 0.815526005201954 0.5201388888888889 0.03584896879233561 0.05
30 0.5547882400503774 0.4736111111111111 0.04472600180902227 0.08611111111111111
30 0.6124983811064652 0.47708333333333336 0.04600189676606821 0.0763888888888889
30 0.5809413042747286 0.4875 0.017429839439121863 0.034722222222222224
30 0.33775234763752277 0.5347222222222222 0.05887371099041942 0.0625
20 0.8988613452626737 0.2638888888888889 0.1100898094746526 0.5277777777777778
20 0.7829785170741703 0.3388888888888889 0.05838678934826476 0.3375
20 0.38484091022219385 0.43472222222222223 0.04080646370395282 0.19166666666666668
17 0.4935718583223145 0.7180555555555556 0.987143716644629 0.5638888888888889
20 0.26917164461836157 0.4097222222222222 0.05456907055592932 0.2875
30 0.5022226224000379 0.5076388888888889 0.040369372455808517 0.07083333333333333
29 0.44791412030810207 0.4152777777777778 0.06259625452255584 0.2152777777777778
13 0.15213022953492775 0.5902777777777778 0.06804067107632772 0.08194444444444444