6 0.2294792019915838 0.4666666666666667 0.09598711179556503 0.11388888888888889
23 0.3688889315731637 0.5638888888888889 0.16587551506094247 0.2513888888888889
30 0.7081994408753245 0.47708333333333336 0.07616568511654265 0.1388888888888889
30 0.5744184351589519 0.42777777777777776 0.06401042549789597 0.11666666666666667
30 0.6369097560752678 0.44722222222222224 0.028298614790789857 0.04861111111111111
30 0.6157068786706061 0.44166666666666665 0.030806055897782514 0.05694444444444444
20 0.8530692248146655 0.375 0.037760438744739847 0.2916666666666667
20 0.4388021109309248 0.3645833333333333 0.028611128037633902 0.22361111111111112
20 0.9609945694611126 0.34097222222222223 0.0592584712288776 0.5111111111111111
29 0.20159104300983371 0.2798611111111111 0.085379483209777 0.25
29 0.44590528280062375 0.3284722222222222 0.07779516170289788 0.3013888888888889
25 0.9223785027635568 0.9034722222222222 0.15524299447288642 0.19305555555555556