30 0.5574522707479856 0.4230860629464182 0.06211489767057934 0.12065653334747407
30 0.736162647557008 0.5128415213593052 0.1413320861597615 0.26526356269890766
30 0.5736538028601613 0.416481003394822 0.05566017978275504 0.11358279942003975
30 0.6260761179890237 0.4467143082961548 0.05755687245580869 0.07198077749486803
30 0.6775157872563291 0.44361427986415425 0.019115170171816586 0.039260596152484735
30 0.6412269448207603 0.4574380374849224 0.0231851944820761 0.04489695763490873
30 0.6750696783124169 0.4400935740858109 0.03194271879233561 0.0506302862295753
20 0.9094922659425165 0.393585363179788 0.06520335538163842 0.4108211828276358
20 0.258993759328025 0.257287235023674 0.06006215400215744 0.4218191656411308
20 0.27038329969437236 0.2596049055449264 0.08448562188998174 0.42926460683216083
29 0.08311679443664752 0.19743329068533247 0.12051829715018096 0.3272948883230695
29 0.1759389198889031 0.22086808833721025 0.121828491632257 0.3717393327675139