8 0.2496113081073697 0.7099558476387887 0.4992226162147394 0.5285054115585796
18 0.2099597678580553 0.5087631756472777 0.027145034669270894 0.10576720193503839
19 0.5981770479682984 0.5193561161720771 0.060213414228298845 0.24659613357346882
30 0.5052456453750518 0.4328393838439598 0.020076763867708357 0.04287919338513006
30 0.12155123128892335 0.5239660186369549 0.08272223423243057 0.0578703899953243
20 0.941202962196597 0.2854915131424746 0.06915657560680585 0.5709830262849492
20 0.1740320129662324 0.4506260592113225 0.03624858415618064 0.20486332373353505
20 0.05295644676182269 0.456754835976907 0.037811737366562626 0.2646340470244957
20 0.07122490278387131 0.4625595053059958 0.03841114941065984 0.25079365920434527
20 0.21816354606843724 0.4485801932720394 0.031996842039965404 0.17823192950095337
20 0.2599876967618227 0.4439020527611943 0.02765418094579868 0.14465609082392727
29 0.037706827412951296 0.49194663940440975 0.07541365482590259 0.2216622767467361
29 0.11526519030293378 0.49729494438789906 0.04309734298989589 0.13173722330980916
29 0.5909295520523609 0.35743812899693955 0.06019392401194459 0.12585980237761257