4 0.9059197645361353 0.5685204699000515 0.1365738251355733 0.20147622626875245
30 0.48353596486810024 0.5542523362374374 0.19445047852997774 0.46275967496515746
12 0.07722810836215843 0.08402777777777778 0.15445621672431686 0.16805555555555557
30 0.6348598429422603 0.47349563696205954 0.13267212031511305 0.20266305246154054
19 0.8866723278169498 0.5368716882220566 0.0674289153964569 0.3159350658337137
30 0.3702271833504379 0.4323141703769729 0.1037613251355733 0.19977889962150577
30 0.2884774740414825 0.40320394739214643 0.07471871974937896 0.1566169690036931
20 0.6135724019309713 0.19279471200318143 0.025582303861942535 0.38558942400636287
20 0.7047721067023336 0.24670078472841211 0.02673171340466709 0.49340156945682423
20 0.9608706245090207 0.5267824969961413 0.053952743557092474 0.49437430679441735
24 0.7312485087315007 0.8178506564631453 0.5375029825369986 0.3083593825390264
29 0.5900010795749705 0.25633450098355415 0.03169088241536144 0.13633872379102868
29 0.380392263269094 0.31510193443083406 0.025926695745273953 0.0457780582387097
13 0.2427970749391815 0.4125125253809702 0.1708761022629363 0.1810321557722173
6 0.05283768330133994 0.5063807564588572 0.10273009026088376 0.12334959819339669