6 0.16775031038186344 0.5152777777777777 0.06066782630251692 0.07916666666666666
24 0.4752277854651713 0.7368055555555556 0.3997282880465599 0.5263888888888889
19 0.5874249555432993 0.5694444444444444 0.04498932237357565 0.10694444444444444
19 0.04886547353312192 0.4756944444444444 0.025492305624352507 0.04861111111111111
30 0.4605745881940397 0.4909722222222222 0.04927656203449331 0.09166666666666666
30 0.5096563472925222 0.5111111111111111 0.055817660462916766 0.10277777777777777
30 0.4058421425777925 0.4777777777777778 0.0440261358558109 0.1
20 0.2591512331483331 0.4111111111111111 0.024843796318727664 0.20277777777777778
20 0.16655706854933258 0.35208333333333336 0.028788587675056477 0.2638888888888889
20 0.6271370997737217 0.44027777777777777 0.028752200371503632 0.2625
16 0.3122087857747576 0.5180555555555556 0.03612159057054054 0.06666666666666667
29 0.03840429745688338 0.34930555555555554 0.07680859491376676 0.24027777777777778
29 0.2600245284336034 0.37777777777777777 0.07528259801413864 0.2791666666666667
31 0.8108987849484427 0.8215277777777777 0.3260467313887503 0.30833333333333335