0 0.9000529714083683 0.6257335918580413 0.019113675911805572 0.029136007029924825
0 0.9474458829775003 0.632031944507143 0.029451763867708536 0.043760603430393355
25 0.26463338297750033 0.6814941264394968 0.5186474293302781 0.6259006360098952
30 0.5527850601720316 0.44166327658846505 0.03128702080156245 0.06470712253473891
20 0.7374399493725349 0.28311353793116883 0.10062412794350735 0.5662270758623377
20 0.19690619495567727 0.3464948168321597 0.03873780452090285 0.2164921616221706
20 0.6513121727292189 0.3219193872436809 0.05867040444465292 0.3677937979888115
9 0.8131611487450698 0.5889315501509126 0.01689721248093754 0.038688450595628546
29 0.6931642523263717 0.38283714964349824 0.08201567904593751 0.2432158814361186
29 0.936329431420764 0.38853661249192045 0.12734113715847215 0.4441732341017453
29 0.04972239703583351 0.3634125757500644 0.05200021751493063 0.15639972245016986