18 0.1090850308111797 0.5011000656614505 0.06934089947960165 0.20948414212337715
18 0.777328177011421 0.8937410023231501 0.07642970318850324 0.07960760153016129
19 0.17769172828970264 0.49197086050134803 0.03883452792830413 0.1798633237335349
19 0.09951527900215743 0.41542546416898635 0.0471792944366475 0.19840388997647582
31 0.21129876639477208 0.38413575471508116 0.4135899457252715 0.5122840461253932
30 0.4875099239592033 0.3815982107837104 0.037490033921197964 0.08134921475990085
30 0.46065915790311546 0.3867437198774122 0.09316350180902226 0.09173723508478165
30 0.5392754808338939 0.39856027967022506 0.043207767412854634 0.0636816677542536
20 0.4590961182719372 0.2403603978695 0.050800018656050126 0.480720795739
20 0.6851999338530551 0.28585530059544456 0.05633736770611027 0.5717106011908891
20 0.7671271638960093 0.29329797258695545 0.07331682779201856 0.5865959451739109
20 0.5766332996943723 0.23697303779885476 0.04545409938874449 0.4739460755977095
9 0.627908612900641 0.5377666086909073 0.020302533921197963 0.08028219124765315
17 0.5830315431356515 0.6748257032648438 0.24914566542211816 0.5949603729709015
29 0.8636242873699004 0.3173124039803561 0.2727514252601992 0.5532319883758152