18 0.04375 0.5673611111111111 0.0359375 0.05138888888888889
30 0.0625 0.5284722222222222 0.125 0.20416666666666666
30 0.7 0.4701388888888889 0.0421875 0.07361111111111111
30 0.668359375 0.47708333333333336 0.01796875 0.04583333333333333
30 0.73984375 0.4486111111111111 0.0296875 0.030555555555555555
20 0.5171875 0.41875 0.0078125 0.15416666666666667
20 0.828515625 0.3888888888888889 0.01015625 0.21388888888888888
17 0.49921875 0.74375 0.996875 0.5041666666666667
20 0.334765625 0.35 0.03203125 0.2972222222222222
30 0.5703125 0.48333333333333334 0.0234375 0.05277777777777778
29 0.516015625 0.38472222222222224 0.04609375 0.2222222222222222