8 0.2423937847882142 0.6170963125988987 0.4847875695764284 0.5314148474200198
18 0.2041438301641457 0.40698623505594617 0.030042024004105095 0.10864038546224479
19 0.6205995562582365 0.6349122366101826 0.08070107503737738 0.3105464147787741
30 0.5082293543155446 0.4747168527106227 0.022801695745273777 0.0446787737007191
20 0.9648699793155446 0.479439799272433 0.06949645120622279 0.7062504630051976
20 0.6620835951912604 0.3728324132076404 0.0810737797596417 0.42443530366766313
20 0.18328415691044586 0.33524028866025757 0.0412976865718917 0.20597573215301346
20 0.0611867035534188 0.28258682981940414 0.04306471965118312 0.2684918927913772
20 0.22697052439688856 0.35513723097888744 0.034956782981095544 0.17813331182178066
20 0.07872392193756053 0.2952686370009965 0.043010177496705417 0.25182522612471053
20 0.26794524278103027 0.36806144773593624 0.030151108313060514 0.14197371879557813
24 0.4228579896086743 0.6770833333333334 0.8457159792173486 0.6458333333333334
29 0.12230347770481771 0.3478044682085152 0.044140885440423536 0.11989694231862984
29 0.0392094370137731 0.3136105808823114 0.07649029800821018 0.2174504576273093