24 0.6833590917561706 0.6728708628668918 0.2512537200355311 0.5102031998639117
18 0.5742563294316987 0.47756334597592254 0.07046963025772471 0.06331350725787246
19 0.3674336589769688 0.6324267583959099 0.0948189343053107 0.3339464022979456
31 0.9222302040930146 0.34386343331146274 0.1555395918139709 0.36038243129638525
30 0.2894669106166489 0.5239424900728561 0.1256827527135335 0.13799515680562233
30 0.5703960060486646 0.4395669766307496 0.04300304952503016 0.057166089598491336
30 0.5684871466524969 0.41465186595900877 0.05080890547249552 0.11039661046031818
30 0.42651653126343525 0.498704364446 0.060149605947465365 0.057022244190737106
20 0.4669434574281457 0.435926126406447 0.01783263116223601 0.10246415371350522
15 0.1178746540021574 0.41319329379000636 0.07754954715018095 0.329923581039033
16 0.35128689817860576 0.6955339503181064 0.16172647331489137 0.27642657622248457
29 0.8370744937241927 0.25122038465703384 0.24602398744838538 0.5024407693140677
29 0.46448019872171836 0.4054837566219038 0.059065140773174464 0.17890490909992265
29 0.9214367873699004 0.01981005877647071 0.0991235747398008 0.03962011755294142