4 0.90390625 0.6152777777777778 0.1359375 0.19444444444444445
30 0.481640625 0.5791666666666667 0.19296875 0.4527777777777778
12 0.076953125 0.08402777777777778 0.15390625 0.16805555555555557
30 0.633203125 0.50625 0.13203125 0.19583333333333333
19 0.884765625 0.5826388888888889 0.06640625 0.3125
30 0.36875 0.4513888888888889 0.103125 0.19444444444444445
30 0.287109375 0.41805555555555557 0.07421875 0.1527777777777778
20 0.612890625 0.20833333333333334 0.02421875 0.4166666666666667
20 0.70390625 0.26458333333333334 0.025 0.5291666666666667
20 0.958984375 0.5763888888888888 0.05234375 0.49166666666666664
24 0.72890625 0.8555555555555555 0.5375 0.28055555555555556
29 0.5890625 0.28680555555555554 0.03125 0.13472222222222222
29 0.379296875 0.3347222222222222 0.02578125 0.044444444444444446
13 0.24140625 0.425 0.1703125 0.17222222222222222
6 0.051171875 0.5090277777777777 0.10234375 0.11805555555555555