6 0.9263420612641322 0.685763600580387 0.05715918977951375 0.07410201929921938
6 0.8779435416968406 0.8824717321905461 0.23592258225631965 0.2350565356189078
30 0.6650395789315627 0.5170647831944806 0.09774912860909737 0.19400311294836853
30 0.5157474405388196 0.4394961828832692 0.07124052678548623 0.1363128355843745
30 0.5824809988594446 0.4699947087534895 0.03904496941479163 0.06150307177616633
30 0.5324806722542537 0.4360258753746256 0.046749019851631955 0.11347415752190197
30 0.5698173446991321 0.45645969211909515 0.02799836664125017 0.05226409888773781
20 0.824622386160087 0.42691840014008653 0.0480777433504862 0.334178113775936
20 0.2531094290459376 0.25820033268788833 0.04440788269315989 0.3519102266332433
20 0.947541974590955 0.4273846229126843 0.06644784327423636 0.4855365731085786
29 0.09602330105397579 0.2112025027103555 0.10463621466513903 0.30278926605924944
29 0.3923177260158508 0.3106547706979236 0.0836879350298613 0.31215378659982
29 0.22165973389963556 0.2701637801654108 0.09646134517409735 0.39367967025012024
29 0.17271341422829872 0.2570929686595298 0.11117780860496547 0.38518653028124145
13 0.894165667504601 0.7018290261849265 0.17501949021635427 0.13519418913555575