30 0.5073533326375692 0.410277407227957 0.04613077080156245 0.06625193529967975
30 0.3680099636214929 0.3538334445395139 0.05741376291777787 0.09354646374366374
30 0.4381581562507984 0.4201690096536178 0.07294784393982638 0.08789579009221218
20 0.63547120037092 0.24969156621886335 0.09624509925815997 0.4993831324377267
20 0.43586182537092 0.24753029574658875 0.07853026918604193 0.4950605914931775
20 0.5876603881084026 0.25025094090852557 0.07791267334635439 0.5005018818170511
20 0.5321007191304512 0.248679217355895 0.06570230765503489 0.42859212866413426
9 0.5625668562889233 0.48478649903984883 0.018714285619201475 0.05843228085638638
17 0.40855542277767354 0.6476918626999543 0.8171108455553471 0.7037106350449963
29 0.7638861612847915 0.2780454879212349 0.2579625428373962 0.4500610649735039
29 0.9109615096414757 0.2207774978480364 0.14317138459302114 0.2657459152639542
18 0.5810781807099128 0.7100908975328167 0.04940124116628475 0.07762180056938948