18 0.5228373489500253 0.5728304991088414 0.02657242368379755 0.04294726545348529
18 0.5347421100662846 0.5611599821702515 0.05058284255827132 0.074540739098068
31 0.20836560462398895 0.3653214646669643 0.41154765752654665 0.549912626221627
30 0.44521704663803074 0.38741938553372124 0.15308533838192026 0.29167777284975943
20 0.8145176455032381 0.4067346684633686 0.1426587921876024 0.8134693369267372
20 0.9730617605256962 0.4257572928713065 0.0538764789486077 0.8169354478581093
20 0.6910813735447966 0.2530729385625235 0.07630956197305032 0.506145877125047
20 0.6628063233633867 0.24703512216778006 0.06822424346139613 0.4940702443355601
17 0.44311017077339054 0.6388418720715404 0.8718155241314353 0.722316255856919
29 0.8937376367916403 0.4049967079273803 0.14660470380568213 0.5571310360274682
13 0.19763768034962836 0.3970499769285125 0.3840898017214313 0.30312226836519723
25 0.9265327951828273 0.6597638752257352 0.10888641587924894 0.10552686297692747