8 0.484765625 0.7444444444444445 0.17578125 0.5027777777777778
31 0.749609375 0.5055555555555555 0.13203125 0.1388888888888889
30 0.896484375 0.4708333333333333 0.20390625 0.9388888888888889
30 0.292578125 0.48680555555555555 0.03828125 0.0375
30 0.671484375 0.4861111111111111 0.03203125 0.06111111111111111
30 0.5921875 0.475 0.025 0.04722222222222222
30 0.426171875 0.4861111111111111 0.01953125 0.03333333333333333
30 0.474609375 0.4875 0.03203125 0.030555555555555555
20 0.025 0.35694444444444445 0.0375 0.3
20 0.18515625 0.3819444444444444 0.0265625 0.2638888888888889
20 0.243359375 0.4041666666666667 0.02109375 0.19166666666666668
20 0.3515625 0.43194444444444446 0.015625 0.1361111111111111
20 0.31015625 0.41944444444444445 0.01875 0.15555555555555556
20 0.686328125 0.24583333333333332 0.04609375 0.4166666666666667
24 0.70625 0.7451388888888889 0.5828125 0.5041666666666667
25 0.278125 0.7486111111111111 0.5546875 0.49722222222222223