0 0.3828125 0.5381944444444444 0.0203125 0.04027777777777778
0 0.230078125 0.5583333333333333 0.03984375 0.06388888888888888
0 0.041015625 0.5104166666666666 0.03359375 0.06527777777777778
0 0.04921875 0.5493055555555556 0.0328125 0.05694444444444444
0 0.150390625 0.5548611111111111 0.04296875 0.059722222222222225
30 0.026953125 0.37777777777777777 0.05390625 0.03333333333333333
30 0.10234375 0.375 0.2046875 0.07222222222222222
30 0.032421875 0.36666666666666664 0.06484375 0.05555555555555555
20 0.75390625 0.2875 0.0234375 0.575
20 0.556640625 0.29583333333333334 0.02109375 0.4222222222222222
20 0.854296875 0.23958333333333334 0.01953125 0.4791666666666667
9 0.02890625 0.5201388888888889 0.0578125 0.04583333333333333
24 0.508203125 0.4979166666666667 0.14296875 0.23194444444444445
16 0.42890625 0.46805555555555556 0.015625 0.03333333333333333
18 0.740234375 0.80625 0.39765625 0.3875