28 0.22577667752732616 0.4132718446849319 0.024891550436840326 0.05188988563547446
30 0.4572903425633852 0.38834924492541933 0.09509625408406244 0.1644231810594737
12 0.08299172511437489 0.48850004738666764 0.16598345022874977 0.08411101633777586
30 0.8639030386596179 0.4417267423085753 0.06153821846486096 0.10679996682933267
30 0.6117323613229165 0.40389933022142105 0.0897905050339931 0.11710399172500906
30 0.5503678687317359 0.40794576105103647 0.04954671153100705 0.08572421571539338
30 0.6881766666515796 0.41134331183257333 0.06747909393982639 0.08331814520121143
30 0.6712615969802428 0.4207185550958863 0.03831827080156245 0.063275736897939
30 0.6238417363229164 0.40364883184812816 0.19683993882958326 0.1207069630100989
20 0.12176328438493042 0.2462767928778591 0.07366093123013914 0.4925535857557182
20 0.37638648788998247 0.30393505827854966 0.03743053086954875 0.29375048652662594
20 0.2231075788378471 0.2592021451305076 0.052675630793298824 0.44402522667797933
20 0.8187921934370659 0.27812116069035253 0.033524934079930804 0.3533757416366058
20 0.4998054774892012 0.3326235103968137 0.02516561379145834 0.19213534104250476
17 0.6835333197197915 0.5273801787962905 0.25301785685760425 0.17602107383830023