30 0.522571284447922 0.4493052194375442 0.022504331555913738 0.043273724173466296
20 0.7086557567182641 0.2678343996756347 0.08737598656347174 0.5215605620597028
20 0.1574846107421639 0.4052377719634635 0.03770366830291198 0.22114846578142675
20 0.6127443817535576 0.33283698359603103 0.050673376138950135 0.3309676518338316
20 0.024118373896343547 0.3969115929389172 0.04214053932136453 0.2850615956278614
20 0.2111860989034023 0.4120453139870134 0.03196960779368574 0.18915553942189106
20 0.2605224581183867 0.4208917475883963 0.026925792022787574 0.15439291560375937
20 0.2963917041721328 0.4233467756040963 0.023671989406069117 0.12659089686843603
20 0.5852490778214212 0.3610344749660693 0.03668719987294313 0.23779897180972967
17 0.2006724395966545 0.7298651512707021 0.401344879193309 0.540269697458596
24 0.562367137226991 0.7203332795544515 0.8465080628577134 0.559333440891097
29 0.620530642312195 0.39335465425247124 0.06286329202278758 0.154764610286126
29 0.015606830346376452 0.42660301734720874 0.031213660692752904 0.23098381247219524
13 0.2418586994622892 0.7067442884856872 0.4837173989245784 0.5148774658602632
25 0.37664871608148165 0.549913894520184 0.1342454683593818 0.11662719108115217