18 0.38515625 0.8055555555555556 0.04375 0.07222222222222222
18 0.504296875 0.5854166666666667 0.01640625 0.02638888888888889
30 0.253515625 0.5034722222222222 0.26328125 0.35138888888888886
30 0.4375 0.4701388888888889 0.0796875 0.14027777777777778
30 0.39296875 0.45208333333333334 0.03125 0.11805555555555555
20 0.683984375 0.29930555555555555 0.02109375 0.5986111111111111
20 0.604296875 0.29305555555555557 0.08828125 0.5861111111111111
20 0.59375 0.29305555555555557 0.0375 0.5861111111111111
24 0.483203125 0.7479166666666667 0.47734375 0.5013888888888889
29 0.869140625 0.5520833333333334 0.03984375 0.1986111111111111
29 0.939453125 0.6159722222222223 0.10546875 0.18194444444444444