26 0.5658484951187213 0.43806534532140784 0.009456813231716588 0.02519393422448483
30 0.5650217933233233 0.4241602952471453 0.032231237899751616 0.06177371971143404
20 0.08452603268650795 0.5253241967607263 0.0728476684215191 0.2987090512766053
20 0.17585046945479138 0.5022150554494527 0.0570135901626879 0.23449693868024185
20 0.25157717730031365 0.4871160237640376 0.045912463699254766 0.18427068208500955
20 0.6769013763161393 0.23690417260762883 0.11161525263227859 0.4481120604710291
20 0.6301854576000328 0.2845456125963163 0.06975448467829785 0.30836662875733256
20 0.5983087437043861 0.3311052262182156 0.04756586729005079 0.21208078223353485
20 0.30234251917192434 0.48330538970221887 0.037999969749379046 0.1535535146757168
24 0.740862651538188 0.6790612276150881 0.4927294181269314 0.6418775447698237
9 0.7553016201187213 0.4419844327745371 0.012581813231716588 0.025258578965979772
9 0.7537527556573408 0.4461187770704563 0.01886817466803503 0.036498979560080615
29 0.89407524077752 0.23723031547485876 0.20214025868240312 0.4194312024188261
29 0.6724729515499084 0.3159738721620532 0.08115961729005097 0.2127757132046052
29 0.11239449048293229 0.5668701410637159 0.05592781313352067 0.14142522193931262
25 0.28301405054229295 0.7779797925949493 0.5233294574527388 0.44404041481010126