6 0.19808206948034598 0.5332228600087856 0.08803084698068138 0.11060297701304746
19 0.05730511600621595 0.4659475182594791 0.03474318114108117 0.1336565461006087
30 0.6193556019453347 0.581629185109165 0.07302443114108108 0.1340524817405209
30 0.49700116273922834 0.5266599156994933 0.059942234284234175 0.11170097441138864
30 0.5446199484092874 0.5574089359102167 0.02144050641014079 0.043265643854284504
30 0.5394422968377108 0.5463543870333787 0.036012428659881836 0.06285553404400288
20 0.7570214988640988 0.5142509873492952 0.04357883374611511 0.29203836134903316
20 0.2728509371391918 0.3922097731854565 0.04419741790651486 0.3156494724601444
20 0.36947870730062754 0.44536235979479694 0.02920381058675119 0.19052826767241618
20 0.8585037429706865 0.4715459996677566 0.06664180624352482 0.4866686531346611
15 0.07658919406606123 0.2671833440891097 0.11244661186787755 0.5343666881782194
29 0.9236888642488875 0.5770930118989328 0.037684090570540715 0.06703836134903314
29 0.3774924144965566 0.40778963692215997 0.08469398531769165 0.28135550715456187
29 0.14505449989755612 0.35118191473935606 0.09248721463952717 0.25088883511000704
21 0.7741307812266436 0.9195196915738939 0.16784677956950453 0.1461413114726396