0 0.291015625 0.5180555555555556 0.03359375 0.05555555555555555
0 0.222265625 0.5118055555555555 0.04140625 0.05416666666666667
0 0.169140625 0.5152777777777777 0.04296875 0.058333333333333334
0 0.112109375 0.4826388888888889 0.03984375 0.04027777777777778
0 0.126171875 0.4756944444444444 0.03515625 0.05138888888888889
18 0.6875 0.6951388888888889 0.2328125 0.2708333333333333
18 0.02890625 0.6319444444444444 0.0578125 0.05277777777777778
12 0.373828125 0.4465277777777778 0.23046875 0.14027777777777778
30 0.048046875 0.34305555555555556 0.08203125 0.06388888888888888
20 0.7578125 0.2673611111111111 0.01875 0.5347222222222222
20 0.978515625 0.21388888888888888 0.02578125 0.42777777777777776
9 0.4921875 0.48680555555555555 0.0125 0.02361111111111111
16 0.471484375 0.43125 0.01328125 0.029166666666666667