6 0.18125 0.5354166666666667 0.0703125 0.09027777777777778
18 0.898828125 0.5701388888888889 0.19921875 0.5819444444444445
30 0.618359375 0.5277777777777778 0.07421875 0.14166666666666666
30 0.5328125 0.5652777777777778 0.1125 0.2638888888888889
31 0.041015625 0.43819444444444444 0.08203125 0.46805555555555556
30 0.36328125 0.49166666666666664 0.190625 0.28055555555555556
20 0.69140625 0.24166666666666667 0.0234375 0.48333333333333334
20 0.855859375 0.3055555555555556 0.04140625 0.6111111111111112
20 0.6171875 0.2326388888888889 0.0171875 0.4625
24 0.75859375 0.8298611111111112 0.4796875 0.3347222222222222
30 0.72421875 0.5555555555555556 0.13125 0.1527777777777778