18 0.34524477549319776 0.9341323148874778 0.09248593034206731 0.11992521978809616
18 0.49730536465705766 0.6402729332854474 0.02517375494291585 0.04291945538249169
18 0.2987935632879137 0.8991292924542096 0.07142401384016442 0.1202229701180411
18 0.28504939826888565 0.9122907556371356 0.04266234387822045 0.09099034092833733
30 0.41068146790822785 0.45267607706438706 0.12778144319364843 0.22995587976867632
30 0.14538475520865218 0.402190876982807 0.285994485702725 0.5960484206322807
30 0.57634559513254 0.4799733291094511 0.02367492193911023 0.04561640808182909
20 0.8228080889538951 0.4407007707089088 0.10186617790779025 0.8015463639187795
20 0.5064144498665849 0.30572513621201414 0.06126639973316976 0.5622277996538722
20 0.6217688651327589 0.2999006364610424 0.03491214676742036 0.5358941858596069
20 0.980859375 0.45698794299091217 0.03828125 0.8144802144217879
24 0.5050097532500764 0.7298813173807213 0.9873832307598092 0.5402373652385576
29 0.7724015472048466 0.4373997174847639 0.03668425790866543 0.06848523093157392
29 0.6680788031363456 0.48194402469004227 0.077465766805914 0.14550585789258183
13 0.8899882952276801 0.9009713191394386 0.22002340954463975 0.19805736172112284