6 0.283984375 0.5493055555555556 0.05234375 0.059722222222222225
19 0.183984375 0.5645833333333333 0.04765625 0.13472222222222222
19 0.1046875 0.5361111111111111 0.025 0.07777777777777778
30 0.515625 0.49444444444444446 0.0453125 0.06944444444444445
30 0.476953125 0.4909722222222222 0.03515625 0.09027777777777778
30 0.571875 0.5055555555555555 0.040625 0.08611111111111111
20 0.684765625 0.4236111111111111 0.01015625 0.25277777777777777
17 0.49908593749999997 0.7782222222222223 0.99609375 0.4435416666666668
20 0.091796875 0.3548611111111111 0.04765625 0.43472222222222223
16 0.1796875 0.5979166666666667 0.06875 0.1375
29 0.327734375 0.4215277777777778 0.05234375 0.26805555555555555
29 0.044140625 0.39166666666666666 0.08828125 0.3277777777777778
29 0.128125 0.4236111111111111 0.0609375 0.20833333333333334