6 0.23054309824456923 0.5534722222222223 0.0939833322115959 0.10972222222222222
23 0.37634015729705583 0.6069444444444444 0.16100935932948462 0.24305555555555555
30 0.7005582499667465 0.41597222222222224 0.07332149122451134 0.1361111111111111
30 0.5644957236735342 0.4083333333333333 0.06123902837152997 0.11388888888888889
30 0.627776973673534 0.4083333333333333 0.027335389812585476 0.04722222222222222
30 0.6067059557268455 0.4097222222222222 0.029815532132453627 0.05555555555555555
20 0.8325577503957113 0.2708333333333333 0.03133623119538172 0.2916666666666667
20 0.425873492873864 0.3875 0.02319111058312586 0.22361111111111112
20 0.9353914137963713 0.22916666666666666 0.04734532759274259 0.4583333333333333
29 0.18546862747402898 0.3770833333333333 0.0798275554894186 0.24722222222222223
29 0.4291659774344579 0.35 0.07129364146193815 0.2986111111111111
25 0.9399329870346229 0.8152777777777778 0.12013402593075426 0.2722222222222222