30 0.4504631416597939 0.47533529825434157 0.24640495321956307 0.4708844173064035
19 0.6006468296710599 0.6196842901628641 0.12401547618081672 0.3804355203774155
19 0.798987389779332 0.5369292783523899 0.11838760180763722 0.37020377807883054
30 0.865005363288264 0.4002427237513706 0.16811716567683313 0.2153583908732246
30 0.6768976095273402 0.44096122015901507 0.0578639757851052 0.1038518890394152
30 0.5941945897001898 0.46376479169562085 0.10683868487716293 0.18884754811756183
30 0.5430029884861197 0.5054521287479511 0.05235577335696497 0.19625234735393285
17 0.507996188011266 0.6311014699230872 0.984007623977468 0.7377970601538255
20 0.19406838915251146 0.49027674355417405 0.14164690855069706 0.5998012704150472
30 0.37074220091013627 0.6565085974154493 0.20700983260730724 0.3992622212163078
13 0.898094170691398 0.503627392830067 0.20381165861720413 0.3707506517906792