8 0.4773708787443679 0.7054363977564092 0.21922347977122597 0.5447972276601573
31 0.768568234466996 0.524627244307611 0.17604518825073256 0.19261467956692305
30 0.8892362549429158 0.48652095151094843 0.2215274901141683 0.9305379723258886
30 0.2935735516534709 0.4178107787145772 0.04720792243340188 0.051472674166684995
30 0.6750351045240801 0.4887079542864612 0.03990475840295708 0.07320988570152168
30 0.5965844758168932 0.4622838106259458 0.029334672927693362 0.05452381625236519
20 0.19208003583614008 0.2905885800422997 0.053991116121341956 0.2793474540819397
20 0.6683215422619307 0.31526659691593495 0.07319871395389513 0.40258819874767127
20 0.25000262378286153 0.32593689091327527 0.04042602323170463 0.19806438249530614
20 0.03462036290844663 0.24751101601222963 0.05587195110231391 0.2933333451083057
20 0.7047637430985083 0.24971985063767138 0.08880646790822784 0.4368430523870368
20 0.31709329399195124 0.3516754111816106 0.033316518783080264 0.16017637394539783
25 0.2880868735543063 0.6733751553223971 0.5587289901513492 0.6532496893552058