8 0.4722126246117706 0.7321597939876546 0.2898485391801902 0.5356804120246907
19 0.81250515369214 0.5100566160037049 0.0685742367046462 0.2594336040185804
30 0.8494748971856374 0.37635326696598886 0.2995057182887944 0.25928009912030914
30 0.8861219051134388 0.3161478854223778 0.12473396046687384 0.11612175700709891
20 0.17409510107542156 0.45590021208962983 0.053184455134614964 0.2421527291453087
20 0.724623327503779 0.26854867991836523 0.11174665500755801 0.481753967746852
20 0.7405251959266892 0.2657391560243221 0.0701128918533783 0.4730962056734569
20 0.261534552404957 0.4338586901370991 0.04271739199455275 0.2084314748393827
24 0.6683964433311469 0.6747956824543521 0.6632071133377062 0.6504086350912958
2 0.6482382563653284 0.4255872014487047 0.13209070513461504 0.24541773066462977
29 0.04053529579257359 0.4871294036641667 0.058501286690528606 0.2853699184394445
25 0.31469974435009873 0.7229651567882407 0.595499299703534 0.5540696864235185