6 0.21167304591334607 0.657275746455154 0.08516817885919252 0.10620441303567911
19 0.06403271266239463 0.6626910573290431 0.03114918231923358 0.1331082073622222
30 0.6309834379664058 0.49631175329635707 0.0693667653230392 0.131914440222531
30 0.5031853959702114 0.5043749543257091 0.057138679353484004 0.109207316784568
30 0.5541821867306769 0.5098964412391968 0.02048625494291585 0.04247483535956794
30 0.5477325627192601 0.5018378852614498 0.03421317391627667 0.06246883451518512
20 0.7553646612932506 0.3648960551376223 0.03406061809850822 0.29418699172561735
20 0.2639623991831067 0.48721593254120327 0.033820537566160616 0.31776577608901246
20 0.3661469816926207 0.48992557303484513 0.023111189239315787 0.19105361972296306
20 0.8483539631752766 0.27501887791759133 0.051049141330212676 0.4905375530224075
15 0.05272844538077961 0.4577982001016666 0.09538673174839234 0.5520377463690125
29 0.9279645380232712 0.34318467393289986 0.035839340912470874 0.0653112657883951
29 0.3686167363883908 0.45027758620607966 0.07664736612134196 0.27929829618333346
29 0.1330798137078432 0.5106700549653393 0.08532202916320367 0.2491306616003704
21 0.8396050683850227 0.7929451264822825 0.16410094517081503 0.24684010756413607