13 0.689106882713933 0.7441852843382406 0.569725713472111 0.5030642929907231
4 0.5281984306026126 0.5042074043805875 0.1026125312495882 0.10799488593808917
30 0.7290225679809957 0.5375433888579194 0.08557503571381489 0.1230948966938655
20 0.42123032041498015 0.2626400165700906 0.10128935917003971 0.5252800331401812
20 0.06468119866139099 0.17500761731398443 0.0278852666390915 0.13499695307440626
20 0.22061271164868215 0.24560973554023924 0.02633640340856669 0.13636968132493132
20 0.6914552713084845 0.4254433646574226 0.05361769805083547 0.28941410963571124
20 0.291384020496058 0.23793402220983445 0.018759682629559828 0.08074140289673887
20 0.9157538648553778 0.37521168654514664 0.027557984171687623 0.10166361974107284
20 0.09771386404295138 0.19202531485986557 0.026227309252765306 0.1252585702138202
20 0.16179000081242653 0.1899738397980623 0.016334112012708867 0.07238382860585992
20 0.7947780044658745 0.40423787363652525 0.04339721834337471 0.20320603469441748
20 0.037446542817192355 0.16417931737423921 0.024555715096963936 0.11413129846434537
29 0.8588833918442577 0.4389879139706866 0.24091887499835246 0.4302261144898881
29 0.6109953167631798 0.46516048626245443 0.0806653932622968 0.17998277890403674
13 0.11884457021146158 0.4070930043389144 0.23768914042292316 0.38025843576661567
13 0.30999103713679715 0.5307673689878882 0.18495347280760174 0.21994635024411607