4 0.4516848254848197 0.5509858714985796 0.03500229139585791 0.06531126578839519
18 0.5668547680571308 0.7386596041908634 0.03479773985373029 0.044477932455061854
12 0.5487118070190042 0.5226556358523757 0.15457445170428344 0.07442392485561761
30 0.39039958786320283 0.5180906911537649 0.10345801095704861 0.19725803275864218
30 0.06637086546099061 0.4314578013343518 0.10923467816533299 0.06977119571030875
30 0.06314161261996919 0.46076993836574065 0.11840117248329014 0.12846012326851874
20 0.969140625 0.4798933435520672 0.06171875 0.9597866871041344
20 0.7669018122956576 0.3532654878440118 0.036928624591315184 0.7065309756880236
24 0.41155647767557035 0.7624537380974685 0.38871149269310407 0.45757142654296357
13 0.17367771509531632 0.5347002525338578 0.33881881249917617 0.22782171715450658
25 0.9080701032844782 0.7050883709945048 0.10568298417168762 0.10572067308283976