26 0.5770483737131052 0.41773129185397956 0.010542694906292737 0.023926272005648425
30 0.5752585531799919 0.4038908892565579 0.029011550079142266 0.05503941991307752
25 0.3946229759497074 0.6380844938719181 0.26568849914207016 0.298374988452812
30 0.2687747040442393 0.5662568311719886 0.03978992570596294 0.045656601731126206
20 0.16771348347155476 0.5283998531765385 0.06826792986259797 0.25893238239460253
20 0.6586769753561403 0.22343424387521343 0.10029683135366607 0.4029091774880363
20 0.8369808259433897 0.19481075000475986 0.10989915188677948 0.38962150000951973
20 0.6279229004352824 0.2785827579440924 0.06771400039571134 0.27279702813775786
17 0.228700110747728 0.7682967702046497 0.4128339352728744 0.4625821926357569
24 0.6900501700645774 0.6105983546259783 0.6198996598708453 0.7554813845522859
29 0.844914172142895 0.2120966980621858 0.1638675863682309 0.32714358080615025
29 0.6712667293149197 0.30016605159540904 0.0852137374635877 0.19698997474647614