30 0.7272828801791672 0.40657282677822093 0.11933032468974858 0.2371615990748473
30 0.5705638672470433 0.3446688657745059 0.0700600989046432 0.13411038444114529
30 0.6311520262599588 0.3654530338234029 0.0400399782923877 0.06336165133910011
30 0.6821647768867795 0.35096315945807066 0.02565922954602886 0.042607012412579574
30 0.6196647768867795 0.35678624604507525 0.035307014185764984 0.060147142067296974
20 0.9015679947543258 0.27488122368332396 0.05413488519373218 0.4002734368559243
20 0.4656915049813114 0.2953219694476233 0.02836434389007838 0.20788479019035735
20 0.2833431804894186 0.22120030403654553 0.04685358260730723 0.3843405618371085
17 0.5024777938109362 0.6048041961928523 0.9950444123781278 0.7903916076142955
29 0.11752913812997945 0.2011784225342722 0.1065862837818063 0.3164069601483269
29 0.25758583679719593 0.15335425549128967 0.07741560932948462 0.24989768229528594
29 0.2012551003561403 0.22537088295976682 0.11955529671392995 0.3938876777722791
13 0.9519577039619381 0.5640819372872267 0.0960845920761237 0.11911194934376712