9 0.9505542664313278 0.6180248679770941 0.05041915145127902 0.06263842929233018
19 0.5288466913386607 0.44372526082905855 0.032869552902557685 0.12316770490583401
17 0.7545361555428121 0.6997558557092137 0.47179567676384015 0.5670812337606227
30 0.2970535435155789 0.35930729473674894 0.19940477767481415 0.21439411976674227
30 0.5727244215108038 0.41599087735195295 0.03269593811176765 0.07458083694045649
30 0.5981832511387173 0.4117307528933875 0.02355655108845909 0.046536384559608894
20 0.8738491838505984 0.2699244401261486 0.04893853012188494 0.5039899350644595
20 0.9586048851668011 0.3075475934460933 0.06411958601966745 0.5613707561321095
20 0.1801599539949414 0.20886195094019536 0.04879714246560414 0.25830206060552807
20 0.40389506515753426 0.30602234848984133 0.023958344372369923 0.1464878982681415
28 0.18464902999465788 0.3579371966112813 0.02029514183263199 0.039494967532229766