18 0.39964034097584095 0.458771392015092 0.11479167549789597 0.12132171833777805
24 0.5650049022311011 0.7433585009319436 0.22085817014041834 0.4740383264088273
18 0.6184883000965918 0.5440835302297521 0.06825149219545175 0.056946766970246976
30 0.33322045005025824 0.46221361001540073 0.04659474700477517 0.06715272914530869
30 0.6294679674734533 0.481873890327746 0.04665923439090349 0.11017595795314826
30 0.44042407024093483 0.4688797933155549 0.031215283665263983 0.07900619419098784
30 0.6265922213757275 0.5090542039042275 0.04090774219545175 0.05581533080018535
30 0.4828744650687916 0.49349071108006104 0.03829117368379755 0.04182946166814819
30 0.4273474341246756 0.45901268136006107 0.06136657513507622 0.10384572171530869
20 0.1976599506832304 0.24994454230101823 0.0614980391075596 0.30923964353228406
20 0.8656894542690186 0.3583031404978999 0.09574160825218599 0.5424125043899384
20 0.8290240233712358 0.41671845196342466 0.044630486837974104 0.4042971349204322
29 0.5324082009573076 0.4158081716510795 0.0516021947351895 0.16311536946950614
13 0.7975359046357628 0.7281857379308629 0.3656795968194405 0.45505110148401273