24 0.640625 0.7631944444444444 0.2 0.44305555555555554
18 0.556640625 0.5340277777777778 0.06640625 0.04027777777777778
19 0.3359375 0.6131944444444445 0.0578125 0.31527777777777777
31 0.92578125 0.5298611111111111 0.1453125 0.3125
30 0.272265625 0.4798611111111111 0.11484375 0.09861111111111111
30 0.557421875 0.49583333333333335 0.03828125 0.044444444444444446
30 0.558203125 0.4708333333333333 0.03984375 0.09722222222222222
30 0.409375 0.5034722222222222 0.05625 0.0375
20 0.45625 0.45625 0.00625 0.10138888888888889
15 0.1171875 0.31180555555555556 0.040625 0.31805555555555554
16 0.312890625 0.6694444444444444 0.13515625 0.23055555555555557
29 0.85 0.3145833333333333 0.1765625 0.6291666666666667
29 0.457421875 0.42569444444444443 0.03984375 0.16527777777777777
29 0.959375 0.11736111111111111 0.0796875 0.1986111111111111