26 0.5621879822484612 0.4372862980443819 0.012370525214770644 0.04906368557913589
30 0.5616474106744495 0.3894504482470053 0.07559754353213641 0.1557195118199385
30 0.5643292150049488 0.29847822602478313 0.08564865219313518 0.3378579167506791
30 0.6643629748988007 0.3990722064373755 0.06183161465389251 0.08579016615975313
20 0.16279216983313227 0.35393457311814785 0.03212750452255575 0.21634456045240744
20 0.23990906914339175 0.34519483291256137 0.02678490728151779 0.19392837774388896
20 0.6674851925037115 0.22789547213962916 0.032217114992576866 0.4557909442792583
27 0.7768922913844298 0.3007802983832705 0.011879202283992108 0.03239701891246914
29 0.8862197037543302 0.24493031830956657 0.1461258067611194 0.4041713117182718
29 0.9520090176957681 0.09843380032336352 0.08816946460846395 0.19686760064672704
29 0.03368892526019918 0.34778619841290115 0.06737785052039837 0.29053871428530875
13 0.7348713480897784 0.48216076663703594 0.2120296884891822 0.15165447044802502
25 0.24862951153353205 0.7081953168707095 0.4972590230670641 0.5836093662585811