18 0.4167156117152461 0.8425540046412661 0.053442582541716986 0.09237901637932093
18 0.4295470219932108 0.6991595988661427 0.04094922659425162 0.03914866413351853
31 0.24606775554063823 0.4665783958952782 0.49213551108127646 0.45260123623500087
30 0.47179315496446905 0.5131789560087969 0.07132612336031982 0.11670131594018535
30 0.41801471873656465 0.5464135672046303 0.053770131162236015 0.1034901274904322
20 0.46542086386295267 0.35786527042966115 0.10197077227409465 0.6797831973990742
20 0.6305052922889409 0.3167210574095071 0.05930191542211816 0.5823011999322223
20 0.5422578021827927 0.4180585530195687 0.027023924694372425 0.25497483535956794
17 0.49355138653353203 0.718798490121574 0.9871027730670641 0.5624030197568519
30 0.09558972071492915 0.6528620784357718 0.1911794414298583 0.33627971242709914
29 0.7922373303940103 0.4290975567331493 0.04283595318850324 0.07668099088123467
29 0.6741540547269842 0.49443592358620475 0.08057164857509047 0.16563569452845697
29 0.5087066567734914 0.42849022179719215 0.021704581637205678 0.04806271766283948