18 0.4620623605620605 0.7593894409206167 0.05962043969514976 0.07868608122412897
12 0.8820981254909792 0.6312678481665452 0.2327675690854491 0.2394048174153459
31 0.23473608133299123 0.30554679337815305 0.46947216266598246 0.5749824756451949
24 0.3084775874813113 0.6548611111111111 0.6169551749626226 0.6902777777777778
30 0.47564411329253503 0.4296099024648778 0.10531018959695385 0.19677692098874186
20 0.7561742232163224 0.42827178614201306 0.08803282776785189 0.6456128953390169
20 0.572757735218375 0.3627073683217899 0.0385408461146163 0.32038360685500544
20 0.6631080122966402 0.3328925750944244 0.09543171642972936 0.5197090171375135
20 0.6631057397068703 0.3335870195388688 0.05556069535249044 0.5089021292985147
29 0.9083111675472612 0.5009239389904726 0.060528954722264314 0.11762347118175633
29 0.9633529311109428 0.5154543754476506 0.07073974687674181 0.13492065174202392
29 0.7320279356485359 0.5240147257677099 0.13433915944452862 0.2360714605320679