18 0.6042465164331595 0.4766360788551244 0.052435322188333446 0.06880023201592596
18 0.32542111369774285 0.5484772533754018 0.03993532218833344 0.0682830040524692
30 0.563585148841979 0.4777328657516675 0.04812968189572917 0.09777293819629639
30 0.19366164081602402 0.6118125231329633 0.04318760875746532 0.0781345332655557
30 0.2516653972749129 0.5697440946456485 0.07887118882958344 0.1198670146905556
30 0.36676404701836784 0.5251744076304944 0.04553135875746532 0.07823151350870382
30 0.39107371599631924 0.5192320923652475 0.022602351823611144 0.056460704491604945
20 0.6998701005893402 0.2777051840555566 0.12369729882131963 0.5020712343796297
20 0.6115609216855727 0.33589014386691446 0.06650043502986129 0.30814169537283964
29 0.762805858473125 0.3067125395094456 0.15183917619614604 0.3852440952372842
25 0.2866615857717013 0.7432495160418517 0.5733231715434026 0.5135009679162964