6 0.9110302958617323 0.41485308359603135 0.05854888555165907 0.07918787352745338
6 0.8942901477298191 0.7263627080996742 0.20269217207625304 0.4477079262518891
30 0.63857375608908 0.4145749074415909 0.10267676095704861 0.20035603778584582
30 0.48633425893010135 0.4327342578773162 0.07477390340856668 0.14143084234868708
30 0.5536854001638034 0.4209345793641762 0.04044376785690744 0.0639973482719234
30 0.5013211950095907 0.4192261893685992 0.04954207832748878 0.1160087589013797
30 0.5392800038569666 0.4150264998712019 0.029424447240056394 0.05487171454150446
20 0.7717397222003413 0.2289436233177312 0.0594819143656153 0.33324135442310776
20 0.21086181331325035 0.4211185990697402 0.056520555599317304 0.3496816495477499
20 0.8858976795866674 0.22748396237940333 0.08132964082666519 0.33204817743950144
29 0.056446402395093034 0.47316424506947785 0.11289280479018607 0.30936848574525266
29 0.349202451705931 0.385273910028238 0.09288474959296292 0.31623040405542674
29 0.18319759923058387 0.45177673696591464 0.10850579545304759 0.39647233554670974
29 0.13572742268845633 0.4691862007261273 0.1232677248361966 0.3892142670379929
13 0.8837089780859028 0.45040062904607003 0.1756097004864671 0.15428688013453273