26 0.574609375 0.4144181214992893 0.0078125 0.02532326747716051
30 0.575 0.40051306923654234 0.028125 0.05810820736222221
20 0.084765625 0.44163143676169736 0.0546875 0.2994850945623458
20 0.178515625 0.4308077825913269 0.04375 0.2379214089832099
20 0.70078125 0.22595760917101804 0.084375 0.4519152183420361
20 0.6484375 0.2683076882845669 0.053125 0.3133093299558025
20 0.30859375 0.4268142679854934 0.02890625 0.15119608966549392
20 0.256640625 0.4241028855974996 0.03515625 0.18478803698055563
20 0.61328125 0.30795683637623367 0.03515625 0.21673248142500007
17 0.505859375 0.650596208631635 0.98828125 0.6978377803052483
29 0.913671875 0.25386053521274554 0.17265625 0.4043664334674694
29 0.690234375 0.3047726517262027 0.0703125 0.2126316295166668
29 0.1140625 0.4869469615001233 0.0484375 0.1408931472472839
25 0.246875 0.7571458588328391 0.4828125 0.485255707866297