18 0.05156046174404304 0.4505213377443544 0.08274403349844602 0.12326489771093097
30 0.5510317688161376 0.4419866916597807 0.0608690334984459 0.12145361860074091
30 0.5652483763430436 0.43415565186552146 0.05127570967712849 0.11234402279161171
30 0.7069842661277959 0.5179571226850312 0.11018198283649223 0.2183904865352755
30 0.6127601541552198 0.4623425198000561 0.048585203266987696 0.06915909015675684
20 0.8734953699329028 0.41671675801122776 0.05293887117350238 0.38411342523628633
20 0.9884920925350112 0.42617841429177855 0.023015814929977552 0.4799124995862163
20 0.45056621515625583 0.3713035913940999 0.028750046318727664 0.2047184339672673
20 0.3994660377369737 0.34004784725336407 0.04412248924663302 0.25588282768096093
20 0.27002145946998607 0.26419349324286834 0.04447139970954979 0.3584665398397898
29 0.10701203722024506 0.23129383255129649 0.10644270678164429 0.31370631155141154
29 0.1867733888537389 0.2704662639448001 0.12257928308416126 0.3940373719317719
13 0.9361794315542387 0.7044983858022639 0.12764113689152268 0.12672764929576583