26 0.5720149180764754 0.5264532630703069 0.010465374525034755 0.024136474120973302
30 0.5745405060323783 0.5126856117990786 0.02803473423243048 0.05419221665048342
25 0.35185632712861087 0.5630140062161085 0.26299357532246537 0.2898058519099825
30 0.260270198803854 0.39288672373191136 0.03882676386770836 0.043646881088454534
20 0.1817013288378471 0.27346666068406705 0.0627390021842015 0.26001579742517666
20 0.7236602249722047 0.43839934353685467 0.09197386692559047 0.4058746807423268
20 0.9005493800824478 0.48229521216205345 0.10040592239642407 0.5728646477227547
20 0.655119012016302 0.44875213524397944 0.062139590140104416 0.2738642737748454
17 0.17382649197404507 0.6229817102134252 0.34765298394809013 0.6487411982046281
24 0.6449231283732115 0.7242163802231351 0.6785309223964239 0.5515672395537299
29 0.8641566319823089 0.5749210923415906 0.1588334053945836 0.32466834943225853
29 0.6872223439882811 0.504616128557893 0.08141561379145834 0.19574833312790296