26 0.5814353775654512 0.4443774294691931 0.013881315254479176 0.04693303850737733
30 0.5843337333309547 0.40182225273913313 0.0777996513105208 0.16044145501268284
30 0.5956355624531422 0.3134813017236876 0.10356467714607653 0.3401598889799501
30 0.6817714511786803 0.4402316187908797 0.06370013050895836 0.09684174983863869
20 0.9662740643530032 0.3771340012948982 0.06352417144649322 0.619870664092903
20 0.7001600615032116 0.25765550372806184 0.06619327013597243 0.46609212866413424
15 0.08240140496807283 0.20336561584485469 0.06868053086954876 0.29842470434647655
24 0.5400453517298955 0.6253896342294535 0.9015878691097919 0.7322723341528844
29 0.8900388726736281 0.35847347818056396 0.15670851415204864 0.40560513224758793
13 0.7244122396476733 0.5213312827927215 0.1911354526972918 0.17398795992854887
25 0.25903729336081593 0.6207551388681277 0.5180745867216319 0.7473786111526336