4 0.3764994657401178 0.5115109364914922 0.06922803482570909 0.12765605955279288
18 0.4210008596233104 0.7685905021559718 0.04842753392119796 0.08298329050599591
18 0.43698272472945854 0.66479675194908 0.03552142017181659 0.04173518463347345
12 0.8324401882640693 0.7058948306149615 0.29384625452255586 0.23908316036884938
31 0.25931690665992 0.36737461703666713 0.51863381331984 0.6208603451844453
30 0.5142860707830719 0.5131738972476085 0.05199959124814413 0.1248440227916117
20 0.6601584927639108 0.399947211463845 0.09655625395672889 0.5788204532664867
20 0.5140000053712962 0.3634802104541551 0.13585777136958335 0.643036614280781
20 0.5597557010407967 0.4584631221346557 0.04322545680654795 0.25019789504610607
24 0.48969990784734463 0.6638888888888889 0.9793998156946893 0.6722222222222223
29 0.7936100616243891 0.5885127605849915 0.04596095318850324 0.07862255822038043