18 0.5630467237468949 0.8103029160875135 0.04159260236113216 0.06037293704587607
18 0.5532470099003464 0.7990776426752262 0.06354032523376904 0.08440643837828835
31 0.21759026927012023 0.3797242810385089 0.4345805748409856 0.5761152287436845
30 0.5320027480946855 0.5126735184221131 0.04471760236113216 0.060631691204474536
30 0.47682917432434946 0.478946309710146 0.04317328307929138 0.06605786968073078
30 0.49011951468342907 0.48282379266196784 0.016592602361132157 0.058302903777087065
30 0.6250101321207738 0.5321770101959771 0.15602780708339647 0.18370635272361382
20 0.4899329018818734 0.30646724804290376 0.04225671945479146 0.5019749151728929
20 0.6803695373713949 0.38402446300314935 0.05509760792027709 0.6071765984739541
20 0.6304536231928813 0.4055788409100161 0.03914080981387098 0.504493938792072
20 0.5764882858588638 0.3830597761186346 0.03335389724608433 0.40681889679230243
9 0.5741268760215517 0.6161343552933694 0.014230671642972936 0.0525532826025827
24 0.6050955957709307 0.7374088142617672 0.4401038669954634 0.5251823714764656
29 0.7867516080184729 0.5525119823478993 0.22859367437344744 0.400768809482493
29 0.9301973414297293 0.5907712182624991 0.12888404498314826 0.2425533649469873
19 0.2531939590143678 0.4000287207036791 0.03554259026088378 0.12096653983978993
19 0.29329223906859714 0.4811056140035891 0.03470225292686626 0.10284629574458456