30 0.33809059765857147 0.52763627752645 0.17929119980235592 0.3763623684556794
12 0.13660754500655942 0.4978306241143208 0.26544226045275654 0.14829713373716089
19 0.8122834727291586 0.6397805889948136 0.14111563659170656 0.47326016193783954
30 0.8970711200206768 0.4927170973539184 0.18401649715740262 0.4015240021942595
30 0.5963500541791916 0.40806997999323985 0.07574272362105354 0.12102961634543227
30 0.021242180318141585 0.4135650407802777 0.04248436063628317 0.4200921406616667
30 0.7749983344338046 0.38472725929175816 0.12302724729857709 0.13546922120839516
30 0.750006039709594 0.40934049958206675 0.17176785516284987 0.19435327051580265
17 0.4926891224750448 0.6786487637649993 0.9853782449500896 0.6427024724700013
20 0.20176486724866657 0.25934349704607995 0.08402347340929203 0.5166689891924693
30 0.5099158778778909 0.43869309220148067 0.048088160480991425 0.08659717358975313
29 0.2458946633588824 0.36501045432428975 0.09163230510638005 0.2964498640657409
13 0.729546202927302 0.5218410802135174 0.1917009235645839 0.23124022357209906