4 0.5646540233499776 0.5797904249432725 0.8570167983933764 0.8198546969683147
30 0.7616153117937312 0.2736572229328403 0.46408791270858457 0.47937400555102566
31 0.25242177549768413 0.5083972050093148 0.5048435509953683 0.560983367759148
30 0.5367055040145294 0.35069872250213746 0.04106541327441153 0.09682099681263279
30 0.4954818391004377 0.33384908523520485 0.05023569538658705 0.0904585651930508
20 0.7824965784714168 0.08036146296830862 0.0881318430571664 0.16072292593661724
20 0.6285338961444704 0.1267569838369828 0.08980720771105907 0.2535139676739656
20 0.6650872108210774 0.11800257036710751 0.09013807835784533 0.23600514073421502
17 0.3192252945502188 0.6624381937592876 0.6384505891004376 0.6749296082064706
29 0.4546045335825136 0.2920236985026415 0.05130022840327406 0.126569676304162
29 0.6665866344415964 0.08477497191122284 0.06716756784239593 0.1622134188324164