19 0.7125 0.41597222222222224 0.0140625 0.09583333333333334
30 0.548046875 0.3680555555555556 0.12890625 0.14444444444444443
30 0.834375 0.38819444444444445 0.0265625 0.04027777777777778
30 0.865234375 0.38333333333333336 0.03671875 0.041666666666666664
30 0.72421875 0.35138888888888886 0.04375 0.03333333333333333
20 0.945703125 0.2361111111111111 0.03828125 0.3194444444444444
20 0.64453125 0.3 0.015625 0.1388888888888889
20 0.602734375 0.26805555555555555 0.01796875 0.11388888888888889
17 0.698828125 0.7104166666666667 0.60234375 0.5791666666666667
30 0.388671875 0.4222222222222222 0.19765625 0.3472222222222222
29 0.071484375 0.3541666666666667 0.07734375 0.175
29 0.135546875 0.3576388888888889 0.06015625 0.1625
19 0.248046875 0.42083333333333334 0.02734375 0.12222222222222222