30 0.49366013817089804 0.4245401002912986 0.07150736133812252 0.13006642995792358
30 0.23677154044555496 0.24265652426662246 0.13554713544042354 0.12643581372953225
30 0.5394314408639952 0.4430093000802525 0.05028180113146803 0.08869751362120139
30 0.5128416697867564 0.4360499930804046 0.03077327702916719 0.09463164458514181
20 0.146793447208707 0.09153474162059286 0.06858689441741399 0.18306948324118572
20 0.258335195647078 0.1463860842795691 0.04901019262201593 0.17750557743164996
20 0.6862789093463327 0.3076137586594744 0.10015103268650805 0.5287030910528514
20 0.6308578837315008 0.3250663822774391 0.10864478873663223 0.49859207342871753
24 0.6395024120277094 0.6982935742659587 0.513477734481906 0.5639702131892054
21 0.5125384449597069 0.9403176910951219 0.043105105386194255 0.04388935632377537
29 0.8758294952660151 0.7082101782956419 0.2483410094679698 0.5059875681060071
31 0.25069112773047453 0.3176437492747141 0.4653487858097659 0.4170606038523312