30 0.5457262078734552 0.39900864516030354 0.022438697663298514 0.045093635861007265
20 0.7326884794827779 0.24628147168343753 0.0828001950978475 0.49256294336687506
20 0.18118118407993072 0.33632755816948984 0.03572190729444458 0.22527934268039962
20 0.6361683901019793 0.28698376451341834 0.04731467714607653 0.3359478164730101
20 0.04840472506592029 0.3215818895423725 0.03968336189159736 0.2894593858986388
20 0.23488773893362866 0.3459248736127005 0.029816746200277855 0.19143648927070345
20 0.28392497758291685 0.35734780943882544 0.02545590131052089 0.1563503241367935
20 0.3199624884586634 0.3616384235401867 0.02274847539871532 0.12835418061200288
20 0.6083706984226044 0.3146041534775704 0.034359429045937515 0.24041154329350228
17 0.2134433241819101 0.6795768968298399 0.41623094414791695 0.6214017618958757
24 0.5821790066010591 0.6662389436679278 0.8356419867978817 0.6379699482350962
29 0.6432275690057467 0.34820701141027344 0.061429768901701466 0.16247637670209877
29 0.028446809079930725 0.3505577260164823 0.05067476006798621 0.23499565907814654
13 0.2544040711899482 0.6416913241881715 0.49826154093753494 0.5693951294014347
25 0.39951524301769126 0.4932848484864886 0.1327956226251737 0.1302840373882652