30 0.6928516170936592 0.39874322083306013 0.0509630571815924 0.05870812502356052
30 0.5466760538619427 0.38281292068716677 0.05348861436318479 0.11440918378533177
30 0.6170340056573407 0.3923367133895872 0.06205054810640611 0.1052204733192334
30 0.6591874168107921 0.3793009890110394 0.03774543969514958 0.07732805129944988
30 0.6537527556573407 0.3900571631588759 0.022034081283893413 0.049969141035790206
20 0.3217485162941561 0.2995347557272744 0.05119083703942984 0.3669929572881553
20 0.9512314832148647 0.20219455561069516 0.07477378278470397 0.4043891112213903
20 0.4457061789110406 0.33143066966554935 0.016256779956033363 0.19402557693032635
20 0.41015475873150076 0.332248579404264 0.021880066060386838 0.24158730663371833
20 0.019052775320244415 0.3301344754190136 0.03740559299135826 0.45084216027308394
20 0.8225479470123153 0.27400112622142675 0.04392778288289954 0.2957231143361752
29 0.39668033860105895 0.2740453197950414 0.08242265632127062 0.3633774444821413