30 0.3456636224141022 0.4506351152234554 0.20851678308416127 0.4052691879685775
30 0.4962725712354198 0.47454045999841615 0.08020123035529281 0.146816458350081
30 0.7114149009501494 0.4635741976448751 0.12971107878371627 0.16302386411481581
30 0.5424658478069964 0.4682425160601718 0.04987587551672874 0.08965672974398475
30 0.2584237186709125 0.6001983457873609 0.17368586476336167 0.35456854241134234
30 0.6245324080841612 0.44834501182658604 0.02336687944567011 0.05920946429049931
20 0.05720043589633751 0.41384094495064444 0.10865167783131227 0.6082374454568444
20 0.8222988391227986 0.24997334130704527 0.08522267824559719 0.33848312501674777
20 0.7948116939613628 0.30114694603428227 0.029077532050703958 0.21770458475569374
20 0.761191191996892 0.311516964805193 0.055586528121762416 0.24815185020917913
17 0.5045569712568103 0.659068224560743 0.9908860574863793 0.681863550878514