18 0.4937328923570837 0.5226254390581075 0.04522396879233561 0.0504524978741854
19 0.0727879675491401 0.39392823002719884 0.040079445386587184 0.08788785532073039
31 0.7333265796030706 0.8251949805579462 0.17554663387576924 0.23230090449884214
30 0.4919009370766447 0.5052400869894508 0.05887038896415202 0.08947067186998431
30 0.54797001300387 0.538468839178617 0.060183905472495525 0.10753430774472197
30 0.4530210221625529 0.4853875864263213 0.04669793758467122 0.10045249787418539
20 0.09165967689987935 0.2176807467239929 0.1135556462002413 0.4343756945077961
24 0.6526464676627114 0.7734549339026567 0.6189391870188441 0.45309013219468663
16 0.23947363890838122 0.49220943706744513 0.06672051051544958 0.11732117252039921
23 0.36439507377951885 0.5226770351223948 0.13305924072774583 0.3276655793196263
29 0.12016313517676531 0.284662545838753 0.09195288387576941 0.2314363103463808
29 0.31756155698826205 0.36172706738972393 0.09280937697836444 0.2869837855827544