9 0.33064247013254 0.47721674570080136 0.03968192391627658 0.06428084955394395
9 0.26547309142535314 0.4406299411797052 0.04205750741437377 0.06586380406178181
9 0.22750288268011012 0.4340203247844749 0.04205750741437377 0.06586380406178181
20 0.6785832102652988 0.7735735373530793 0.22699753460041094 0.30990883484786813
30 0.14183197952408017 0.5405994086929532 0.276278587489611 0.7589765951636841
30 0.12220989897314198 0.2118189585506058 0.13048067885919248 0.11338669828032052
20 0.7945252507600279 0.42274790404626267 0.08700122878264285 0.5298212109174776
20 0.9835506348858317 0.46183670562534207 0.0328987302283366 0.43081813914131145
20 0.8828947075281046 0.41689560885205357 0.07409005190061677 0.4428044602512715
20 0.05328880262346351 0.09659821045816326 0.05501510524692703 0.18892697729944952
9 0.5369229743340185 0.5296464982953263 0.016293503460041235 0.030460437459659793
17 0.8625139053989326 0.7857803183500658 0.27497218920213484 0.4284393632998684