18 0.6698070146834292 0.4907763246616017 0.07760737041330898 0.08615825122066194
18 0.7299269032471106 0.4840228657344623 0.047034081283893234 0.05200668424147858
30 0.5142769047596417 0.46076434044588266 0.15449712334017515 0.19170435400026237
30 0.5716828716312523 0.4600628064194718 0.044045436670087666 0.09344697936612079
30 0.6645629906302262 0.4397140264613674 0.09120678298109546 0.1843425524964884
30 0.6609678249882794 0.4151538029210343 0.06445793061996348 0.12547394994483563
30 0.663393388219996 0.4403235815775527 0.0533568041565303 0.07468164954774986
20 0.8334170088787947 0.2450502381717523 0.09183401775758923 0.37600921916315505
20 0.9295334847764936 0.2589556075334502 0.1028169695529872 0.3906904084491297
15 0.15633032196321733 0.3938725766618549 0.08707834006449203 0.3548363285167849
24 0.7825380375186887 0.6752911427788225 0.4349239249626226 0.6494177144423551
16 0.4431470537637468 0.5639194247554055 0.041715322208706954 0.09744386737626912
29 0.5460081729100142 0.3714179820849672 0.054297135440423715 0.12334935354436709
29 0.9328650300051313 0.2029602755182278 0.08823631908544911 0.2313384031766861