18 0.43451077830409757 0.7641671023145636 0.04153418977951393 0.07154589648389288
18 0.5220448596589413 0.553249454034635 0.01833242591180557 0.028707266179841578
30 0.36266011455076413 0.5010365328296611 0.16869806145475702 0.24328968053689629
30 0.4706810749896704 0.4516691898780587 0.07590984298989589 0.13300585789258199
20 0.6743762517092362 0.2639257956664593 0.06281500341847242 0.5278515913329186
20 0.596696428096007 0.2709415463481473 0.12776785619201406 0.5418830926962946
20 0.5865310861982119 0.2698631827811114 0.0777496723964239 0.5397263655622228
17 0.3185945109694622 0.718044618516204 0.6218081437110767 0.5637491128107112
29 0.8692004020698267 0.4373087948757766 0.05178266517822934 0.19837932330420344
29 0.8339516000659202 0.28277632779263345 0.052817181895728996 0.098500560921864
13 0.15312146039045166 0.4993670933406643 0.29653277393569455 0.2873769244297825