30 0.11243899496738785 0.4235074693376221 0.07576361600890866 0.11899400865709567
30 0.42146854963002445 0.4666849614048802 0.03095055533895419 0.07455659379472289
30 0.01926115963161525 0.45833684812436915 0.0371641926718634 0.06919498340503638
20 0.9172364039823417 0.21714048918302412 0.021777192035316518 0.43428097836604823
20 0.22590687730745573 0.3318098903346673 0.022965880012726723 0.16734547474720848
20 0.07260488297661472 0.3039347795824378 0.021131207351999137 0.24505052308778533
9 0.3477583296268428 0.5106304837705086 0.011955107336090797 0.036474758297115606
9 0.44793105229552455 0.4811384722277143 0.007149428668045488 0.018273743867158347
9 0.4922623076265246 0.5103121684764527 0.008003404002227299 0.02940909812400305
17 0.765226545611889 0.6934694909906133 0.46383797004295263 0.5767792128371114
24 0.4416719616287518 0.4827213062824724 0.15684998400699968 0.0965152958133937
13 0.163661689648319 0.5316781302328917 0.327323379296638 0.12275485064532776