18 0.10395163698578762 0.5699515756772133 0.20790327397157524 0.36009684864557334
30 0.26114890405995783 0.5303819708961243 0.09060838986866315 0.1337383360209284
30 0.32759277561125544 0.5012466535469533 0.04752345318850333 0.07593734875167621
30 0.28929271483560665 0.5159193599264681 0.030663501809022265 0.08669291378456528
24 0.7029983497294585 0.6121584786406948 0.5786085153766896 0.743467369615913
30 0.5074578776577626 0.4385341255039653 0.01882856512886235 0.029538373930262513
30 0.7921283273975634 0.3299302403989584 0.03140713025772488 0.05894745837753498
30 0.4665667444035909 0.44840228492117706 0.01903328301668683 0.03648281837470695
30 0.35423550175325147 0.4847330316147111 0.024375880257724792 0.05880200770917143
20 0.6746392732364062 0.23077694688452885 0.0772839535271876 0.4615538937690577
17 0.24441784571492914 0.7370925646792756 0.4888356914298583 0.525556291675469
15 0.6631678457149291 0.23596128170311456 0.11741430857014165 0.4719225634062291