30 0.758897322236788 0.49194245041643164 0.1843971030578821 0.3615806956340552
30 0.5052917580744095 0.406669377474249 0.06489960780753475 0.12426561696484366
30 0.5882766775273262 0.42419659813378624 0.07650860182361115 0.056339346516198124
30 0.49988632475378453 0.4316168553995668 0.050182491166284746 0.07412017121956972
30 0.6534659196435415 0.3984783757369935 0.03964438145888884 0.044848460403538584
30 0.6182369344611803 0.40367031692936434 0.03811824905006951 0.04761007754295261
30 0.637813643950156 0.4004001026866893 0.07254780043684032 0.05213227825362215
30 0.6275755668699998 0.4065450585373248 0.020040396276527872 0.03909089686843604
20 0.9149499133268229 0.2699150818649695 0.032017638677083224 0.4169413975188506
20 0.16337799482383666 0.2927014105271451 0.027058034953611365 0.4557737241734664
29 0.06702967168557276 0.311151975712218 0.113104637727153 0.46499589261680685
29 0.11711149876572904 0.30541911613985845 0.08510692429628497 0.4744272233484812