18 0.8938341133164931 0.7517084632377251 0.2123317733670138 0.4965830735245498
30 0.5227624663743753 0.623004070051619 0.17424085305788212 0.37551734458947217
30 0.2204810532381773 0.48039713251832616 0.4409621064763546 0.9607942650366523
20 0.7290101801380384 0.43344723804913776 0.10552918028020848 0.5508380280411989
20 0.6548722774026217 0.34330817226724286 0.08785006458888915 0.45208724558988794
20 0.9150496506449308 0.6276852032748069 0.15981924961875044 0.7446295934503863
20 0.8575388162981253 0.8040120061274183 0.09068347064906276 0.3705067440571314
29 0.41157719889756966 0.3851450736200895 0.03891833605604163 0.11182718528553595
24 0.7129179537409378 0.8582083516750351 0.5190987581681252 0.2835832966499298
30 0.6408948705346879 0.6464951459845901 0.11913381933854161 0.2191788321016293
30 0.8277331216267886 0.7922182622208134 0.12380313554295128 0.21822667470676593