18 0.6294384894499885 0.4633949099620845 0.07162558400953163 0.05858026392187365
30 0.44289504038320804 0.4173720270360756 0.19838868141174384 0.16638893598877835
30 0.6324845330779597 0.3917216289780911 0.04871991801906326 0.11129189852638414
30 0.6333700359189811 0.42081554404165 0.04347331047058134 0.054056447669508616
30 0.5049225947663569 0.4218495254046951 0.0727886635548364 0.09751765387950115
20 0.8110419555612498 0.25710077526333175 0.05506714975511855 0.360145514981188
20 0.8903504902607674 0.2401365820666861 0.08179901947846524 0.4802731641333722
20 0.8752067313323135 0.24270702096010494 0.03282968546893343 0.480912705141254
20 0.8748365614865264 0.24258367341555848 0.07429048254683437 0.48516734683111695
15 0.141331450488115 0.27716266392885075 0.05639782467404082 0.336631406007554
16 0.36226373904459896 0.5979650794231124 0.08905063758025404 0.24288361862997793
29 0.928860701097023 0.2655400200986993 0.14107856209213915 0.5310800401973986
29 0.5237845531669807 0.3297617786014865 0.04488185186643925 0.11799383762713597