8 0.453125 0.75 0.1921875 0.49166666666666664
18 0.889453125 0.7423611111111111 0.04921875 0.10694444444444444
31 0.782421875 0.5347222222222222 0.23828125 0.20277777777777778
30 0.93203125 0.49930555555555556 0.134375 0.9986111111111111
30 0.651171875 0.49583333333333335 0.03671875 0.06944444444444445
30 0.26015625 0.4979166666666667 0.0296875 0.034722222222222224
30 0.566796875 0.4875 0.03046875 0.04722222222222222
30 0.485546875 0.49375 0.03828125 0.034722222222222224
20 0.146875 0.38958333333333334 0.0265625 0.2763888888888889
20 0.209765625 0.41388888888888886 0.02265625 0.19722222222222222
20 0.63203125 0.32430555555555557 0.034375 0.4013888888888889
20 0.280078125 0.42777777777777776 0.01953125 0.16111111111111112
20 0.665625 0.24861111111111112 0.046875 0.43333333333333335
24 0.6640625 0.7493055555555556 0.5859375 0.49583333333333335
25 0.26796875 0.75625 0.534375 0.48194444444444445