11 0.7463676916004642 0.31633485740448036 0.07016302995603355 0.20025508292337296
18 0.46490153513189975 0.5308327610231734 0.03607840056573401 0.046776659588359984
18 0.3200564073032293 0.7610354017151345 0.04791078005422929 0.08271228529954032
12 0.8219333060127468 0.25505640606996177 0.33196359318774993 0.2523544275101014
31 0.2692085422526736 0.46931394197618853 0.5384170845053472 0.6558165604920674
30 0.45589923985416403 0.417914594925451 0.079310770979043 0.13178136127009485
30 0.5568282081892078 0.36234043603152344 0.027511921642972937 0.05422016369645759
30 0.5127716690106944 0.34121647806215405 0.02510908430895533 0.03592192744311033
20 0.6362957878623743 0.21815468353826561 0.09928342427525153 0.43630936707653123
20 0.5768889716055956 0.2310317548317786 0.10247205678880889 0.4620635096635572
20 0.4963884053488169 0.23308736761835014 0.12815331283893308 0.4661747352367003
24 0.5091464388208917 0.6137218277651332 0.7264004361791082 0.7416550022842703