18 0.310596099028713 0.7374070024786943 0.05790400324641087 0.09361115228331332
18 0.3580185468776774 0.725348436905276 0.052230701704283254 0.07232499917243256
18 0.3850992441177339 0.6747700694755863 0.02701251339268058 0.048032743681421484
18 0.4048302043450815 0.6958640716810968 0.027780126623205524 0.04670854333218225
18 0.37585577049770563 0.7004150401585042 0.03636023985373029 0.046031228379439584
12 0.7980492575104146 0.6630922850772687 0.3431653932622968 0.20743555849356407
31 0.27856048944834083 0.42104281959141693 0.5571209788966817 0.5420856391828339
30 0.5385046850668396 0.5394353237707767 0.019268197240056396 0.05433030272936937
30 0.5459197416821018 0.5407443093418929 0.03418013108743238 0.06250382942715728
30 0.5380984462274065 0.5011761907866826 0.024546032467404187 0.03533867806247252
20 0.5733217901796894 0.33798557576939536 0.07637117978689076 0.5433866571081183
20 0.6021121276391506 0.352184607291988 0.07875584009531629 0.5477473893937339
24 0.41955320048976263 0.7228805959001903 0.42436834902377 0.5542388081996193
29 0.8973595107568254 0.5823541521842358 0.20309909537032206 0.8092276904679684
29 0.7792086414388683 0.6309518603002967 0.11793534253094826 0.4038889712332935
13 0.14153930986249713 0.3889536803590443 0.28307861972499426 0.27493551732136184
25 0.885829014004884 0.9128047072844853 0.16501311972334634 0.17439058543102956