4 0.3365302993591786 0.5168693833874608 0.027889387023308565 0.030325378159592256
26 0.542330148814949 0.4747365309836792 0.010029764427970277 0.03420679632138406
31 0.2703509998107409 0.7338370224645077 0.5126463660567343 0.531598069247609
30 0.5398313867916406 0.4471407246617452 0.0504563569862416 0.10729066988270625
30 0.28491323565684773 0.5188956520439618 0.06006696996293313 0.08045914367531676
30 0.39808039641028736 0.48261046886940284 0.03147817849312089 0.05422764360005361
30 0.1399616061640104 0.6304965721900893 0.03812748257680485 0.035438296396647216
30 0.6898623858845913 0.39489808382615227 0.10808780771188112 0.1431597919489036
30 0.6236793525358133 0.43237150761601334 0.047239587748947896 0.06262785969124927
20 0.7106845454144954 0.254954644958399 0.11355659082899087 0.509909289916798
20 0.7305382157865818 0.24948073672189394 0.0673264315731636 0.4989614734437879
24 0.5940042323027278 0.6568501758906998 0.8119915353945444 0.6528169003433241
29 0.7738529507680484 0.24792966229779448 0.16535221460545557 0.4382416161609601