18 0.5380518837232875 0.5746546894147728 0.026971603084255058 0.04359082477387485
18 0.5472700608743232 0.5580033525664772 0.05069547524323355 0.07445527800572525
31 0.20548879971375592 0.5445399990882096 0.4051956091700397 0.5581422240458029
30 0.432741046467345 0.439125987631532 0.15434440097293473 0.29431235312152165
20 0.7902643100635441 0.3351915695493055 0.1492786201270883 0.670383139098611
20 0.958203125 0.29736382820621277 0.08359375 0.5947276564124255
20 0.6472810361192044 0.21829144175864792 0.08049957223840884 0.43658288351729585
20 0.6191560361192044 0.21916863148399288 0.07268707223840884 0.43833726296798575
17 0.4630138376596843 0.6558386437533115 0.9045467727248763 0.6873040405542667
29 0.8676461061271474 0.25083544415865966 0.15146663717321687 0.5016708883173193
13 0.19605045718116001 0.5785807434903695 0.38326428774240984 0.3122829574637055
25 0.9410035598600256 0.4481739453858836 0.10879434740221221 0.1078098181998453