6 0.42652036255606607 0.42498634454170214 0.04472214754067192 0.06248228252657416
18 0.8996813879254084 0.65459675762976 0.05886646077238851 0.0887924770086501
30 0.6615314272512157 0.47811337554926625 0.05029543667008749 0.09493624704738136
30 0.5841194995581186 0.46448611186735106 0.03224032825883114 0.06687322076472874
30 0.6310035899171982 0.46289657470487544 0.022806240924813714 0.047944202221122445
30 0.6153899528660478 0.4678245685738488 0.02677157825883114 0.0663637006883658
30 0.3568504845801019 0.3891034172586337 0.05887555113146812 0.09157025478642787
20 0.30706358713762577 0.22007798683478869 0.07919311719185504 0.3336677471226447
20 0.4829769077847038 0.3634591723222293 0.030205650467538092 0.1610992994621605
20 0.41910731747472213 0.3089747751160736 0.0632181383672897 0.225267531031449
30 0.5457905251729507 0.4534694190685581 0.028297716822512697 0.055398166741929815
30 0.19745503127217276 0.39770228805549535 0.21301412616884555 0.41555903914681125
29 0.48520930088597847 0.32921302879743886 0.0773624515990063 0.2515777255135251