4 0.9008236482502952 0.5564095451320226 0.09594651136870666 0.09680297163515914
30 0.4666535894481868 0.40750880465876993 0.07344942885919252 0.10351308682332909
12 0.10929405214776247 0.44060953386943236 0.1857902613687065 0.09773220834107564
30 0.5904890081744018 0.42614660620061845 0.08953734387822046 0.08979388463725968
30 0.6808666339158391 0.43332988306612585 0.07885451186299815 0.10079187127982436
30 0.7393880938968109 0.447820755734065 0.05246842539915129 0.07413633185793347
30 0.4329165887067494 0.40091135093394903 0.01817167984777566 0.11127271749474864
30 0.6561617584215476 0.4289086863452299 0.22151951433445607 0.12309582270426031
30 0.6500477154367699 0.4177369728402547 0.0612850098858317 0.08394743759115642
20 0.8246206218056951 0.33275756941980456 0.04614412403000756 0.3434514911954678
20 0.5167517485357157 0.3441532168358853 0.03254985623551008 0.19334644704610326
30 0.35805387501859054 0.35500887188237223 0.18034536908709153 0.30318271974726674
29 0.06081544838371018 0.2679267334538429 0.10912428509470269 0.29689185514615996
20 0.15461452792747468 0.2369600076304062 0.09047905585494935 0.4716575258898853
20 0.25223894442937744 0.2365811586392526 0.07641921444818678 0.40347268522741964