18 0.4876521271693585 0.7208158089785283 0.03757492865988184 0.06473104916197296
12 0.8595297039385095 0.6694843305229351 0.28094059212298106 0.21387573090406972
31 0.2876038925755379 0.3790719360264753 0.5709140833318302 0.5942549831640618
30 0.5679046495024073 0.524043342672065 0.042699076302517014 0.0816887222410707
20 0.672332053245597 0.371757213448944 0.08214268176025374 0.5750044252448477
20 0.538228880995856 0.34401908625020944 0.11690082547394738 0.6215344156450493
20 0.5811195291552199 0.4479057801791331 0.03683652812176241 0.24494709723635866
24 0.5047667367654337 0.6819444444444445 0.9904665264691326 0.6361111111111111
14 0.4770527673683955 0.5246429681640252 0.04173588978475227 0.0746957767278878
14 0.5335028975379366 0.5357739340020888 0.021767992142117266 0.05681658334275757
29 0.8141353904039249 0.5594358176792242 0.04262630169541097 0.07891094446329293