18 0.9957579984728205 0.8576388888888888 0.008484003054358879 0.13472222222222222
19 0.8493141799299121 0.6229166666666667 0.22285002595542344 0.6736111111111112
19 0.4115261181052679 0.5902777777777778 0.09161689455480157 0.3402777777777778
19 0.5674691576031003 0.5451388888888888 0.09052483141473928 0.30694444444444446
19 0.14461163389028348 0.5986111111111111 0.0922315445830364 0.2875
30 0.4610980602621712 0.49375 0.0712750314994441 0.1486111111111111
30 0.5745616852974648 0.42777777777777776 0.13411593671876343 0.23055555555555557
30 0.6226351642507775 0.4166666666666667 0.025196692051022394 0.10138888888888889
20 0.2559369997882385 0.3958333333333333 0.04788928135826955 0.4125
15 0.044222102426133135 0.3840277777777778 0.08371193124533012 0.6236111111111111
29 0.32341256161288273 0.4284722222222222 0.09151120776545082 0.24166666666666667
18 0.2920245956725754 0.7104166666666667 0.5302551893495994 0.23194444444444445