18 0.6864283254191991 0.5888666743523578 0.12066438206674697 0.1516711036864867
18 0.8639120559144086 0.5466554328174482 0.06224437245580887 0.07456791562620077
6 0.3461552074859461 0.4658112012216089 0.047526775214770646 0.05147267416668484
19 0.2412391957830719 0.45360884550131164 0.01602779172311397 0.06753968590396037
30 0.6006977439513354 0.4416907700138813 0.054841308231457477 0.08797179382770426
30 0.5544385586279421 0.43693769471493543 0.024665807326946166 0.04312169872882284
20 0.20069662256937998 0.2946163519325913 0.057728370080959476 0.34462523185971755
20 0.9540722670741703 0.2899403651693081 0.08948073835289669 0.5798807303386162
20 0.719623684984709 0.36221763801524753 0.022711560944990872 0.21490741133239813
20 0.9809435049190405 0.28826707829782855 0.03541071404263718 0.5765341565956571
17 0.4924204551110969 0.6863931787215543 0.9848409102221938 0.6272136425568915
16 0.013887680348581835 0.6202182489218372 0.02777536069716367 0.26789683548965887
29 0.39869038726870104 0.350255633891081 0.06259293249628843 0.24511024254710295
29 0.22586537991904052 0.32701934390762805 0.054425228403273976 0.12676368057911616