30 0.51796875 0.4583333333333333 0.040625 0.05
30 0.387890625 0.34375 0.04921875 0.07361111111111111
30 0.449609375 0.4388888888888889 0.06640625 0.06111111111111111
20 0.66328125 0.30069444444444443 0.025 0.6013888888888889
20 0.46484375 0.25763888888888886 0.0171875 0.5125
20 0.612890625 0.32083333333333336 0.01484375 0.525
20 0.557421875 0.3090277777777778 0.01484375 0.4263888888888889
9 0.56484375 0.5548611111111111 0.0125 0.05416666666666667
17 0.387109375 0.7270833333333333 0.77265625 0.5402777777777777
29 0.78046875 0.4354166666666667 0.2171875 0.3625
29 0.92890625 0.4409722222222222 0.11875 0.21805555555555556
18 0.561328125 0.7854166666666667 0.04296875 0.059722222222222225