31 0.235546875 0.41458333333333336 0.47109375 0.6708333333333333
30 0.640625 0.41458333333333336 0.13671875 0.16805555555555557
30 0.559375 0.4340277777777778 0.04375 0.05555555555555555
30 0.493359375 0.4270833333333333 0.0640625 0.0625
20 0.659765625 0.2638888888888889 0.05859375 0.5277777777777778
20 0.496484375 0.26805555555555555 0.046875 0.45694444444444443
20 0.62109375 0.30486111111111114 0.0421875 0.4375
9 0.593359375 0.5125 0.015625 0.034722222222222224
24 0.565625 0.6958333333333333 0.39375 0.6083333333333333
29 0.776953125 0.3645833333333333 0.21953125 0.3527777777777778
19 0.310546875 0.47847222222222224 0.040625 0.14444444444444443
19 0.361328125 0.5048611111111111 0.0265625 0.09027777777777778