8 0.849609375 0.5569115789198273 0.2453125 0.3068960022505678
18 0.769140625 0.5685826355064245 0.0265625 0.04748236967044366
19 0.283984375 0.652352360708681 0.0546875 0.16450618592280886
19 0.766796875 0.43649268785576445 0.05625 0.19515874361584148
19 0.823828125 0.4441999325403444 0.0703125 0.19464287396424615
30 0.576171875 0.4364639826391166 0.1421875 0.22410497228819173
20 0.2828125 0.4793629424389065 0.0703125 0.39047620729757965
20 0.089453125 0.5062478168150071 0.1140625 0.5806922671469377
15 0.078125 0.49929455131829825 0.153125 0.6220062094727535
29 0.16640625 0.5804696165301977 0.13984375 0.3934039135264205
29 0.35 0.49950625657264297 0.0984375 0.25750002354994467
21 0.375390625 0.7198325413066456 0.38125 0.29172407709996234
19 0.573046875 0.5841866450308291 0.1140625 0.32513671159138213