18 0.5606286708778316 0.6758111661569144 0.03452133293962447 0.048612272374012375
19 0.2844369650687917 0.52607607277784 0.04437997177703164 0.15310220651783954
31 0.2329067418789656 0.4617651942742904 0.4658134837579312 0.7040859441041364
30 0.5405704031805593 0.46300348142216136 0.0441145877489479 0.06011130445771613
20 0.6459474005018205 0.29291656644355035 0.08154269899635888 0.5348861784866051
20 0.47626610032041067 0.29354055107805627 0.06614338828925295 0.46624874147216055
20 0.6061619314459368 0.32810578461330336 0.061183069777598575 0.4521658920969754
20 0.5628571201482675 0.3235338723372848 0.05284229092165802 0.38520828470086427
9 0.5792633535897126 0.5431405311517602 0.01479910998146643 0.03808188145888904
17 0.3836941817624228 0.6937823267477161 0.7673883635248456 0.6124353465045679
29 0.7640823142504851 0.38885094444018636 0.23468256796350015 0.38301819469648185