18 0.5203150515836492 0.5340146786678204 0.06757390785015538 0.087358922038632
19 0.33384729507714656 0.6581305963184076 0.10060548670464602 0.26266757055559203
31 0.8899593291368392 0.4101368999909401 0.208341662970653 0.3622222693221117
30 0.21370139504891172 0.5977866518174179 0.14857327886860805 0.1561464188701134
30 0.24933542267268888 0.5853858665773187 0.07725972099021768 0.12122576712808919
30 0.56439091076334 0.47899484749081267 0.016997784200867016 0.019074077999064798
30 0.5195715989386958 0.5089176765303434 0.04726911312594488 0.06253528420905749
30 0.5770995252399963 0.48535067068055404 0.04382559471009344 0.05261905771188111
20 0.07244248183120362 0.47698414801086336 0.08950836298477041 0.32850971905370346
17 0.49488095403095855 0.6566865096186468 0.9897619080619171 0.6866269807627063
16 0.3355011648507683 0.7271231016621004 0.12662195513461497 0.24764994022603573
29 0.7760518711949205 0.3146915457700842 0.25258375761015905 0.5465432661347445
29 0.41620752787083226 0.4739705616315263 0.06598058674699843 0.18151236007064522
29 0.8833781592714542 0.1689618524414994 0.1738686814570915 0.23810850541908646
13 0.8538798030402415 0.8184525912197447 0.05912437101845249 0.06742946690680217