18 0.7029875555651967 0.5272623533635147 0.1320683183311468 0.17460238690922172
18 0.3370097279202433 0.5212360405273802 0.053519113125944706 0.062389449810752735
18 0.8762804778849498 0.42748019759129724 0.07065340521931951 0.08546033535659837
30 0.32960675159776665 0.5091401659195818 0.09008594468185845 0.1072635696312157
30 0.5904717805016683 0.4145338217073187 0.056128173635170954 0.09441471933363756
30 0.5111294028708323 0.42002458332705384 0.040783894695975854 0.07836910331067676
30 0.32374315944792215 0.42625137051767026 0.10492126038216938 0.2744151867685242
30 0.5682516581325041 0.41429669018620435 0.039411110495108835 0.060273135215901004
20 0.1702159765342382 0.3988363866165955 0.07810042612483263 0.3603795102781581
20 0.6838608830689757 0.28976769707772126 0.05194047355046649 0.2522631021963291
20 0.7023833699147961 0.2957422405808819 0.03439665777956833 0.2166922166504834
20 0.9640940501270568 0.21309082631102277 0.07181189974588627 0.42618165262204555
30 0.4674403160532468 0.46804019377827594 0.04684417889684287 0.0967075466407735
16 0.048632526484827174 0.8127392190846093 0.09726505296965435 0.3737941361248185
29 0.3763067173263125 0.39302858737358404 0.07546897881213832 0.2562532561507115
29 0.09146549761621917 0.4576781328408925 0.17306431562972377 0.3070573318081248