30 0.15110921692204027 0.42669228860207653 0.29916379748164246 0.5605043116847358
30 0.36421912012873603 0.283231989542638 0.30370129301741555 0.54537199278136
30 0.8313879393242525 0.5056128733866804 0.19191653896022592 0.2170021955243846
30 0.5505276771493879 0.3948474751148775 0.1062557284896446 0.1629708037505294
30 0.6273629125388913 0.4202494246107589 0.054847187093786685 0.09750611038895411
30 0.5916046676120261 0.3998247099638616 0.03109604139585791 0.06483437157250067
20 0.12827786870904917 0.09353884127046895 0.050305737418098316 0.1870776825409379
20 0.9741466120127089 0.31215415152700127 0.051706775974582085 0.39748186724322054
20 0.9438188683020121 0.3756966067935475 0.037788146508707855 0.2691464971135692
20 0.984720760551659 0.31182686905959717 0.03055847889668186 0.38571619119730116
17 0.5013091298696163 0.6178662063552739 0.9973817402607674 0.7642675872894522