8 0.2601476572655332 0.7340966108989524 0.5202953145310664 0.531580521606863
18 0.21358364143886824 0.5614390097248914 0.03151878124958811 0.1075747306740199
19 0.6025077966741589 0.5277043755570168 0.07039609496658024 0.24862824534973654
30 0.5048271373800308 0.45265735158077336 0.02231137662320535 0.04489695763490889
30 0.12585181635779036 0.58686017359786 0.08343979139585782 0.0656019745385041
20 0.9296877027202285 0.2693169107080049 0.09999959455954296 0.5386338214160098
20 0.17427172544839986 0.5080965635122848 0.04575460511284999 0.20507169304759557
20 0.053398140829960236 0.5279545777636371 0.04945234943080714 0.2634696711224238
20 0.07210723052153473 0.5317333759813342 0.049329618505530595 0.2509696711224237
20 0.21847371591103815 0.5009334565386692 0.03924550649282175 0.17855351467571678
20 0.25996860491262674 0.4910491359360838 0.03344947402541774 0.14510705304476737
29 0.04073913819080971 0.5657778014711116 0.08147827638161942 0.22677773039111015
29 0.117900971593081 0.5613354215998397 0.04817049310014117 0.13291411556686827
29 0.5868953435485411 0.3676432549685722 0.06454946956119087 0.13047572268193872