6 0.918087932225818 0.41755056895876763 0.054506267856907445 0.0638995763173022
6 0.8904239208633801 0.7299346750553138 0.20766999837514674 0.3938810060697954
30 0.6483277213895624 0.37528330752894334 0.08920459618439622 0.1781373155037692
30 0.4953322706995765 0.37000972077165045 0.06526253571381488 0.12553605043827534
30 0.5636711905453637 0.3685569569232197 0.036455697240056394 0.05463675458190522
30 0.5114501714706403 0.35876459705097047 0.04164775771063774 0.1062681187061151
30 0.5496905111622148 0.36095104929584926 0.026244900162155815 0.048555836016487476
20 0.7963462329555191 0.21145595642516316 0.03058930113509053 0.3319699944282612
20 0.2167035974038599 0.31640164798730247 0.03937396590774282 0.3518589768041274
20 0.916191128653448 0.1975557107425206 0.04105524269310408 0.3951114214850412
29 0.06573825101594508 0.34295126805679355 0.09029553774240986 0.28924842661488026
29 0.3636535996359733 0.3011652017250233 0.06857054220663672 0.3033946532944935
29 0.1934180789380444 0.3418993734498527 0.0771603380667214 0.3829654453533618
29 0.14451495170593098 0.3520640460400017 0.09266260714144488 0.371273696137765
13 0.887716616682102 0.44896756282985495 0.1720346870937867 0.1046836794225486