30 0.5034619451336338 0.4412290000028387 0.02048625494291585 0.04247483535956794
30 0.5528803191450506 0.4475095848562028 0.020981003460041236 0.030007162107283925
20 0.6634450874338393 0.2889141537524373 0.07062947087397742 0.4594336040185803
20 0.16421307927802817 0.3782562920475614 0.03364944121648215 0.20814053410993835
20 0.5625550787837366 0.36593631737904236 0.03243710969555132 0.223353658392284
20 0.5860794562551945 0.3441493449880855 0.042749868592800055 0.2987092526171605
17 0.43364218230064305 0.7012929756018821 0.8672843646012861 0.5974140487962358
24 0.7396892872632432 0.7082748781703384 0.4892813117864483 0.5405849761878402
29 0.025268608194086033 0.38909785148614195 0.05053721638817207 0.21624874147216058
29 0.5957595330803553 0.39855788163117195 0.05965618429640003 0.15093863694666682
29 0.10773295106513285 0.40765098784259235 0.04101893083635884 0.12102845508253084
13 0.22908201629303188 0.6555959168368206 0.45816403258606375 0.49436372188191435