0 0.326171875 0.5131944444444444 0.03046875 0.0763888888888889
18 0.412109375 0.5208333333333334 0.12109375 0.24722222222222223
19 0.897265625 0.6597222222222222 0.16640625 0.49444444444444446
30 0.935546875 0.3590277777777778 0.12734375 0.1763888888888889
30 0.583984375 0.48055555555555557 0.07734375 0.21666666666666667
30 0.9359375 0.50625 0.1265625 0.4708333333333333
30 0.58515625 0.42430555555555555 0.0765625 0.10416666666666667
30 0.890625 0.41180555555555554 0.0453125 0.0625
30 0.487890625 0.5555555555555556 0.27265625 0.38333333333333336
15 0.133203125 0.28888888888888886 0.06015625 0.5666666666666667
2 0.51328125 0.5805555555555556 0.1515625 0.3333333333333333
29 0.194140625 0.40694444444444444 0.08359375 0.3055555555555556
13 0.31171875 0.56875 0.0875 0.0375
25 0.8359375 0.6236111111111111 0.3203125 0.3861111111111111