25 0.2078125 0.7277777777777777 0.415625 0.5444444444444444
30 0.544140625 0.4423611111111111 0.02421875 0.05138888888888889
30 0.348046875 0.45 0.02734375 0.03333333333333333
30 0.3109375 0.4354166666666667 0.05625 0.06527777777777778
20 0.95 0.3125 0.03125 0.625
20 0.065625 0.36041666666666666 0.0359375 0.2902777777777778
20 0.672265625 0.2861111111111111 0.04765625 0.4666666666666667
20 0.15625 0.3701388888888889 0.028125 0.2263888888888889
20 0.621875 0.33541666666666664 0.0296875 0.29305555555555557
24 0.7125 0.7375 0.5734375 0.5222222222222223
14 0.77578125 0.4840277777777778 0.109375 0.09583333333333334
29 0.657421875 0.38125 0.05078125 0.19027777777777777
29 0.871484375 0.38263888888888886 0.13984375 0.3375