18 0.3203125 0.9118055555555555 0.0890625 0.1125
18 0.48203125 0.6145833333333334 0.0234375 0.04027777777777778
18 0.274609375 0.8777777777777778 0.06796875 0.11388888888888889
18 0.260546875 0.8909722222222223 0.03984375 0.0875
30 0.4015625 0.42916666666666664 0.1203125 0.21944444444444444
30 0.135546875 0.3840277777777778 0.27109375 0.5736111111111111
30 0.56640625 0.4527777777777778 0.021875 0.044444444444444446
20 0.815234375 0.4027777777777778 0.07578125 0.8055555555555556
20 0.502734375 0.2798611111111111 0.04296875 0.5597222222222222
20 0.61796875 0.27152777777777776 0.0171875 0.5347222222222222
20 0.9828125 0.41458333333333336 0.0328125 0.8263888888888888
24 0.4859375 0.7361111111111112 0.9703125 0.5222222222222223
29 0.7640625 0.40625 0.034375 0.06527777777777778
29 0.658203125 0.4527777777777778 0.07265625 0.1388888888888889
13 0.879296875 0.8868055555555555 0.23828125 0.21805555555555556