4 0.6016335615930226 0.3888074060754411 0.05030988855894432 0.06768482134521163
18 0.3633540027716452 0.72765121709459 0.08920490399835054 0.10597671942852413
31 0.19489313126820615 0.43690768410072944 0.3897862625364123 0.5011846317985411
30 0.3902300545001401 0.4216431483485701 0.1307535579967011 0.2109676065492511
30 0.5635341680195133 0.37848819304764275 0.0249234436526514 0.04355655230214129
30 0.47269321351305554 0.39355733499543966 0.06679870658477541 0.12078582283046396
20 0.83071631367134 0.2870744573873983 0.12137987265731986 0.5741489147747966
20 0.6930912873781278 0.2961112888111147 0.11694242524374446 0.5922225776222294
20 0.47900906116405767 0.25164810246483077 0.08495062767188469 0.5032962049296615
20 0.5887705060703505 0.22678853978359909 0.06152148785929903 0.45357707956719817
20 0.531410815551802 0.31320282120380394 0.03024509263643722 0.22554948030270686
24 0.46084276821105136 0.6881472301082477 0.4278571931904331 0.6128129008416114
29 0.7411381623781278 0.28734384574586685 0.037832620612255674 0.06881513126812075
29 0.9272790766034639 0.19949394762720224 0.02439224623907634 0.05881816889454525
29 0.6403580866325937 0.360932174658795 0.08529029381093611 0.1531019745385041
13 0.8251068508516122 0.716016623205383 0.3329191147397609 0.4428503254119559