18 0.70859375 0.6131944444444445 0.1125 0.13472222222222222
18 0.883984375 0.5659722222222222 0.05859375 0.06527777777777778
6 0.360546875 0.5013888888888889 0.04453125 0.044444444444444446
19 0.2546875 0.49236111111111114 0.0125 0.06527777777777778
30 0.6140625 0.46944444444444444 0.05 0.08055555555555556
30 0.567578125 0.46597222222222223 0.02265625 0.04027777777777778
20 0.2046875 0.3347222222222222 0.0375 0.3388888888888889
20 0.965234375 0.29583333333333334 0.06796875 0.5916666666666667
20 0.728515625 0.3861111111111111 0.01015625 0.21388888888888888
20 0.9921875 0.29583333333333334 0.0140625 0.5916666666666667
17 0.499609375 0.7395833333333334 0.99609375 0.5152777777777777
16 0.021484375 0.6666666666666666 0.04296875 0.2611111111111111
29 0.40625 0.3840277777777778 0.0484375 0.2375
29 0.231640625 0.36666666666666664 0.04765625 0.11944444444444445