30 0.73203125 0.4583333333333333 0.1625 0.3277777777777778
30 0.508984375 0.39305555555555555 0.06171875 0.11944444444444445
30 0.583203125 0.4076388888888889 0.06328125 0.05416666666666667
30 0.630859375 0.38819444444444445 0.01953125 0.0375
30 0.56015625 0.39375 0.034375 0.06527777777777778
30 0.651171875 0.38472222222222224 0.05859375 0.04722222222222222
20 0.882421875 0.24444444444444444 0.02265625 0.4166666666666667
20 0.33125 0.3333333333333333 0.0265625 0.28055555555555556
20 0.163671875 0.29444444444444445 0.01640625 0.4527777777777778
20 0.391015625 0.35138888888888886 0.01328125 0.21944444444444444
24 0.7953125 0.7138888888888889 0.4078125 0.5666666666666667
29 0.07421875 0.3159722222222222 0.0953125 0.4513888888888889