18 0.6505078301558604 0.371485448218037 0.08373980032431164 0.10130142964730737
18 0.730872327314839 0.335688206237281 0.10880798417168744 0.11031590736054066
30 0.53173539793169 0.3438504505146087 0.08657447402541756 0.1514954952662564
30 0.48850270799688184 0.4140426425921814 0.02926080600635448 0.03850458707814823
30 0.4360021351479174 0.43434899697093016 0.02375114569792878 0.033885100633933976
30 0.5774385229316901 0.3400661709451041 0.03512502232113448 0.07923518463347361
30 0.6491069943196048 0.315397169567161 0.04365058847375849 0.07300231412517522
20 0.8221098920461285 0.14297917287342274 0.10421771590774291 0.2859583457468455
20 0.8208922654229232 0.15129506792353709 0.049356892044480814 0.2566590901567568
17 0.4989415787361735 0.5831788591165006 0.9972076055165919 0.8319603797361078
20 0.07830841193327859 0.3723743700034533 0.10717512053412548 0.421038887233754
29 0.5095408210238881 0.2589532068787178 0.05333923417168744 0.10572302104541555