6 0.38671875 0.5756944444444444 0.059375 0.07361111111111111
18 0.155859375 0.6145833333333334 0.05234375 0.059722222222222225
19 0.501953125 0.5465277777777777 0.02890625 0.13194444444444445
30 0.769140625 0.5333333333333333 0.06015625 0.11944444444444445
30 0.374609375 0.5638888888888889 0.09140625 0.09722222222222222
30 0.6875 0.5180555555555556 0.034375 0.044444444444444446
20 0.9078125 0.43819444444444444 0.015625 0.2986111111111111
20 0.50546875 0.42916666666666664 0.00625 0.1111111111111111
20 0.415234375 0.4409722222222222 0.00859375 0.2986111111111111
15 0.240234375 0.3597222222222222 0.04453125 0.46944444444444444
29 0.394921875 0.4125 0.04609375 0.22777777777777777
30 0.623828125 0.5465277777777777 0.05859375 0.12916666666666668