1 0.7939472621407009 0.43211053462111 0.06283262061225567 0.07060936862512347
30 0.8676832846729894 0.363131924861295 0.0787136848771631 0.18230236119512364
6 0.12092664195741014 0.6730090018582098 0.09992945533113406 0.1429297323533951
30 0.5226387318887091 0.5280016481792276 0.19400136724704353 0.40498064167407427
13 0.32588039799450713 0.48131920424027724 0.10332723997087019 0.15972570601092603
30 0.6331916185671916 0.4276587335395052 0.1394609682632577 0.22090263188037054
20 0.9046240008579298 0.27311227474055494 0.16887699828414035 0.5462245494811099
20 0.6654239342835958 0.21423345111620323 0.10352713143280834 0.42846690223240647
20 0.5761257535630679 0.1826134354118206 0.08837349287386402 0.3652268708236412
17 0.504213509237707 0.6758865687296288 0.9786611752437446 0.6456407227234583
29 0.36645875963341845 0.4109367034806168 0.04632708221159589 0.11156484684203716