6 0.20234375 0.5611111111111111 0.065625 0.06944444444444445
19 0.087890625 0.5416666666666666 0.02109375 0.044444444444444446
19 0.311328125 0.5298611111111111 0.02265625 0.0763888888888889
30 0.534375 0.5090277777777777 0.0484375 0.09305555555555556
30 0.484375 0.4951388888888889 0.0421875 0.08194444444444444
30 0.431640625 0.49166666666666664 0.03828125 0.09444444444444444
20 0.28046875 0.45416666666666666 0.009375 0.19722222222222222
20 0.330859375 0.4583333333333333 0.00703125 0.14444444444444443
20 0.7125 0.7333333333333333 0.0078125 0.20277777777777778
20 0.646484375 0.4201388888888889 0.00859375 0.25972222222222224
24 0.590234375 0.7736111111111111 0.51484375 0.45
16 0.31015625 0.5541666666666667 0.021875 0.058333333333333334
29 0.05625 0.42291666666666666 0.06875 0.2263888888888889
29 0.278125 0.4166666666666667 0.0546875 0.2722222222222222
29 0.8015625 0.43333333333333335 0.0296875 0.05277777777777778