19 0.66875 0.45208333333333334 0.0140625 0.06805555555555555
30 0.548828125 0.4215277777777778 0.11484375 0.10972222222222222
30 0.809375 0.4326388888888889 0.0296875 0.05694444444444444
30 0.964453125 0.46944444444444444 0.06953125 0.15833333333333333
30 0.6125 0.42083333333333334 0.0234375 0.058333333333333334
30 0.61875 0.43125 0.046875 0.07916666666666666
30 0.362109375 0.41944444444444445 0.16796875 0.13333333333333333
20 0.892578125 0.24375 0.03671875 0.4875
20 0.038671875 0.25 0.05546875 0.5
20 0.043359375 0.25069444444444444 0.02265625 0.4986111111111111
9 0.894921875 0.5222222222222223 0.02578125 0.030555555555555555
17 0.6877265625 0.7502222222222221 0.5620546874999999 0.49955555555555564
29 0.16640625 0.40625 0.053125 0.12638888888888888