30 0.5044530207828629 0.4081367470748747 0.04364299214211727 0.05948613900178354
30 0.3726433256833444 0.32273971657026784 0.054417826302516924 0.08404350168328294
30 0.43560349421128636 0.4034674255006374 0.0705693651776464 0.0758498396901495
20 0.6470643599056615 0.2616020292490179 0.06368378018867701 0.5232040584980358
20 0.44859154962849646 0.23937781345887496 0.05096330231458364 0.4787556269177499
20 0.5974271559148028 0.2573355181177163 0.04891065074300691 0.5146710362354326
20 0.541695136477238 0.2508765656588618 0.04245728949430205 0.43068932107128005
9 0.5524784710519226 0.49371966129188 0.016299242142117264 0.05693853861996906
17 0.39056287985995486 0.6742072998659696 0.7811257597199097 0.6515854002680608
29 0.7668460129249801 0.328269805018575 0.24143844499481998 0.4104343092608059
29 0.9152203736569564 0.30197636866560795 0.1334204296933393 0.24380898336546628
18 0.5519069286621364 0.7237656967710728 0.047022703266987695 0.069499515553356