9 0.38359375 0.5034722222222222 0.0203125 0.04027777777777778
9 0.323828125 0.4930555555555556 0.02890625 0.03888888888888889
30 0.473828125 0.44930555555555557 0.02734375 0.0625
30 0.10859375 0.36319444444444443 0.046875 0.05416666666666667
30 0.136328125 0.35347222222222224 0.10390625 0.07361111111111111
20 0.762109375 0.25763888888888886 0.01796875 0.5125
20 0.060546875 0.20694444444444443 0.02109375 0.23333333333333334
9 0.48359375 0.4895833333333333 0.0125 0.02638888888888889
9 0.26640625 0.4673611111111111 0.0265625 0.034722222222222224
13 0.119140625 0.5909722222222222 0.23828125 0.15416666666666667
13 0.44609375 0.4166666666666667 0.1796875 0.1