18 0.428515625 0.8159722222222222 0.04765625 0.08472222222222223
18 0.442578125 0.6736111111111112 0.03828125 0.03333333333333333
31 0.24765625 0.42569444444444443 0.4953125 0.37083333333333335
30 0.48671875 0.49166666666666664 0.0640625 0.10555555555555556
30 0.4328125 0.5201388888888889 0.046875 0.09583333333333334
20 0.481640625 0.33541666666666664 0.05546875 0.6708333333333333
20 0.64765625 0.29930555555555555 0.01875 0.5986111111111111
20 0.5578125 0.40208333333333335 0.009375 0.25416666666666665
17 0.49921875 0.7486111111111111 0.9953125 0.49722222222222223
30 0.098046875 0.5993055555555555 0.19453125 0.30416666666666664
29 0.807421875 0.4340277777777778 0.03828125 0.07083333333333333
29 0.688671875 0.4895833333333333 0.06953125 0.15416666666666667
29 0.52421875 0.4097222222222222 0.01875 0.044444444444444446