0 0.47890625 0.5020833333333333 0.025 0.034722222222222224
0 0.321484375 0.46597222222222223 0.02265625 0.029166666666666667
0 0.39609375 0.4951388888888889 0.0265625 0.03194444444444444
18 0.072265625 0.5909722222222222 0.05703125 0.07361111111111111
18 0.141796875 0.6055555555555555 0.03515625 0.03888888888888889
18 0.040234375 0.6166666666666667 0.04140625 0.03888888888888889
3 0.4625 0.7097222222222223 0.9234375 0.5722222222222222
30 0.153125 0.35694444444444445 0.121875 0.06944444444444445
30 0.050390625 0.5854166666666667 0.10078125 0.10138888888888889
30 0.4125 0.37777777777777777 0.04375 0.03333333333333333
30 0.1265625 0.3458333333333333 0.06875 0.04722222222222222
20 0.776171875 0.2569444444444444 0.01796875 0.5027777777777778
14 0.521875 0.4354166666666667 0.015625 0.034722222222222224
13 0.151171875 0.5694444444444444 0.30234375 0.13333333333333333