18 0.102734375 0.4361111111111111 0.20546875 0.2916666666666667
30 0.27734375 0.4597222222222222 0.0765625 0.10833333333333334
30 0.34453125 0.4548611111111111 0.0390625 0.0625
30 0.305859375 0.45555555555555555 0.01953125 0.08055555555555556
24 0.721875 0.7069444444444445 0.54375 0.5583333333333333
30 0.52578125 0.45694444444444443 0.015625 0.025
30 0.81328125 0.45208333333333334 0.025 0.05138888888888889
30 0.484765625 0.45208333333333334 0.01484375 0.03194444444444444
30 0.371875 0.4479166666666667 0.0171875 0.05416666666666667
20 0.706640625 0.3020833333333333 0.01171875 0.4847222222222222
17 0.225 0.7326388888888888 0.4484375 0.5291666666666667
15 0.695703125 0.3020833333333333 0.05234375 0.48194444444444445