30 0.399609375 0.4215277777777778 0.14140625 0.29583333333333334
18 0.524609375 0.4756944444444444 0.05390625 0.05138888888888889
13 0.835546875 0.5451388888888888 0.32265625 0.19583333333333333
30 0.718359375 0.4701388888888889 0.11015625 0.10416666666666667
30 0.525390625 0.45902777777777776 0.05859375 0.09861111111111111
30 0.5671875 0.45694444444444443 0.040625 0.07222222222222222
30 0.542578125 0.43680555555555556 0.09296875 0.1486111111111111
20 0.299609375 0.39305555555555555 0.01640625 0.32222222222222224
20 0.857421875 0.25763888888888886 0.04453125 0.3763888888888889
20 0.8265625 0.3263888888888889 0.0078125 0.2
20 0.12265625 0.3416666666666667 0.0546875 0.5333333333333333
29 0.315625 0.3368055555555556 0.08125 0.4236111111111111