26 0.5657650933805026 0.4463464025698757 0.009057541469812237 0.023966705335987607
30 0.5676004118921569 0.4323928601855547 0.0300520877489479 0.05952942299882725
20 0.0982365867994897 0.2644667059276233 0.06127978429823613 0.298128532421173
20 0.1882477451482676 0.2919668031925614 0.04830606914462647 0.23375474231654322
20 0.26185265349704545 0.3201457621595366 0.038757454353836526 0.18478803698055563
20 0.7174441718272899 0.2950492682410792 0.0924975571637269 0.49648219081345696
20 0.6580865299946579 0.33636266320867186 0.0575917891075596 0.30907800979370376
20 0.6185329566736801 0.36297900059447435 0.03930309137714509 0.2125658147583334
20 0.31055304832490227 0.3444980659423144 0.03266122177703164 0.1526173053020988
24 0.6768873433380935 0.730402442675215 0.4805605523544035 0.5014374733172231
9 0.7412350747337721 0.554269845242252 0.012155259618646852 0.022707123437962985
9 0.7388367610314412 0.5571446032631778 0.018623514427970278 0.03407684853080247
29 0.9066988728270063 0.4364024438584863 0.17568951387981607 0.40000580631450633
29 0.6910069127992061 0.38912311634969027 0.07432293212131783 0.20707607396111125
29 0.11551832867845531 0.3185681384674072 0.05189237141421192 0.13814769621722228
25 0.2331758265902797 0.7033671131387651 0.4663516531805594 0.565487995944692