28 0.2119337490252943 0.3442725369562976 0.032449420671545236 0.06587743270716899
4 0.9407419173893838 0.7921320581265469 0.10169940734404506 0.14653441564504924
12 0.08755164069461235 0.3712588387147229 0.1649988386775904 0.1532407799906486
30 0.625120368037862 0.53444018404921 0.09779315734404506 0.14629191030135663
30 0.8994942067154522 0.694471113663254 0.08135963534372692 0.14110672119118056
20 0.14426417001511294 0.2067923622458192 0.13540334003022586 0.4040785150188849
20 0.8646595807009756 0.5028022343741635 0.07745448002863498 0.37965610259889976
20 0.2505187153484993 0.2140829520387049 0.10572493069699859 0.40362436329570933
20 0.4074005166892035 0.3203109435641904 0.07076812802354446 0.31260142738232477
20 0.9476067986752043 0.4962832953111087 0.10478640264959153 0.4343739231262189
17 0.704304430716884 0.7010958464786194 0.260493699355499 0.30633163153023396
30 0.5321967977004984 0.47591502962591536 0.14596757535009014 0.2284171421610741