4 0.5519418449634108 0.44470665732793496 0.018141472668681758 0.027504413469875366
18 0.3846342505967759 0.8910272434085086 0.07190281934277234 0.12802470836631794
18 0.407100691279457 0.6799954923303457 0.04639374200349984 0.04869489638890706
18 0.3701581252586171 0.9550947070902466 0.04246931066995439 0.045674613267436825
12 0.839205761298547 0.403271403455411 0.3168431493475449 0.2057055428814806
31 0.17845144299013682 0.4812301158356165 0.35690288598027364 0.49031754610654477
30 0.37420746996341075 0.4557406504659526 0.11482666335136286 0.2431437660781992
30 0.2900364626233429 0.5491247092654206 0.10125451201463562 0.19787480346519967
20 0.43367846930697845 0.3293154299316562 0.10285556405154317 0.6586308598633124
20 0.6137568679782055 0.2671560142866069 0.05842376404358891 0.5343120285732138
20 0.523667396304115 0.3499734190934832 0.025918704686499084 0.26122575535311693
24 0.5964129109444798 0.689761760939028 0.4152913820416799 0.5713933965585432
29 0.778454893638615 0.31888429290694187 0.044277258672817864 0.08327161540491375