18 0.412890625 0.5298611111111111 0.05859375 0.09861111111111111
31 0.78203125 0.6236111111111111 0.3171875 0.1527777777777778
30 0.220703125 0.5277777777777778 0.06796875 0.09166666666666666
30 0.070703125 0.6319444444444444 0.14140625 0.525
30 0.653515625 0.5041666666666667 0.03828125 0.06666666666666667
30 0.594921875 0.49236111111111114 0.03984375 0.08194444444444444
30 0.451953125 0.5256944444444445 0.02578125 0.034722222222222224
30 0.64453125 0.5118055555555555 0.0203125 0.04583333333333333
30 0.766015625 0.5298611111111111 0.02421875 0.04861111111111111
30 0.623828125 0.5006944444444444 0.01953125 0.04861111111111111
30 0.413671875 0.4638888888888889 0.06171875 0.23055555555555557
30 0.408984375 0.5222222222222223 0.11015625 0.11388888888888889
20 0.990234375 0.42916666666666664 0.01796875 0.45555555555555555
29 0.4984375 0.41805555555555557 0.0453125 0.20277777777777778
29 0.26796875 0.4173611111111111 0.10625 0.19305555555555556