6 0.09609375 0.5236111111111111 0.115625 0.125
30 0.69296875 0.4222222222222222 0.075 0.14166666666666666
30 0.54453125 0.39444444444444443 0.0609375 0.11388888888888889
30 0.608984375 0.4027777777777778 0.03359375 0.04722222222222222
30 0.044140625 0.5215277777777778 0.08828125 0.12638888888888888
30 0.5625 0.38680555555555557 0.0296875 0.10138888888888889
20 0.838671875 0.2833333333333333 0.01640625 0.3111111111111111
20 0.40546875 0.35 0.0125 0.225
20 0.291015625 0.3194444444444444 0.01328125 0.35555555555555557
20 0.9546875 0.24375 0.021875 0.4847222222222222
20 0.024609375 0.2388888888888889 0.02421875 0.475
17 0.49765625 0.8138194444444445 0.99375 0.3668055555555555
29 0.145703125 0.31180555555555556 0.07265625 0.25972222222222224
29 0.4140625 0.3138888888888889 0.0546875 0.2972222222222222