8 0.44216093886998964 0.7151098410779039 0.24711693627730416 0.5564635010962395
18 0.6502466705232253 0.38860490473164355 0.11086984318774995 0.22033428269325128
19 0.7772995290326776 0.4748595204046147 0.05227609318774995 0.21912219379022166
30 0.49862962836874763 0.4084068413608136 0.013363063231716588 0.02527474015135343
30 0.762708036497137 0.3980832495933822 0.09724770472226432 0.11589287587523119
30 0.8950392683467644 0.3036853425985554 0.11358123184962707 0.09401003854585734
20 0.1800068933958623 0.3761117161044061 0.034361885342227706 0.23541715319329262
20 0.2667574596526409 0.36459560230569993 0.026458481751431506 0.2074777635617775
20 0.7559247592224801 0.21105727576210515 0.02721298155503966 0.4221145515242103
20 0.7458727879114722 0.29079990678271533 0.019822662371394982 0.32816564622674727
24 0.6664637746914761 0.6847771364311994 0.6644726079202771 0.6164824629746998
29 0.03323013563681529 0.3715272912511519 0.06646027127363058 0.3013898619421406
13 0.8931038031840763 0.5370429177099493 0.21101074375348433 0.2654584699766441
25 0.28130629386340045 0.7156935898578618 0.5626125877268009 0.5686128202842765