18 0.82265625 0.7055555555555556 0.1375 0.14166666666666666
18 0.806640625 0.5180555555555556 0.38359375 0.5361111111111111
23 0.490625 0.4930555555555556 0.075 0.12777777777777777
30 0.17109375 0.4986111111111111 0.3421875 0.9972222222222222
30 0.453515625 0.4576388888888889 0.02265625 0.04583333333333333
20 0.65234375 0.1875 0.0203125 0.375
20 0.7421875 0.15555555555555556 0.015625 0.30833333333333335
20 0.61171875 0.2611111111111111 0.0171875 0.5166666666666667
20 0.56015625 0.2548611111111111 0.0125 0.4736111111111111
29 0.3859375 0.37777777777777777 0.03125 0.07777777777777778
24 0.469921875 0.7583333333333333 0.38515625 0.41944444444444445