8 0.430078125 0.7291666666666666 0.23203125 0.5333333333333333
19 0.795703125 0.5506944444444445 0.04140625 0.24861111111111112
30 0.847265625 0.4270833333333333 0.28046875 0.17916666666666667
30 0.890625 0.375 0.115625 0.08333333333333333
20 0.166796875 0.36527777777777776 0.02734375 0.2361111111111111
20 0.737890625 0.2652777777777778 0.05546875 0.5305555555555556
20 0.753515625 0.2659722222222222 0.01328125 0.5319444444444444
20 0.25625 0.36180555555555555 0.0203125 0.20416666666666666
24 0.662890625 0.7284722222222222 0.67109375 0.5375
2 0.641796875 0.4340277777777778 0.10859375 0.2152777777777778
29 0.022265625 0.36666666666666664 0.04453125 0.275
25 0.27109375 0.7270833333333333 0.540625 0.5402777777777777