19 0.45295762476833196 0.4779295532922779 0.046751003628197195 0.15368280415870667
31 0.786924625042409 0.3050500742626176 0.28243553248413755 0.22519782643749187
30 0.1490017729078998 0.48899588270032174 0.26763891170289783 0.3068028859890881
30 0.4826438801682185 0.418845697892318 0.06843503067003916 0.14441309512694872
20 0.7961297274934044 0.2170818864134053 0.07663445498680872 0.402811073201777
20 0.8593427728654908 0.21491872020645514 0.07962304573098145 0.3959312734988275
20 0.8968613756329722 0.2365197098450406 0.08278525126594438 0.43764642372161533
20 0.5838393032190436 0.24323351895461984 0.07384427168436432 0.3402787508310296
20 0.02275052499607539 0.38295403200367656 0.03677085761921385 0.32146361956290864
20 0.2749851475914137 0.38261853932383544 0.03586806733052796 0.15623432534125214
20 0.22392611723786068 0.34754836508945214 0.03356895734906136 0.11870200297050468
9 0.9405667521729935 0.49356968852104016 0.06704365626060209 0.0735797617936154
17 0.733420151767765 0.674898357981452 0.5331596964644701 0.650203284037096