18 0.8413839796663979 0.6235888671371492 0.14443453547936258 0.16294536010834218
18 0.8055208410606589 0.43969998413574646 0.3889583178786822 0.5952293709088181
23 0.5003236980893095 0.4632913288321978 0.0815525895630465 0.13962083016481458
30 0.18848714160096391 0.5 0.3763740824762884 1
30 0.46141496551250477 0.4337234367559418 0.025146332939624472 0.04872575535311701
20 0.6465153906515055 0.16108237645703233 0.038343281303011165 0.32216475291406466
20 0.7340736715956219 0.12143950838027229 0.03064734319124369 0.24287901676054457
20 0.609303094688856 0.23660045873105137 0.04204368937771204 0.47320091746210274
20 0.5576314672841943 0.22631056157357515 0.035865611247410986 0.4526211231471503
29 0.3900607933263198 0.3651476157413743 0.03517609736759475 0.08264110151131282
24 0.4926848294386545 0.7314527075774949 0.4057961653310949 0.4788052095858442