0 0.5932944783422226 0.7111111111111111 0.05149107123840295 0.11388888888888889
18 0.5968081437110767 0.5319444444444444 0.16341049620027803 0.18888888888888888
19 0.02665701163505224 0.33541666666666664 0.047640679045937606 0.2375
31 0.19938534360703136 0.28125 0.3984070113022572 0.5347222222222222
30 0.4330622271079516 0.40694444444444444 0.06326437262517359 0.11805555555555555
20 0.8398856698794273 0.5104166666666666 0.14842780793937535 0.775
20 0.44362565287758693 0.2590277777777778 0.09193880575517391 0.5180555555555556
20 0.7312730828734552 0.44930555555555557 0.12201012509371552 0.7263888888888889
20 0.5793819681320661 0.30486111111111114 0.08928658444052111 0.5541666666666667
9 0.37961933729031266 0.4125 0.025727351823611144 0.05555555555555555
24 0.5999260114444274 0.7104166666666667 0.571645142761146 0.5791666666666667
29 0.847003266384705 0.5625 0.30599346723059 0.7277777777777777