18 0.5415663645507641 0.4917820613482443 0.0618285059839236 0.07120773361472807
19 0.3463178344405211 0.5366276246451167 0.076637848023889 0.24824322313113972
31 0.9124841024407466 0.5230784869670114 0.17503179511850675 0.3190575187820795
30 0.23663273009991342 0.4290303168826646 0.13975413744281254 0.11965301944196843
30 0.27262478148668423 0.4313380067452039 0.06771548328250007 0.1034350658337137
30 0.5911299534565975 0.4558623255048206 0.015806837955902785 0.014697139673292113
30 0.5443731481279344 0.46731485563580805 0.04284211664125017 0.05218227711788867
30 0.60301235761691 0.4677561374165181 0.04113414627652787 0.04099034092833733
20 0.11393815287758693 0.253309403478125 0.056526022985764035 0.32215208457219524
17 0.5029184991922396 0.6973759418795249 0.9941630016155207 0.6052481162409502
16 0.3393963404244448 0.6050873055928739 0.10521678970326401 0.22473848708228558
29 0.8276928347733161 0.320670264978298 0.19208558254066013 0.641340529956596
29 0.44798780418810785 0.39030074097622325 0.04833035685760425 0.1732176731473228
29 0.9381091571522744 0.21608828626914012 0.12378168569545131 0.3495215618307813
13 0.8315783411837504 0.9076274526276612 0.055342116641249814 0.05282887774541128