30 0.11149052063535747 0.5259480484882788 0.08403008723582164 0.13419792748579482
30 0.4215285959673224 0.48662905066196044 0.02752101200205246 0.05444947783803242
20 0.8521783718276442 0.18393611623559242 0.057481743655288395 0.36787223247118483
20 0.583964442572918 0.22915269416710404 0.08823229478675643 0.4583053883342081
20 0.14745503127217274 0.41446120253521024 0.04445904800821019 0.21711916454085206
20 0.2845871321698718 0.4199875509632343 0.026953385440423538 0.1197191752966284
20 0.2083516246563145 0.4013309376390234 0.032522129390299345 0.15033129308645718
20 0.07194623160413773 0.3791298422251508 0.03584257211051114 0.2100858365854069
20 0.060391108067570844 0.42925104701287903 0.03991244857394425 0.26012623818131636
9 0.44659222848087976 0.5058149248925847 0.012568177693097126 0.020962618440243354
17 0.6712190028777683 0.6507019348712428 0.6575619942444634 0.6915339312925491
13 0.17427913953613533 0.6134960673981726 0.3240101926220159 0.1783452521412992
9 0.5021405191228265 0.5295467777862265 0.018909081283893413 0.0488050387714763