31 0.8157851145507641 0.444071867433904 0.20939449021635426 0.14019509623512363
18 0.496900369109792 0.61284046937236 0.029506315254479176 0.04852651087982293
30 0.2527207636770835 0.39362908035682975 0.3115057701359724 0.48957144680509607
30 0.5714259573984898 0.420254127345444 0.031214285619201476 0.05978319915560917
20 0.9504724520801563 0.45803738228239826 0.09905509583968737 0.9160747645647965
20 0.5191166153585245 0.2737085572149536 0.05854573071704898 0.5474171144299071
20 0.6428447294827778 0.2554612121225242 0.029221253418472416 0.5109224242450484
20 0.5641212972542536 0.3402808804485889 0.014809995250347364 0.23720293984617444
17 0.46354366166284755 0.6938209447729904 0.9147223423243057 0.6123581104540193
29 0.7923648185307814 0.35795189758607987 0.036047255983923596 0.07133104176074564
29 0.8813273076550349 0.34201511031070947 0.07699956430454868 0.10011604804229858
29 0.6824361925808509 0.41547370420906643 0.07064111474138883 0.1508498396901495