18 0.446875 0.6229166666666667 0.0515625 0.04861111111111111
12 0.853125 0.46875 0.290625 0.10138888888888889
31 0.26328125 0.3861111111111111 0.5265625 0.4222222222222222
30 0.53984375 0.44305555555555554 0.0421875 0.06944444444444445
30 0.569140625 0.4340277777777778 0.02734375 0.06805555555555555
20 0.68359375 0.3 0.040625 0.6
20 0.77890625 0.30694444444444446 0.0390625 0.6138888888888889
20 0.64296875 0.2548611111111111 0.0578125 0.5097222222222222
20 0.541796875 0.2604166666666667 0.03828125 0.5125
24 0.42578125 0.7305555555555555 0.590625 0.5388888888888889
13 0.822265625 0.7479166666666667 0.35234375 0.31805555555555554