11 0.7595558267026357 0.5036389216630318 0.050183006492821744 0.17827875756705458
18 0.46334902840691905 0.5686239559294719 0.03311250892845372 0.030894928961194522
18 0.2968735046644501 0.7189700206387006 0.041238654626382674 0.06292017659745788
12 0.8376537558839138 0.4822489723165434 0.3246924882321725 0.09228262294527952
31 0.267599264608849 0.4027271077238853 0.531271139608849 0.4054542154477706
30 0.4673021199252174 0.4540931446708209 0.06893696063273716 0.09931409887993475
30 0.5711674596167919 0.45100116045534455 0.023078989853730292 0.04328988481183021
30 0.5309077881477993 0.4082279530659575 0.02290171185055314 0.025234329256274654
20 0.6718952524339843 0.28747634893483787 0.032853004867968674 0.561393922282477
20 0.6113211038950339 0.2840723464204642 0.03670470779006792 0.5558787683228309
20 0.5292421252018709 0.27836280179525547 0.07337286485208257 0.471544401421339
24 0.48919737235920185 0.7306125807950262 0.6787422033258412 0.5387748384099477