18 0.412890625 0.5201388888888889 0.03671875 0.034722222222222224
18 0.828515625 0.5715277777777777 0.03203125 0.04583333333333333
30 0.569921875 0.4847222222222222 0.03828125 0.08055555555555556
30 0.62734375 0.4965277777777778 0.040625 0.07083333333333333
30 0.595703125 0.5020833333333333 0.01484375 0.03194444444444444
30 0.35234375 0.5118055555555555 0.0546875 0.05416666666666667
20 0.918359375 0.30069444444444443 0.06640625 0.5736111111111111
20 0.799609375 0.38472222222222224 0.03203125 0.3333333333333333
20 0.401171875 0.41944444444444445 0.02578125 0.18888888888888888
17 0.49921875 0.7555555555555555 0.996875 0.48333333333333334
20 0.286328125 0.3763888888888889 0.03203125 0.2833333333333333
30 0.516796875 0.5104166666666666 0.03515625 0.06527777777777778
29 0.464453125 0.4097222222222222 0.04609375 0.20833333333333334
13 0.16640625 0.5388888888888889 0.0625 0.07222222222222222