30 0.11171875 0.41180555555555554 0.2234375 0.6430555555555556
12 0.829296875 0.4930555555555556 0.33828125 0.08055555555555556
31 0.353515625 0.44930555555555557 0.34140625 0.2375
30 0.388671875 0.46111111111111114 0.10078125 0.16944444444444445
30 0.539453125 0.46597222222222223 0.02734375 0.059722222222222225
30 0.533984375 0.4215277777777778 0.02421875 0.0375
20 0.5890625 0.27569444444444446 0.021875 0.5513888888888889
20 0.633984375 0.2798611111111111 0.02109375 0.5597222222222222
24 0.49453125 0.7486111111111111 0.296875 0.49722222222222223
24 0.264453125 0.74375 0.52890625 0.5097222222222222
13 0.3171875 0.7541666666666667 0.0546875 0.07222222222222222
13 0.636328125 0.5805555555555556 0.11640625 0.07222222222222222