0 0.01796875 0.5138888888888888 0.0359375 0.07222222222222222
0 0.100390625 0.6402777777777777 0.07578125 0.14722222222222223
8 0.705078125 0.8930555555555556 0.16640625 0.20833333333333334
12 0.303125 0.5201388888888889 0.4078125 0.19305555555555556
30 0.52578125 0.4638888888888889 0.021875 0.05
30 0.56640625 0.4638888888888889 0.01875 0.041666666666666664
30 0.075 0.3993055555555556 0.065625 0.043055555555555555
30 0.142578125 0.39375 0.20078125 0.07916666666666666
30 0.441796875 0.44583333333333336 0.02421875 0.030555555555555555
20 0.88671875 0.29930555555555555 0.0328125 0.5986111111111111
9 0.092578125 0.6645833333333333 0.05546875 0.10138888888888889
17 0.485546875 0.7388888888888889 0.96953125 0.5166666666666667
24 0.724609375 0.7444444444444445 0.49609375 0.5055555555555555
13 0.325390625 0.4625 0.36484375 0.1527777777777778
23 0.390234375 0.5083333333333333 0.05078125 0.12222222222222222