18 0.901171875 0.5770833333333333 0.06796875 0.06805555555555555
19 0.40625 0.4875 0.0203125 0.07777777777777778
6 0.338671875 0.5097222222222222 0.07421875 0.05277777777777778
30 0.608203125 0.47638888888888886 0.04140625 0.08333333333333333
30 0.574609375 0.46875 0.03515625 0.05138888888888889
30 0.52890625 0.4597222222222222 0.0375 0.07222222222222222
20 0.39609375 0.42777777777777776 0.0078125 0.18055555555555555
20 0.723046875 0.3923611111111111 0.01015625 0.22083333333333333
15 0.187109375 0.33541666666666664 0.03984375 0.3541666666666667
2 0.47578125 0.49722222222222223 0.0515625 0.10555555555555556
29 0.3921875 0.39166666666666666 0.05 0.24722222222222223
29 0.215625 0.36944444444444446 0.0484375 0.125