18 0.456640625 0.6604166666666667 0.02421875 0.0375
30 0.517578125 0.47847222222222224 0.04921875 0.07083333333333333
30 0.567578125 0.46944444444444444 0.03828125 0.06111111111111111
20 0.682421875 0.2923611111111111 0.01796875 0.5847222222222223
20 0.612109375 0.29791666666666666 0.07265625 0.5375
24 0.531640625 0.7506944444444444 0.22734375 0.4930555555555556
29 0.809375 0.4013888888888889 0.0390625 0.07222222222222222
29 0.830859375 0.5395833333333333 0.03359375 0.16805555555555557
29 0.697265625 0.39166666666666666 0.06796875 0.1638888888888889
29 0.882421875 0.58125 0.08046875 0.13194444444444445
31 0.2375 0.4986111111111111 0.475 0.33055555555555555