30 0.35598313660926906 0.537273012450705 0.18800958098930573 0.40603619987295503
12 0.15651667432434951 0.44921079547793324 0.2654482588787946 0.20116408452458676
19 0.8246722975663288 0.7700463855898367 0.15314422247985354 0.4599072288203265
30 0.9080741082639626 0.6646673246731457 0.1838517834720747 0.4309391977354781
30 0.6155487737095175 0.49228850669515795 0.07855224687674198 0.13540566242940946
30 0.035443117191855084 0.32852293591338455 0.0701317345801019 0.4264903162712136
30 0.7937283158639952 0.5200134170342113 0.12549087939029951 0.15776017099816625
30 0.7680129709673225 0.5385517706547286 0.17492325282867044 0.22609351610647177
17 0.5001853819734801 0.6534722222222222 0.9983617945903648 0.6930555555555555
20 0.22655620311153743 0.25082236442099315 0.09842490622307487 0.4796252436346899
30 0.528866385145836 0.4980159991762913 0.04951873184962743 0.09472223399719455
29 0.2678831729100143 0.34850755941865535 0.09864709913967831 0.3088404113700951
13 0.7449277223816576 0.6447356274814613 0.19536301785578516 0.26624343278256285