9 0.39005475103436205 0.44599620184537725 0.02609942333704529 0.04887776164411327
9 0.33355930303149856 0.4090779848264728 0.033930104670590745 0.05173634261370981
30 0.4849039007001803 0.4339033319536674 0.035638055338954186 0.07397472547429579
30 0.14302411501431753 0.18603342206848836 0.053606805338954275 0.07416057281547911
30 0.17117184168124933 0.1892147528001628 0.11171929734245412 0.12059184976827177
20 0.7908130006962032 0.3786525135010362 0.09547832137172545 0.50373125544124
20 0.11840055667170431 0.06550356370967304 0.055551113343408606 0.1310071274193461
9 0.4887058817035211 0.477616970517349 0.015824994668999892 0.030717161939193084
9 0.2816604483609078 0.3582223970035881 0.030768742003499838 0.04614846578142675
13 0.12496555303149856 0.4112354300480354 0.24622211401972635 0.26086247323726247
13 0.46273799936345317 0.3896851364463157 0.1894539460136812 0.18111402358950038