18 0.4516733404814907 0.5756944444444444 0.04111782366340595 0.03888888888888889
12 0.8295728321430355 0.41805555555555557 0.34085433571392904 0.13472222222222222
31 0.18115680766662884 0.4263888888888889 0.34838981029746474 0.42777777777777776
30 0.3645191918745546 0.43125 0.14739718671876342 0.23055555555555557
30 0.5397771616199414 0.4152777777777778 0.04257390785015538 0.08333333333333333
20 0.6717863893284232 0.27152777777777776 0.07326027865684637 0.5430555555555555
20 0.6029908866975873 0.2701388888888889 0.07160677339517463 0.5402777777777777
20 0.5066279735504664 0.25 0.11013094710093281 0.5
20 0.5825950867117047 0.24375 0.04956517342340945 0.4875
20 0.4964717235504664 0.25 0.07102294447009694 0.4986111111111111
9 0.4876493668604372 0.4576388888888889 0.009276289462538756 0.020833333333333332
24 0.5098074825113371 0.7166666666666667 0.5177838233810572 0.5666666666666667