26 0.5765625 0.4673611111111111 0.0078125 0.020833333333333332
30 0.576953125 0.4534722222222222 0.02265625 0.04583333333333333
25 0.3671875 0.5958333333333333 0.2421875 0.19166666666666668
30 0.25625 0.46875 0.0359375 0.029166666666666667
20 0.164453125 0.3854166666666667 0.03046875 0.2513888888888889
20 0.712109375 0.31805555555555554 0.04140625 0.39444444444444443
20 0.88984375 0.28680555555555554 0.0265625 0.5708333333333333
20 0.646875 0.35694444444444445 0.028125 0.26666666666666666
17 0.173828125 0.7402777777777778 0.34609375 0.5138888888888888
24 0.68671875 0.7388888888888889 0.6234375 0.5222222222222223
29 0.86640625 0.3923611111111111 0.125 0.2763888888888889
29 0.685546875 0.39791666666666664 0.06015625 0.1736111111111111