18 0.3943678877804773 0.9342108470877762 0.06371367248329012 0.12425753664566186
18 0.4514039790952572 0.9739028017248678 0.0644852398537303 0.0437181417284699
12 0.8426456625397151 0.48576214148351177 0.3147086749205698 0.0893917206989553
31 0.26007115969786987 0.46610773562752444 0.5146603380667214 0.3844511954116178
30 0.5129691759315719 0.48016041903885215 0.041361385551659066 0.0754201765974579
30 0.5645248575468343 0.47893267352840346 0.027053423701106284 0.05027473085218396
30 0.6187876406231464 0.4748988691230404 0.021557400162155814 0.04744039084013296
30 0.21285326339103294 0.47145770604913945 0.08599777556754518 0.16615045224942107
20 0.6351355921255588 0.2731810021736816 0.029646184251117626 0.5463620043473632
20 0.5563140269872321 0.35886650751215143 0.05480805113509035 0.33108885662155985
20 0.5991640002018709 0.26989866745223356 0.031140500403741812 0.5397973349044671
24 0.517109025362379 0.7426442584004884 0.4604188973194866 0.5088774927497042
25 0.6400252611572719 0.8872211021010391 0.08892217816533296 0.06619085384533037
29 0.9746122392448223 0.4434001043620057 0.0507755215103554 0.5880413813851861
13 0.1294708833178981 0.49385007797937863 0.25111426095704864 0.1956331773745761