30 0.34296875 0.37569444444444444 0.1734375 0.3458333333333333
30 0.49140625 0.4215277777777778 0.0671875 0.12361111111111112
30 0.7078125 0.44166666666666665 0.1171875 0.12222222222222222
30 0.53828125 0.4222222222222222 0.0421875 0.075
30 0.239984375 0.5110555555555555 0.14246875 0.30565277777777783
30 0.622265625 0.41388888888888886 0.01796875 0.05277777777777778
20 0.0515625 0.29583333333333334 0.0609375 0.5888888888888889
20 0.84375 0.21458333333333332 0.046875 0.3875
20 0.808203125 0.29375 0.00703125 0.2152777777777778
20 0.7734375 0.29930555555555555 0.03125 0.2375
17 0.498828125 0.7194444444444444 0.99609375 0.5555555555555556