18 0.09453125 0.42916666666666664 0.1890625 0.3388888888888889
30 0.281640625 0.4548611111111111 0.08515625 0.11527777777777778
30 0.359375 0.4527777777777778 0.040625 0.06666666666666667
30 0.3125 0.4513888888888889 0.0234375 0.08611111111111111
30 0.5015625 0.4486111111111111 0.015625 0.03333333333333333
30 0.543359375 0.45416666666666666 0.01640625 0.027777777777777776
20 0.60859375 0.3458333333333333 0.0328125 0.2861111111111111
20 0.19296875 0.40902777777777777 0.015625 0.19305555555555556
17 0.188671875 0.7152777777777778 0.37578125 0.5277777777777778
15 0.716015625 0.2951388888888889 0.05390625 0.49583333333333335
24 0.603125 0.5701388888888889 0.4453125 0.2375
29 0.575 0.40555555555555556 0.0421875 0.1111111111111111