24 0.6098039926611004 0.6863119625150776 0.5657557024384181 0.6127663633919939
26 0.5330596140417452 0.44150535097960203 0.009248721463952591 0.025177773039111014
31 0.8619038018001095 0.39236462260421173 0.1612329065339754 0.13382011500104876
30 0.532306193032604 0.4255573705354404 0.03782963978475227 0.07296563674941375
30 0.5990581224163567 0.41098922533422905 0.0371746683207995 0.04796563674941375
20 0.03002671722542502 0.48604597984299036 0.06005343445085004 0.3110474394228681
20 0.1487745052742396 0.4758293818869917 0.052061267782680345 0.22873128771482779
20 0.7540335476640257 0.241112321097701 0.08412040467194845 0.482224642195402
20 0.5772955154061794 0.3177402220808146 0.050045003514656725 0.24118280415870652
20 0.6264618385036259 0.2591155008841282 0.0838806561196904 0.4001302625362416
9 0.8805596024620634 0.4849838261546766 0.023184942927905183 0.05045251319046429
29 0.9343396318244256 0.21587701085653016 0.12819573635114878 0.4317540217130603
29 0.6768235574863792 0.3038821959827955 0.09906470037150364 0.26440701987410004
25 0.16012513203156792 0.8553107051418201 0.32025026406313584 0.2885382080769258