18 0.74453125 0.534955869001551 0.0984375 0.07796403690710527
13 0.403515625 0.5992419968583081 0.56796875 0.29530969442962013
6 0.896875 0.4586424785500787 0.1171875 0.10432226615925215
30 0.8703125 0.4438999699906203 0.0546875 0.056739279763206536
30 0.65546875 0.5101574579492494 0.1453125 0.11469294337080606
20 0.734765625 0.275246613403711 0.02734375 0.4672585287704922
20 0.92421875 0.27610617200180876 0.01796875 0.2860238585888631
15 0.7328125 0.27399920672858735 0.0578125 0.47502120686078664
29 0.791796875 0.3252819994284304 0.06796875 0.22992358103903301
29 0.1078125 0.5435790706890435 0.05859375 0.14730002196851488
29 0.0578125 0.4597010153614356 0.03359375 0.09548904963231893