4 0.3637799175472612 0.4066267023719205 0.02668976502711464 0.041639270130527
8 0.15635096433752788 0.5495912751212894 0.29741133118569746 0.1946284439424913
18 0.045365479511936334 0.6950654924782376 0.057222147540671967 0.0642385636462622
12 0.14022956938003664 0.3437320446828722 0.2804591387600733 0.26237412350239453
30 0.4426929853165708 0.39637311887960336 0.023564765027114732 0.04131569586680478
30 0.4707975320086417 0.3997109505061042 0.028261355386194252 0.0445788350401658
30 0.46022565852117286 0.4084419025350553 0.06350850897699054 0.07599682328481758
20 0.7942807442444634 0.2621421351551329 0.049547044688560506 0.5242842703102658
20 0.6497608571933129 0.27197445199333214 0.04647658684303817 0.5439489039866643
29 0.3710702427810303 0.32673199361187905 0.042664743851679884 0.15020158589358212
29 0.6629875650388353 0.2597126911812696 0.12888002068445542 0.4826300956911212
24 0.6358427611768926 0.6790488455236439 0.3969805808911097 0.5506543665830717