8 0.8476979105309195 0.6718141100149186 0.28846442108710946 0.39888974347547157
18 0.21666856205524096 0.9576920473513159 0.03034672954602886 0.04089190282197958
19 0.6277180311431751 0.6083321699201283 0.2619570600417651 0.7357271348751488
19 0.3975065196625483 0.5735244668647318 0.09837897868809904 0.3324787366150294
30 0.4985127416867298 0.4145437130631975 0.16995846199505174 0.3159100101138568
20 0.16730820579335245 0.41861827788388073 0.05562082884638362 0.43989088238206003
20 0.962063253563068 0.18404520818307593 0.060248492873864024 0.36809041636615186
29 0.24219872562050299 0.4476142790508714 0.09825094655564541 0.27693934224484734
29 0.1905752153935174 0.42855010898933554 0.08383074538114652 0.3502272296484839
29 0.0346997773489979 0.466593454805859 0.0693995546979958 0.34736864594383754
13 0.23201124297362452 0.8553258932739422 0.4045691427155794 0.2874411935780156