30 0.38056916520386797 0.42054018972343005 0.1593998257680484 0.32261203677769523
30 0.7040277406130212 0.5057354650611234 0.1194791754978958 0.11909084447272594
30 0.5502765026363298 0.47476585317203424 0.04371528366526398 0.07865048178795904
30 0.5062450050409915 0.46829719064286296 0.053526793283910835 0.10106663823466609
30 0.4496998665200705 0.46226439359215654 0.015600207349061358 0.11833029570690899
30 0.4937090441061421 0.4499749755286408 0.08832094473518967 0.16287268031684746
30 0.5281522487340556 0.44721384546286264 0.0966691580747007 0.15055045335595846
20 0.2845399025899962 0.3754806471815321 0.03397323983319902 0.3380656414880805
20 0.8528918431064255 0.3080389205035056 0.06291669536816187 0.3803141108282014
20 0.8180158461016503 0.3726217673102131 0.018018368418987053 0.20167979022561597
20 0.10415424274360585 0.3078342826932513 0.08278774046617117 0.5570423846099386
29 0.3039223470086997 0.3237771017044814 0.10309775126594438 0.4380666145413323
13 0.7884932486916467 0.7312624593323199 0.4053348630615094 0.5374750813353601