18 0.640234375 0.725 0.03359375 0.058333333333333334
18 0.51328125 0.6430555555555556 0.028125 0.058333333333333334
31 0.2453125 0.3763888888888889 0.490625 0.4722222222222222
30 0.51171875 0.42986111111111114 0.05 0.09583333333333334
20 0.913671875 0.38680555555555557 0.05703125 0.7736111111111111
20 0.63984375 0.26458333333333334 0.015625 0.5291666666666667
20 0.534765625 0.3111111111111111 0.01328125 0.3472222222222222
9 0.5859375 0.5055555555555555 0.009375 0.025
17 0.35078125 0.7145833333333333 0.7 0.5652777777777778
24 0.518359375 0.7333333333333333 0.37890625 0.5277777777777778
29 0.725 0.4326388888888889 0.1390625 0.22083333333333333