6 0.2578125 0.5395833333333333 0.0640625 0.07361111111111111
6 0.8125 0.5458333333333333 0.0375 0.03333333333333333
19 0.292578125 0.5034722222222222 0.02109375 0.11805555555555555
19 0.141015625 0.5118055555555555 0.02265625 0.04583333333333333
30 0.63359375 0.4875 0.05625 0.11388888888888889
30 0.567578125 0.49930555555555556 0.02578125 0.08194444444444444
20 0.758984375 0.38958333333333334 0.01328125 0.26805555555555555
20 0.84921875 0.3326388888888889 0.0140625 0.4625
15 0.090234375 0.3125 0.05078125 0.5027777777777778
24 0.52578125 0.7541666666666667 0.34375 0.4861111111111111
14 0.517578125 0.5305555555555556 0.07890625 0.2222222222222222
29 0.380078125 0.3784722222222222 0.05234375 0.24861111111111112
29 0.92890625 0.41597222222222224 0.0328125 0.05694444444444444
29 0.1546875 0.3875 0.0640625 0.2222222222222222
21 0.785546875 0.7618055555555555 0.15546875 0.24027777777777778