24 0.6446763790252865 0.7689749221140257 0.4127119148189031 0.46205015577194847
18 0.5468192037150349 0.5629564820953231 0.0569546936526514 0.046547632504730374
18 0.1447577727966514 0.6401830177001554 0.0399035859725196 0.05381394232581584
31 0.07189590046853606 0.4740277954402364 0.1437918009370721 0.4758333686582505
30 0.549249701834573 0.5339110681005028 0.03905413981258547 0.04959877459041056
30 0.43856225442099783 0.5117461385618526 0.01676996285298138 0.023240744665731464
30 0.40712621790079984 0.4972818452779417 0.015298391066226814 0.028699298083809943
30 0.4576915133943421 0.5136288591903913 0.060102425705962935 0.04813052566857342
20 0.7930326256600742 0.4753595388327079 0.10251386388183122 0.7320150128625594
20 0.19585140027068032 0.2658884958192881 0.05590432218246608 0.26847884831452135
29 0.8885891665680162 0.5619292269118422 0.21645669193679212 0.6364153932580853
29 0.4613650885130555 0.43252436239660674 0.04930732970431358 0.15152117523542347
13 0.8647172686400163 0.8725585138007645 0.21883623119538137 0.254882972398471