18 0.558984375 0.8215277777777777 0.04921875 0.07083333333333333
19 0.2046875 0.44930555555555557 0.0359375 0.19583333333333333
30 0.512109375 0.4513888888888889 0.04296875 0.05
30 0.469921875 0.43333333333333335 0.02265625 0.06111111111111111
30 0.445703125 0.4326388888888889 0.07265625 0.0625
20 0.66328125 0.2986111111111111 0.0265625 0.5972222222222222
20 0.45625 0.2548611111111111 0.0171875 0.5069444444444444
20 0.61015625 0.30694444444444446 0.0140625 0.55
20 0.551953125 0.28541666666666665 0.01328125 0.4652777777777778
9 0.560546875 0.55 0.01015625 0.058333333333333334
17 0.37265625 0.7229166666666667 0.74375 0.5486111111111112
29 0.778515625 0.4270833333333333 0.23203125 0.3736111111111111
29 0.9296875 0.43680555555555556 0.13125 0.22361111111111112