19 0.7289138470831252 0.5069997305676092 0.02289599855225788 0.09987213889831313
30 0.5665743588699496 0.41372367814287536 0.14197563833701016 0.17936952143131607
30 0.8515519034313488 0.5139199539151151 0.030107031017246655 0.0476278728766592
30 0.8828382907349017 0.5172488855535456 0.040372442927905185 0.05242505343692695
30 0.7433284307267963 0.446882891365638 0.04722175641014079 0.045917118611129286
20 0.9674903878202816 0.3943542862362553 0.06501922435943683 0.32873458229286745
20 0.6657460092009264 0.37342828769799974 0.028711504962398847 0.14321870086629993
20 0.6256282773978915 0.3307254564832951 0.0288377834984459 0.11826720193503838
17 0.6872528280598453 0.710606304571635 0.6254943438803094 0.57878739085673
30 0.40536503111969047 0.4231284013584424 0.2304645576912671 0.4011773013842679
29 0.09164282537150352 0.2677623659581314 0.09404756058675123 0.19580689961397116
29 0.15537891666591513 0.28905206363706415 0.07567855024766904 0.17941359725520697
19 0.2650749981379732 0.3825265161441687 0.038503881926869446 0.12996032587101197