28 0.22854358299358654 0.409988384412809 0.019926716314779915 0.04108594647067905
17 0.7691696728886795 0.7527062510116979 0.46166065422264085 0.4945874979766043
19 0.5649310963862672 0.469722219264044 0.02691310186643907 0.11634456045240743
30 0.3374597741462107 0.4075535212747536 0.18226880357072242 0.190800812055741
30 0.6091759742272886 0.44239817721719227 0.03191820170428343 0.0693486254641976
30 0.6395697219951751 0.4360200314892293 0.01835057954530477 0.03963240408635803
30 0.6254935852257 0.43404926114145154 0.011360239853730292 0.04350813002358033
20 0.9799688281239703 0.3078018725038903 0.03962515624794065 0.5361445991217284
20 0.8898727978886797 0.2783898520721001 0.029745595777359312 0.48436778926024693
20 0.4897509541382677 0.3687345115643526 0.015030710632737154 0.09919299257
20 0.43527680113509043 0.3484322470425315 0.018592087255942503 0.1437667440053087
20 0.393043549511885 0.3022583215952783 0.020526734171687443 0.10219705758179017
9 0.9811747950476581 0.60715591818102 0.03765040990468371 0.051777971124382795