18 0.8714414097413004 0.7519310001487242 0.07569351282028158 0.09143084234868676
19 0.3964949715686512 0.49140363467525927 0.02870935090962279 0.08386860255165263
6 0.32767219696154537 0.48920123852849806 0.08001713978475226 0.07788151077283487
30 0.595703009203181 0.5510585986964694 0.05091183664159917 0.09795320334582414
30 0.5637359754975926 0.5313488828368542 0.04066354135632881 0.06394075538641744
30 0.519768728702663 0.5065953105852271 0.0458968509096227 0.08511364603278745
20 0.3934267065767565 0.429258521806667 0.028167849461880758 0.1822533421207393
20 0.7177524644346394 0.508413310618277 0.03547308126491568 0.22298386298256614
15 0.19890084170869637 0.2655783733325555 0.07977319892376142 0.3662044708066624
2 0.4633271568458162 0.5247711414937615 0.06324917080199892 0.12241320773952727
29 0.3936097201209091 0.39239637336560534 0.07786178846084475 0.2634832859143908
29 0.22282741625388497 0.3083615678909738 0.06219609305173997 0.1417444664129594