30 0.5955500801641457 0.361624146584431 0.026798849336070064 0.07414638032943041
30 0.5106708256756505 0.40248669688406785 0.028220448770336047 0.03120401054488724
30 0.6744449672152962 0.3593804873705346 0.0376727168225127 0.055494236282071875
20 0.13439493242708203 0.22284831969632915 0.059857309912066906 0.3903555775240706
20 0.8489432457569943 0.2613436072360018 0.020344837137626116 0.25002593324876426
17 0.4973878239667277 0.6653109243787337 0.9947756479334554 0.6693781512425325
24 0.7558828108449276 0.6541043823940828 0.4182470477136226 0.592664007974765
30 0.5479438271390837 0.34979853482252693 0.07697611133812252 0.13193499166848915
16 0.31717964046899605 0.4567712138246118 0.05105396077238851 0.08701187089123152
29 0.549415683988711 0.2580469788276011 0.04482668667008767 0.09350357225162689
13 0.3821052037007126 0.42707400432760334 0.033721015027114644 0.04132238296565226