30 0.575390625 0.4412710671447658 0.021875 0.0446706933815373
20 0.750390625 0.2511886060429456 0.08046875 0.5023772120858911
20 0.222265625 0.4310344825260878 0.034375 0.21841108959955843
20 0.66015625 0.31956101918019825 0.046875 0.3282625969286907
20 0.27265625 0.43051330193885634 0.02890625 0.18641008292084077
20 0.31875 0.434203229773792 0.02578125 0.15443331719966882
20 0.35234375 0.4373279982711932 0.02109375 0.11966261306235519
20 0.384765625 0.43421488724736734 0.01796875 0.10851918067451657
20 0.10078125 0.431596527714426 0.0328125 0.2697838178500836
17 0.50078125 0.6969038487377467 0.9984375 0.6061599812477791
29 0.67109375 0.3819478947116519 0.0625 0.16453531442343947
29 0.055859375 0.4702555905118288 0.09375 0.22596963830182581