18 0.48714113887734545 0.7952171271819578 0.0495662598858317 0.0857984982257632
18 0.452576467185381 0.7545937552573138 0.043252592889637495 0.0826974201342242
18 0.4109248194665585 0.9166599047543053 0.09916701186299814 0.10501115486330011
18 0.4423684790483791 0.8552403558848363 0.0711693458553869 0.10911185900692999
31 0.2978790496763045 0.4038377730277606 0.5881817268054764 0.5367688983889233
30 0.5695113105507195 0.48156211366347174 0.04208934091247105 0.06599034092833733
30 0.602889519790254 0.48748346963550376 0.026114172433401882 0.049904312366156334
30 0.5932930146001923 0.44417800756692555 0.029797587946721472 0.04038415284003476
30 0.5965844758168932 0.4683421192352105 0.04494242688202608 0.08833380076821998
20 0.6368022868247232 0.2796911957719823 0.07767264973316976 0.5593823915439646
20 0.6721495378133064 0.284358929123643 0.08076581623507266 0.5618492242454873
20 0.5889032976991382 0.37209722923197386 0.07685295456235508 0.3230411604350388
29 0.9428825197716634 0.5423963500795886 0.11423496045667321 0.521582133896123
13 0.16297017393486712 0.40455893604323834 0.31352528361182797 0.2992154612468566