18 0.43124920226353797 0.6124411676907303 0.028071175705962938 0.0464251954371589
30 0.5116091294209978 0.44639350891620416 0.0568554052519918 0.08874031709315709
30 0.5614954691544412 0.4497160086882565 0.04493206677218975 0.07539142381056523
20 0.6942374244855751 0.30137610791984465 0.08452473033745171 0.5873773614530324
20 0.6245883341253112 0.2897745045059762 0.1332433751646022 0.5603871576843629
24 0.49414518161171117 0.7029111435253638 0.28039951999175267 0.5405276574894651
29 0.8062923178612287 0.439613027970975 0.04667642319868044 0.08661572069268857
29 0.8113841573968162 0.581436506669778 0.05210572077054039 0.17995424067577484
29 0.6972541185671917 0.4031198839401412 0.08579039898378564 0.18794329030809379
29 0.8573271432110513 0.6349853779838549 0.09471075791755865 0.16084462715638953
31 0.24422554153476286 0.39886820417499014 0.4884510830695257 0.5078191472055753