24 0.6078125 0.7486111111111111 0.5125 0.49722222222222223
26 0.5484375 0.46597222222222223 0.00625 0.02361111111111111
31 0.87578125 0.5152777777777777 0.1515625 0.08888888888888889
30 0.548828125 0.45 0.03046875 0.06388888888888888
30 0.615625 0.45555555555555555 0.0328125 0.03888888888888889
20 0.04375 0.35833333333333334 0.0375 0.30277777777777776
20 0.1671875 0.3854166666666667 0.0265625 0.22361111111111112
20 0.783203125 0.2875 0.02109375 0.575
20 0.6 0.35555555555555557 0.0234375 0.2361111111111111
20 0.651953125 0.3125 0.03984375 0.39166666666666666
9 0.888671875 0.6131944444444445 0.01796875 0.04583333333333333
29 0.96015625 0.34375 0.078125 0.4486111111111111
29 0.698828125 0.3715277777777778 0.07109375 0.24583333333333332
25 0.146484375 0.8298611111111112 0.29296875 0.3347222222222222