18 0.1517462290340439 0.451991578773241 0.08110509667409058 0.10055187723697542
19 0.04041783036281682 0.3876789583753396 0.0284886266709089 0.05671931847333332
19 0.581043651376498 0.5891672443399391 0.04153406667727229 0.14056987977012342
31 0.7070259907304062 0.8461658909137041 0.2990385786919081 0.3076682181725917
3 0.3645288607176794 0.6680555555555555 0.7246578387173612 0.6638888888888889
30 0.4660314503699755 0.4990147091328711 0.053797709341181485 0.1049759966224692
30 0.5150686607057482 0.5329795753095687 0.0609016846753633 0.11637804846302484
30 0.413151624701612 0.4746104314398154 0.04992782200827239 0.1103699184394445
30 0.1567652647000212 0.4431739248556175 0.13999883867759041 0.14880971664901257
20 0.3170166930299077 0.40467818262237704 0.022847701344681327 0.1495162600471605
20 0.26602635769413513 0.37063249957638933 0.0317687153484993 0.199871854272037
20 0.6346496357017711 0.4858583977506491 0.039209045353271674 0.26266279500148154
16 0.33092974437061196 0.5017555151113277 0.02928805800445433 0.05952942299882725
29 0.04544995468649909 0.2615325200943211 0.0781897293523173 0.25177913238728405
29 0.2689286363582034 0.3367340287894757 0.08386756468808994 0.2839498640657409