8 0.20689081799257747 0.4790551975011411 0.40350674788842894 0.3303326172245044
18 0.4473077067493775 0.6934037364877933 0.032917800079142266 0.05582358077469331
30 0.4862217910725445 0.49558601360568194 0.07219926042484133 0.11891490630759229
30 0.5406664244190681 0.507422462859261 0.050673601411925874 0.09143487885975914
20 0.7113904498876042 0.39829807847136095 0.09396792649738579 0.5904756653468884
20 0.6401303895814763 0.36061296589415853 0.1455304264973858 0.5931428929354191
20 0.643349323633963 0.41420642573404126 0.057018192794721756 0.336000560921864
24 0.5322809260684208 0.7401609648980455 0.36035980463148876 0.5196780702039089
29 0.8974016408018641 0.7701131687616081 0.1020375246106063 0.1773546147031826
29 0.8455292522429196 0.7008196870456309 0.05610289898378582 0.18469249711141533
13 0.24505657614124546 0.3547475543820905 0.47557797618081665 0.39373238051576115