30 0.14089023273697548 0.5503167880123381 0.2725487510257642 0.7243664239753239
12 0.828478474315428 0.3290541990573886 0.3430430513691441 0.22178653376665688
31 0.3623527265583307 0.4867158810012588 0.36993179250907654 0.37704433899226786
30 0.39824247631118487 0.4827735708637981 0.12339769072219058 0.20892048373924219
30 0.5451274286306372 0.4244209502371331 0.03515359140676253 0.06979329474202242
30 0.5336255486877214 0.38329985284993867 0.029175505437207504 0.04728818474525901
20 0.5669062808932243 0.24701990991518327 0.09787506178644848 0.49403981983036654
20 0.6113420303989325 0.24170148588074203 0.09768406079786515 0.48340297176148406
24 0.540022752508639 0.6965347098336033 0.36110723224268393 0.5708017702699695
24 0.3149822959877081 0.7234715051763974 0.5893131452845456 0.5520870887059213
13 0.3694834301321025 0.7978269921123698 0.06378792737631774 0.09347036837617048
13 0.6546907710259829 0.49523290871363973 0.12526659684397004 0.1202336575464541