30 0.07054241028640637 0.2541650894669073 0.11591790036059038 0.20490414502026605
30 0.19216349035852445 0.2906851796559716 0.15298214247680564 0.23243246175863577
30 0.3142027977292189 0.3591497142894803 0.08210529160312507 0.12749704401056444
30 0.24439879079536472 0.3404740209264405 0.027780814304548686 0.09387982251049914
30 0.09817710101585082 0.27553880158845234 0.050855291603125075 0.12652731818121907
30 0.3429911796630731 0.37909817280353597 0.01709723423243057 0.05328688383818413
30 0.4344523076550349 0.4103016241033452 0.04861999116628475 0.07508994300086284
20 0.9126146550617884 0.4878622947440719 0.13349183254066013 0.6524900144284927
17 0.17947582655673638 0.5752220634941557 0.35229638392743085 0.6634447619005773
29 0.7262316520698266 0.4596043856508992 0.12765614057694458 0.32605263924813654
13 0.2178749446228822 0.5531886944470074 0.17881794386357647 0.23739915223451236
25 0.36585784973312524 0.5138602745353945 0.20101959897381957 0.20337998123856568
24 0.6282059003121357 0.7328948834851607 0.5119603650257293 0.5115186486229956