8 0.243359375 0.6694444444444444 0.48515625 0.3861111111111111
18 0.2546875 0.475 0.0203125 0.08888888888888889
19 0.530078125 0.5138888888888888 0.02265625 0.10833333333333334
30 0.509765625 0.46875 0.01796875 0.0375
20 0.856640625 0.32430555555555557 0.01953125 0.6486111111111111
14 0.638671875 0.49722222222222223 0.01953125 0.03611111111111111
29 0.069140625 0.4388888888888889 0.06953125 0.19444444444444445
29 0.79765625 0.4263888888888889 0.071875 0.18611111111111112
29 0.701171875 0.41805555555555557 0.07578125 0.18055555555555555
29 0.130859375 0.45416666666666666 0.03515625 0.12777777777777777
24 0.41484375 0.7368055555555556 0.828125 0.5208333333333334