30 0.431527329406528 0.4653219713513924 0.07796330547083344 0.17137127033430488
30 0.6206531460859029 0.452083480520488 0.05318020459715278 0.06713846049437108
30 0.528465972691094 0.47619721498608225 0.06219218189572935 0.09961641669493938
30 0.5102611599536113 0.48686299542628214 0.05814046153100705 0.0882628002401355
20 0.2151032222161287 0.4803351469986702 0.08305280860496547 0.3812389957627428
20 0.33135490995361133 0.4757562506851569 0.044861171162152935 0.2664594455320314
20 0.8734845925149306 0.2068807199556175 0.07509418502986129 0.30996915281076254
20 0.37028103148668423 0.46776463745541713 0.033995753134132035 0.2116622649717638
20 0.7285364216371182 0.28531102010151077 0.06640951605190981 0.30249119661019414
29 0.31514802849472245 0.43034178486594166 0.11277667619614604 0.3858598141525849
13 0.8261186300339931 0.6338317669424163 0.3477627399320138 0.7259436465302704