18 0.112890625 0.7291666666666666 0.03984375 0.04722222222222222
18 0.54453125 0.5138888888888888 0.0578125 0.03333333333333333
18 0.16484375 0.6868055555555556 0.028125 0.04027777777777778
18 0.138671875 0.7 0.02265625 0.06388888888888888
31 0.883203125 0.5208333333333334 0.23046875 0.2388888888888889
30 0.545703125 0.4965277777777778 0.05546875 0.06805555555555555
30 0.54609375 0.48333333333333334 0.0375 0.041666666666666664
30 0.546875 0.45694444444444443 0.0375 0.09444444444444444
20 0.79140625 0.36875 0.04375 0.7375
17 0.4890625 0.7458333333333333 0.9765625 0.5027777777777778
16 0.433984375 0.4930555555555556 0.01171875 0.030555555555555555
29 0.909765625 0.4131944444444444 0.17890625 0.6041666666666666
29 0.450390625 0.41805555555555557 0.03828125 0.1638888888888889