30 0.4071410286104376 0.4215372409763337 0.1554120231319132 0.31722741341805893
18 0.5300884920841961 0.49477573772809214 0.05604149431795715 0.06005459668042145
13 0.8362889890413037 0.612648748907611 0.32742202191739267 0.24495282972181623
30 0.724022588472111 0.5195380378700337 0.11522162540538936 0.12159505483266647
30 0.5314941692352316 0.47885200179733717 0.06353639448011297 0.1074950072142463
30 0.573318317774182 0.48292678787186444 0.04451365909060954 0.0791353939388614
30 0.5492651860778416 0.4592707052603218 0.10000572848964459 0.16277685858466037
20 0.3079174372956576 0.37819270526325105 0.032083617287714625 0.32450810750325554
20 0.8689884407455871 0.3296513048235128 0.06311147483619664 0.3823980346313118
20 0.8360288005261826 0.3931921828902997 0.01758869480442442 0.20048486291467277
20 0.13258531351347363 0.2991632510806724 0.08107231655636596 0.5412404740250516
29 0.32574497828612603 0.3245957525213248 0.10191092207625303 0.43636372655003774