18 0.4573493300532965 0.7215611714816352 0.0368758802577247 0.059788036980555466
18 0.5344468789567289 0.5508057518603388 0.017184177973732596 0.027067750590926053
30 0.4301394982467485 0.4751632813261722 0.10766973710970121 0.15843379736518526
30 0.5039914170617983 0.44638163247484497 0.05936171189493056 0.1078830813911111
20 0.6861687519783645 0.2724692235749378 0.053587503956728885 0.5449384471498756
20 0.6103260866120171 0.27261643583401196 0.11752717322403435 0.5452328716680239
20 0.6189984017408795 0.28796341785206697 0.038729386589302806 0.3608859851400001
20 0.6351794620642727 0.27964566726114104 0.03383384667521128 0.3801041423504322
24 0.5588299428981667 0.7145809165007708 0.424111365897088 0.5432957779443831
31 0.20726138059640906 0.45031629989975275 0.3951973925821967 0.27714517797827226
29 0.8413204590678258 0.32048161491509136 0.044766945386587056 0.08924564437666672
29 0.8720780147550918 0.47495422442215923 0.04849613297125828 0.1892779711243828
29 0.9379436931810801 0.5202039344022518 0.10421386646291494 0.17354994140438293