6 0.9186071789664334 0.5254374662004822 0.05511476133831792 0.07037297854140674
6 0.8942961539425708 0.814278298907825 0.204153340030226 0.37144340218435
30 0.6477725129694559 0.46059649479601633 0.09179769601368122 0.18761014221782343
30 0.4946747849697742 0.4421632659911885 0.06722441000954511 0.13118702949869238
30 0.5626571709699333 0.44641253932122266 0.03708237667090906 0.05897661892542077
30 0.5107676806373422 0.4318498763735529 0.042887481341499625 0.11087502789067258
30 0.5486446696371832 0.43746345595025776 0.02688067333704538 0.05108592291058803
20 0.7926043023154099 0.3087118161683491 0.03653857869190809 0.33375825317840807
20 0.21453784430697848 0.3653377204875611 0.04526868869349876 0.35539226091745457
20 0.9107503203174779 0.29261955876798695 0.048811859365044084 0.41957230413569363
29 0.06396086063813768 0.3797981406098035 0.09485960868872627 0.2975507301870582
29 0.36112676197486476 0.3630133574536307 0.07307551535645355 0.30940153877049553
29 0.19170887163829678 0.38961574048866077 0.08296868336249866 0.3894416684252128
29 0.14320773697088768 0.39482507060595445 0.09852095802831684 0.37978632896085285
13 0.8891057639640471 0.5539578943628236 0.17257498134149962 0.12295793255870693