18 0.4215026844485955 0.49074816320725245 0.11470250889134022 0.11851161381228413
24 0.6281883129632522 0.7227341301958633 0.22051166893997215 0.49332113711469167
18 0.648520025743007 0.4987345174807089 0.06775258023145839 0.05413666244475321
30 0.3568505063054423 0.5156696688637649 0.0462414532669877 0.0671204023975927
30 0.6495805847795724 0.4347324849748138 0.04655182237357547 0.10875474231654322
30 0.4628179661897131 0.4855626233560796 0.030943938998963992 0.07897386744327169
30 0.6510713871988545 0.4617834915604312 0.041226467535011226 0.05442644191129647
30 0.5080491332699131 0.4955093909179622 0.038518844499482084 0.0404405727792593
30 0.44821929197550137 0.48060511263327094 0.0604323858558109 0.10239217933098782
20 0.19193715487909085 0.35564614885274665 0.06113020678164434 0.307753774400247
20 0.8625278868892682 0.2525698821366661 0.09380577377853641 0.5051397642733322
20 0.8354046147633618 0.3032983009164185 0.043364818030349285 0.4041355011818519
29 0.5447464585389726 0.4036152757543819 0.05105953990858687 0.16166182708518528
13 0.8346008630060334 0.6157013206732704 0.3307982739879332 0.44471467105518564