4 0.5324669318435326 0.4359870664505246 0.01857358646384668 0.027876725300830824
18 0.3389059214819997 0.7164038772198994 0.059898923421985016 0.06179608491816819
12 0.8408919204655309 0.42314437368598457 0.31821615906893824 0.1812711647798704
31 0.3837270136116092 0.4350834445395138 0.21751510524692694 0.20238219354657694
30 0.16178967591203347 0.4165847457048096 0.3167033162350727 0.5834971752570476
20 0.3819775005128821 0.33893443029275244 0.09495033304098666 0.6778688605855049
20 0.6028424515966055 0.2704449962344239 0.046309903193211 0.5408899924688478
20 0.5097669194862429 0.3335023018147489 0.02167336463846716 0.2651826596818819
17 0.19203092148199974 0.7285653226740338 0.3617783942959624 0.5428693546519323
24 0.540030046234854 0.6976632449267809 0.30640514479025394 0.5424431350034741
29 0.768790421710555 0.3308403951907144 0.043970175893442945 0.0812709589188589
29 0.6491928461211233 0.40614489661418807 0.0717251027754692 0.1695167918384085
29 0.8528311699805343 0.30927069957521874 0.08276076186299833 0.10666291958391412