30 0.2243263430404562 0.3863582037980227 0.22717207493918154 0.4296705825730075
13 0.7754545179539809 0.4304958818870389 0.4490909640920382 0.34680884277526774
30 0.6310056020665445 0.38975186236655246 0.13095508421075958 0.1513100290685238
30 0.40448628127217273 0.40763305056937826 0.07467781313352066 0.14181309038828196
30 0.4564121351949339 0.3982249984086919 0.04715680113146821 0.08708078223353478
30 0.32137633245273883 0.4378264390339025 0.041256779956033364 0.19389593719498951
30 0.39930134455298727 0.3750992093854186 0.05413805415653021 0.07194845512412056
20 0.7478246820833965 0.16343151043216558 0.06439936416679296 0.32686302086433117
20 0.7160275088296967 0.22756554590146247 0.01870506908544911 0.22537170726359576
20 0.7993715343954307 0.26889993521471595 0.01604315651766246 0.12810100148525233
30 0.13151466217500318 0.5556505765612942 0.19338742739850953 0.37064231826860394
29 0.17195707367214014 0.140897064254911 0.08012838241536144 0.13637066313034252