6 0.7776934687818068 0.7364741765938106 0.4446130624363864 0.5270516468123787
18 0.7776513510806099 0.8662891744795836 0.04285218811176765 0.07661053404293562
19 0.4956151226801563 0.6073098112360201 0.1115724501774853 0.3978046315500925
19 0.3622135902384277 0.6524434912373814 0.2139410259455337 0.6951130175252372
19 0.6418589228615661 0.6255315697145546 0.10813742613086816 0.3420792973380186
19 0.764587094731265 0.5983621345134114 0.05831847540522865 0.30795838999557706
19 0.972855918600397 0.7201751780275959 0.054288162799205966 0.46841631972937897
30 0.48504219387054937 0.44635551215704533 0.16327879391688302 0.3294307255422868
20 0.1495250733633867 0.324273683379263 0.029315510884591233 0.4598047483564926
20 0.8247569690982928 0.3849754920121112 0.018583852809890545 0.3106277083903202
29 0.22567091111233467 0.38803993372118434 0.08740577467958932 0.27955336408925435
29 0.14085319505167573 0.27995775452420174 0.13951889010335145 0.5496156038862885
29 0.1728584078006237 0.340526506835027 0.07069198983319898 0.3421406166115023
18 0.15542293161557275 0.8576388888888888 0.2827455565307547 0.2847222222222222
18 0.15943706442012107 0.8055555555555556 0.29486609981466555 0.3888888888888889