8 0.3881392589344296 0.7624548993603698 0.4414367193911026 0.4622888091837044
30 0.5837528826801102 0.39221206265092506 0.07765676779449712 0.15307104103302482
30 0.4088775580792615 0.4731290187458636 0.034739755931498986 0.051390050151790156
30 0.4550595148473381 0.4580111328123141 0.01798333745242999 0.03543341067197522
30 0.5727789140490354 0.3057782646941041 0.11135528855474383 0.32929945744623473
30 0.4256353058549494 0.45366783029611046 0.0786953443725121 0.09622357683172851
30 0.479318721368269 0.44171506248148074 0.020549921939110226 0.045252613137345715
20 0.9012189431936484 0.20615466734444382 0.11493788638729682 0.41230933468888764
20 0.28630951484733813 0.46499371031898107 0.04485885524692703 0.18640321310345673
20 0.6511711929465027 0.20678852271361067 0.07871388490442222 0.41357704542722135
15 0.09019718950505214 0.540533488602253 0.07761961710992513 0.2876639562643828
29 0.8413027737259962 0.17831368764986055 0.1562831279843401 0.3566273752997211
29 0.896875 0.19330023438246854 0.20625 0.3866004687649371