0 0.6638683571419447 0.5426107077842097 0.04207905043684033 0.052673775612771576
30 0.13564367287138915 0.5484324419176275 0.083013828172257 0.13724350937852026
30 0.337714012727153 0.4741801042528172 0.05301655043684032 0.05301317965304248
20 0.8776272318576043 0.19799777812787195 0.0693169637152085 0.3436788477625584
20 0.6006111167834203 0.24424045093067565 0.10278473356684045 0.4543950389598597
20 0.16897277801975713 0.43978903968055205 0.05138327488562511 0.22650307503548547
20 0.08325348356684051 0.45378896031651883 0.048004354957743176 0.266659637084595
9 0.46798339418604196 0.5226489108890451 0.0151346907294446 0.02268284199116124
9 0.3548209920677607 0.5878594116119343 0.01689721248093754 0.038009106060406354
17 0.8135825890480035 0.640466406195025 0.372834821903993 0.6727963073547234
24 0.452040504368403 0.5277074819570612 0.14153484298989588 0.1335061897529875
13 0.19538300199357667 0.6377506778476502 0.34015483415618064 0.21325081673470833
17 0.49657600023588583 0.9083865512240786 0.15959516517822933 0.18322689755184265