4 0.47492310965837026 0.49563479220187695 0.05806450939154022 0.08091217315948837
12 0.883260862376974 0.48537304760816796 0.22042654102620177 0.35242746897288224
31 0.20881460794694023 0.6100542362889042 0.41762921589388047 0.6451084725778085
24 0.6932022536700059 0.6846575589795765 0.4106734921285156 0.6306848820408469
30 0.5043300726050918 0.4576307781322656 0.018732753954332715 0.03389092568520703
30 0.4670774468636544 0.4627292287099179 0.055338757414373774 0.06417277705562077
30 0.5312427410841609 0.4431772673094315 0.016102502471457926 0.0213181962480061
20 0.7710871383272824 0.2629865757481226 0.08438822334543535 0.4800566334767395
20 0.6529996773577272 0.2815602045374327 0.08931314528454556 0.5246222936498521
17 0.7691181313886096 0.6706179390297321 0.4469293271094877 0.6587641219405359
29 0.3949219098103759 0.42157360569493413 0.052847768783080354 0.1598606515145524
29 0.6763980501334151 0.3010496204823086 0.15376030585494932 0.47526982900258863
13 0.2057963900573029 0.6141845382369705 0.4115927801146058 0.3311468542517187