6 0.2986847566239792 0.5339933129333628 0.053534080004772555 0.06689882069617631
18 0.9191739772835931 0.5749270350230014 0.1550158586887264 0.3015678426602206
18 0.5225540632956835 0.4495201683713404 0.03697328866963616 0.04192925025242257
19 0.1252018032901156 0.5552986131800298 0.020785214672181595 0.07390412425311313
31 0.7676796572843886 0.577059945048367 0.17397439668204484 0.2156850561514618
30 0.5206918449634108 0.4357930008315756 0.04263294267186346 0.07154873669663668
20 0.3399779206317743 0.42854617553824764 0.020140872016226476 0.2140525249515916
17 0.29731425531111466 0.7660024459174568 0.5946285106222293 0.4672188456892905
15 0.1025463743037968 0.3781049469726775 0.06522720003181673 0.4218417498386387
24 0.7100620592775482 0.6713655417761248 0.5738396787078163 0.5861115228331342
29 0.13958729563177436 0.44513878595838313 0.06701587201622657 0.21793383733057065
29 0.3335191089672288 0.40131825034749197 0.06271018002068089 0.2758790394260062
29 0.05263837565643229 0.42959661281177675 0.10527675131286458 0.3408067743764466
16 0.04286524847828509 0.6739934982082733 0.08573049695657017 0.22530067199631643
23 0.47393929529361545 0.4806141911629521 0.09660337468172653 0.20511422405947966