1 0.7941027273830205 0.7242837011877147 0.05972953600413611 0.05969859892432099
30 0.875234548714975 0.7137981581952653 0.065952811346272 0.17548589677846155
6 0.12283088836727116 0.4556174918332595 0.09219713800922684 0.1293495974668275
30 0.5236263217098844 0.6144130237678666 0.16648970802831684 0.3861189356242204
13 0.34750362436345317 0.426580603546476 0.09464997601049951 0.14623462988050687
30 0.6445700757081344 0.6027785873635213 0.12702667134786302 0.20199673953412448
20 0.9464002030354756 0.5524755465059338 0.10661691072563358 0.7816847379261047
20 0.7215539233569308 0.37606606211066795 0.05822376937458902 0.5453729785414068
20 0.6394678556850673 0.3004040997008377 0.051282878699862165 0.4392351143271508
17 0.4991086743912928 0.7590277777777777 0.9914357113701348 0.48194444444444445
29 0.3976306200270442 0.3909976893294706 0.03818180000795426 0.10766051861886944