31 0.7963094795072372 0.5647727357388543 0.21741141680124726 0.19533073941628107
18 0.4666444117314077 0.6227159362121483 0.032549447240056394 0.0547663215960578
30 0.25604080986332095 0.32348097851213853 0.34909561363426667 0.5657849146894014
30 0.5619558218363147 0.45786803018574584 0.03579717816533297 0.06746032587101196
20 0.9174217075914924 0.5156126539520834 0.16229286322722986 0.8637213772081588
20 0.5317791724849378 0.2861154627623814 0.11366267410484791 0.5722309255247628
20 0.6545192201717465 0.2945787667888172 0.08203084455954315 0.5616975491808212
20 0.5643160728506121 0.3765210280482688 0.03667961404130367 0.23685626924671793
17 0.449219839895093 0.6310426611156411 0.898439679790186 0.7379146777687178
29 0.7839487114468113 0.47184725390740945 0.041388659090609535 0.08029983335218181
29 0.8724228532894213 0.4864812714944742 0.08471196509696384 0.11907850324391249
29 0.6701541055215348 0.4914041594088668 0.08285913879807012 0.16893300003769696