18 0.4516140235713939 0.7088511504420478 0.04587758023145838 0.05507613564891914
18 0.5199059511978185 0.6077933631057216 0.020295383374611474 0.030783880157907915
12 0.8736901149705041 0.5691235340428094 0.25261977005899183 0.20235559341748796
31 0.24114626954000867 0.367129162942613 0.47537895140496084 0.4703694369963371
24 0.3072293998119936 0.7083333333333334 0.59262641749223 0.5833333333333334
30 0.5011955116821258 0.444096625122203 0.0675920684446341 0.14002668247349373
30 0.5738517616821258 0.4501126593096206 0.03915669933804615 0.09609591691908924
20 0.6903275552100677 0.373139761780812 0.0629218008668417 0.6163813123789791
20 0.5426349179065149 0.3595247388981391 0.02601034408519709 0.30843228085638635
20 0.6227836634608448 0.30934024684708317 0.03809942927905432 0.5020700332687889
29 0.8619863854415261 0.4386307523133248 0.05336474855225788 0.10281586618833845
29 0.9458540593461515 0.44594055729373544 0.10829188130769687 0.1261111934555157
29 0.7011056204496314 0.48698109162175296 0.12153685980096292 0.20547192574113132