28 0.2980989559595928 0.5478880791997425 0.022165901336727068 0.04580247436912354
4 0.7928489293045923 0.4257629768647211 0.07249316534054522 0.09890654276839005
18 0.4122753629654789 0.47786165136786657 0.11705223468331738 0.22523371372885934
19 0.5926125719685015 0.4494578143787663 0.014371582670272609 0.04809524145951593
30 0.5598364346355924 0.44186521393619216 0.04423180533895419 0.0763271709604693
30 0.6871031876392513 0.40182997093953804 0.03473862667090888 0.05768960258005128
30 0.4719682626312971 0.4926830942374759 0.03709146733768165 0.059223994675155864
30 0.7197568746419557 0.36842609862552067 0.04505850867281787 0.0833201164736522
30 0.5523648346395694 0.3892968699154734 0.060520424013363085 0.17868608122412896
30 0.7040591493077739 0.37856718836186104 0.07801645934118148 0.10757938358289307
30 0.7839057359762964 0.3592087418176364 0.03709146733768165 0.059223994675155864
20 0.23713473130172874 0.4287787169916202 0.08987266402768057 0.36793211969871636
20 0.7279060029837735 0.2577757476674257 0.0627919960216353 0.2871164166949393
20 0.888157978656114 0.19338866066890129 0.08774654268777198 0.28172400645012813
20 0.3626162629694559 0.4226742496352668 0.06419995468649908 0.26360230772130533
20 0.4697884183044332 0.40779111827466874 0.04650337734722676 0.18475750643127972
17 0.6782637159651607 0.49854293194000565 0.3906266420273624 0.38243836449638685
15 0.16390149763288792 0.4527160892867891 0.11531810669954394 0.437539709453905
29 0.08044356029202462 0.5461860871116151 0.13071529268777177 0.28439156523074777