19 0.6675032102960017 0.4888888888888889 0.019213624005408825 0.07083333333333333
30 0.551074507300297 0.4326388888888889 0.12274770401018138 0.13333333333333333
30 0.8084461099618199 0.5 0.034002830004772736 0.0625
30 0.9576009516231838 0.5694444444444444 0.07847099267981754 0.17222222222222222
30 0.6142693959659561 0.44583333333333336 0.027752830004772557 0.0625
30 0.6196608752983879 0.4576388888888889 0.052144302673454136 0.08888888888888889
30 0.366195522636865 0.3902777777777778 0.1768812206794994 0.16805555555555557
20 0.9048676713080921 0.33055555555555555 0.07274934603754382 0.49166666666666664
20 0.058047762651182534 0.20277777777777778 0.09171697469763493 0.40555555555555556
20 0.06235372831795525 0.2013888888888889 0.059667543364089505 0.4027777777777778
9 0.8866478332869339 0.6076388888888888 0.027580107336090974 0.03611111111111111
17 0.6639092199435253 0.7395833333333334 0.5955965000397709 0.5208333333333334
29 0.17319977430777392 0.3347222222222222 0.06261872601049952 0.1375