6 0.29455013352471193 0.49357440618617854 0.052943767856907444 0.06490283444002153
18 0.9079318849460464 0.6774514346295736 0.16373303774240994 0.2963803566364842
18 0.5212694563736764 0.4611902471671799 0.03630569277582953 0.04010327273328187
19 0.12257769906842811 0.47619202632916824 0.020240362012708867 0.07363704435987523
31 0.7532969549539895 0.6435462335136507 0.17303017126547413 0.2096160641480637
30 0.5202475858379033 0.4459973587176613 0.042074451704283436 0.07105497848738022
20 0.3427226036948107 0.39778942550194685 0.018479038960225846 0.21229956170673983
17 0.2856016247981291 0.7520338919149062 0.5712032495962582 0.49593221617018757
15 0.11304962763915052 0.29367928983567365 0.06190353084255103 0.42085454019411994
24 0.6980230738665572 0.7072299577213018 0.587558095777359 0.5255516259209031
29 0.144707843548541 0.36910846286494725 0.06613528896022584 0.2157517277226134
29 0.33831465746905176 0.36965676059276137 0.06123928327818291 0.27368891085740393
29 0.05579514529253946 0.33270257135636144 0.11159029058507892 0.33737263506505494
16 0.037539135958696276 0.5741970961725209 0.07507827191739255 0.22105025209940266
23 0.4711126335247119 0.4807844140617941 0.09487789772652384 0.2011789978196734