30 0.5342052677573161 0.5527777777777778 0.07000343528498316 0.15694444444444444
6 0.29808406049494784 0.54375 0.06909750988583178 0.08333333333333333
19 0.38985639572306563 0.5277777777777778 0.033397431824942016 0.12777777777777777
30 0.6782663090120732 0.55625 0.06614626482874755 0.125
30 0.5749881059511834 0.5118055555555555 0.023912343878220454 0.08888888888888889
30 0.6157822257611217 0.5555555555555556 0.03309634288963732 0.08055555555555556
30 0.5490231486888152 0.5027777777777778 0.07832792984777566 0.1111111111111111
30 0.8633774673581648 0.6263888888888889 0.04719067638773424 0.08194444444444444
30 0.832477635837234 0.6111111111111112 0.11656275889724839 0.075
20 0.815643610152662 0.47638888888888886 0.03364678262324468 0.275
20 0.9132348638598486 0.44513888888888886 0.046410720873977594 0.45694444444444443
20 0.1623282564072001 0.2972222222222222 0.08083214182450446 0.4930555555555556
16 0.5831056827763441 0.5666666666666667 0.01976867193911023 0.044444444444444446
29 0.43482932680657027 0.40625 0.06910678015178676 0.25416666666666665
29 0.10091124258562618 0.3375 0.20182248517125237 0.425
29 0.3195140387647085 0.37569444444444444 0.06153436068413445 0.23055555555555557