4 0.596199295456343 0.4542387151142693 0.07611821509696384 0.1154403626847669
18 0.39833958380930834 0.6381562837541862 0.045830697240056395 0.05371512652945398
18 0.47258165320834333 0.5546926878846115 0.019817622158978664 0.029570696301009825
31 0.2449852175325959 0.310203165570427 0.4899704350651918 0.5073714466369238
30 0.48493737723376107 0.41002198684493474 0.05655969155801355 0.1122585552726458
30 0.5470740257727114 0.4059593948299455 0.029792640015886107 0.09087574163660576
30 0.4761964870143565 0.34563258773608607 0.03800456047058134 0.052164625786827894
30 0.47185386039115107 0.39015783810739924 0.08976765787279355 0.15321510283612017
20 0.6540399561701579 0.3308448069524517 0.08649620210802507 0.6155534909823829
20 0.5206030290191224 0.3176361474291371 0.03889667897611186 0.30213230341608044
24 0.27968177151035545 0.6539041954876799 0.5593635430207109 0.6921916090246403
29 0.8214720308458464 0.4218065159488576 0.05412048417168762 0.1024878494943023
29 0.9029831065358321 0.4333121165217474 0.10204946956119088 0.13125145957987772