18 0.66953125 0.9638888888888889 0.0625 0.06944444444444445
18 0.5546875 0.5965277777777778 0.0234375 0.04583333333333333
18 0.534765625 0.6118055555555556 0.02265625 0.034722222222222224
18 0.544921875 0.6013888888888889 0.04296875 0.058333333333333334
30 0.4796875 0.45555555555555555 0.096875 0.18611111111111112
20 0.79296875 0.39166666666666666 0.0578125 0.7833333333333333
20 0.978125 0.3951388888888889 0.0421875 0.7902777777777777
20 0.6515625 0.2798611111111111 0.01875 0.48194444444444445
20 0.680078125 0.2798611111111111 0.02734375 0.4930555555555556
24 0.680859375 0.7506944444444444 0.44453125 0.4986111111111111
29 0.880859375 0.4041666666666667 0.09296875 0.5055555555555555
13 0.21484375 0.4895833333333333 0.428125 0.2263888888888889