18 0.63828125 0.5555555555555556 0.0609375 0.08333333333333333
18 0.045703125 0.49722222222222223 0.08828125 0.07222222222222222
30 0.546875 0.45694444444444443 0.0484375 0.09444444444444444
30 0.590234375 0.4756944444444444 0.01640625 0.043055555555555555
30 0.6015625 0.47708333333333336 0.040625 0.05416666666666667
20 0.851171875 0.3138888888888889 0.05078125 0.49166666666666664
20 0.738671875 0.40347222222222223 0.02109375 0.2152777777777778
20 0.480859375 0.4305555555555556 0.00703125 0.125
17 0.49921875 0.7472222222222222 0.9953125 0.5
24 0.6640625 0.7569444444444444 0.453125 0.48055555555555557
29 0.48203125 0.39652777777777776 0.04375 0.19305555555555556
13 0.2703125 0.5027777777777778 0.04375 0.05