18 0.573566327669656 0.7378338160242679 0.0400164668225127 0.05401417821019297
18 0.5629899090026472 0.7291333207138943 0.0611693041565303 0.0727242987005569
31 0.21106781893815524 0.3914073820371855 0.42113569837755255 0.5032963470367401
30 0.530817237556066 0.4481586020987952 0.043136921642972934 0.05272226190423876
30 0.47449678727319905 0.42837633081383925 0.0415971475406721 0.05961822005721602
30 0.48778030986296894 0.4286586417808119 0.015025557181592398 0.05601617532449457
30 0.623788260145836 0.44596811220093713 0.15049996974937904 0.15743246175863576
20 0.4809553446511831 0.2531581425022365 0.02272546945479128 0.4992656760459193
20 0.6732678370885278 0.29327191865479507 0.03165556274073715 0.5865438373095901
20 0.6241513536281735 0.3181660912774256 0.01960955981387098 0.5019464812407625
20 0.569818117191855 0.30873987879480225 0.01772889724608433 0.404675772727073
9 0.576829434764773 0.541184822517822 0.012663626463433175 0.050387890331738086
24 0.6140936063095501 0.7067120613350079 0.4212993248409857 0.55329634703674
29 0.7854638309402078 0.42775533658963005 0.21523061114173087 0.3635870663754607
29 0.9296317270174466 0.4316158095351077 0.12102609318774996 0.22178899999853552
19 0.2489993505540135 0.4027315894691042 0.030845999901804165 0.11622326046138956
19 0.29220672247985346 0.4743148831204209 0.03078691256778665 0.09816770490583401