13 0.6898974841710548 0.6871254294215389 0.565316220035531 0.5443715061035335
4 0.5187107595551677 0.4551465093745595 0.10274321969684656 0.1023724940947629
30 0.7205615256112553 0.43980288306252313 0.08456642978275504 0.12007001256310604
20 0.40332365558606675 0.2539857294344265 0.08554018882786654 0.507971458868853
20 0.04474705534858184 0.23960400371899687 0.024324970601357843 0.13800361425188754
20 0.20351122371137603 0.2719045665620199 0.022762470601357877 0.13785803708721242
20 0.679532612506186 0.33835988240903964 0.04527595771105908 0.293698841147643
20 0.2739653652197195 0.24733443288725296 0.016437227498762752 0.08186575003763158
20 0.902671880371296 0.23515821900979084 0.025645131162235657 0.103499757776678
20 0.0787740349392804 0.24820686165169994 0.022475865558403706 0.1281358148649903
20 0.14238283355979942 0.23119987537124664 0.014629066033373573 0.0733868395396232
20 0.7825502705228727 0.2927498613028773 0.03804995590203682 0.20715099854250651
20 0.017608023236406218 0.23520715965636693 0.021326123360319825 0.11556302628265272
29 0.8478289111267049 0.3115992260953538 0.2337486374938141 0.423449735161644
29 0.600303796925068 0.396296790796071 0.07699294719560949 0.1803076606861664
13 0.11128498077812314 0.4579772898140415 0.22256996155624628 0.3701565314830281
13 0.30099597608622525 0.532911441279783 0.18389804443664753 0.2124291301062963