6 0.25888071401810003 0.6771198919888332 0.054417826302516924 0.08458653558401244
19 0.11651558560588726 0.7645833333333333 0.20530404590444284 0.4708333333333333
30 0.5068676229308308 0.551819178112541 0.05080267473094047 0.09529317886547074
30 0.5586933923683955 0.5523374891358103 0.05745293507002262 0.11121810517069296
30 0.45566899596636007 0.5603690916500147 0.04718752315936392 0.10599982214692921
30 0.71229890860089 0.5419250795182016 0.047131865177646406 0.07413627126841536
20 0.03877899865470182 0.45417971691349224 0.06300307588823217 0.3528038782714289
20 0.3400439959663601 0.5483968438922959 0.03487161372990437 0.1712104046268463
20 0.6542648537004084 0.43826496967046713 0.043414013853738886 0.2593575531542906
20 0.3072229376536658 0.5595422006735816 0.03489088440806878 0.20168506661647143
24 0.6740990494190995 0.7299997587558904 0.5963871182780183 0.5400004824882192
16 0.33666859294704143 0.6574719175870739 0.034105326302516926 0.08248330286981861
29 0.08141385866280716 0.5202321846804008 0.07887417080199895 0.12590223145081722
29 0.29963624276128964 0.522743494252061 0.09023550992479752 0.29190805132196984
29 0.8086783718973735 0.4140850115128653 0.038356178659881834 0.06630199759873502