19 0.65390625 0.3467302602282808 0.021875 0.07613155109816452
30 0.765234375 0.27291591783385233 0.04140625 0.07853075346755736
30 0.528125 0.3712922345982823 0.13515625 0.16810248039619893
30 0.95 0.22933057453050645 0.084375 0.18769788756911068
30 0.3875 0.4334276027690223 0.07734375 0.12344528582724036
30 0.739453125 0.2860550871836732 0.0953125 0.10354144089597075
20 0.849609375 0.14595524031633417 0.09765625 0.29191048063266833
20 0.02109375 0.4496033058855001 0.0421875 0.5035711660067775
20 0.921875 0.12213672279491558 0.11875 0.24427344558983116
17 0.504296875 0.6023859281556082 0.99140625 0.7943390678259399
15 0.256640625 0.3589467030883993 0.0875 0.39063731550376923
24 0.883203125 0.4175080688560524 0.23359375 0.2912500158934948
29 0.133984375 0.5402914717459646 0.07421875 0.16217252455924863
29 0.1890625 0.5179979432864988 0.078125 0.1568190316997939