19 0.44765625 0.45208333333333334 0.0296875 0.14583333333333334
31 0.79765625 0.37916666666666665 0.26875 0.1388888888888889
30 0.146484375 0.375 0.24296875 0.23055555555555557
30 0.483984375 0.4027777777777778 0.05390625 0.12777777777777777
20 0.821875 0.25 0.0203125 0.49722222222222223
20 0.885546875 0.25555555555555554 0.02265625 0.5111111111111111
20 0.920703125 0.28194444444444444 0.01953125 0.5638888888888889
20 0.604296875 0.25972222222222224 0.03515625 0.3333333333333333
20 0.0171875 0.2298611111111111 0.034375 0.31527777777777777
20 0.283203125 0.30694444444444446 0.01796875 0.1527777777777778
20 0.23671875 0.25833333333333336 0.0203125 0.11388888888888889
9 0.92734375 0.6076388888888888 0.0609375 0.05416666666666667
17 0.7287343749999999 0.7474305555555555 0.5378359374999999 0.505125