18 0.09611631323214212 0.5226172217663271 0.19223262646428424 0.3964322231340126
30 0.26841114794737775 0.4887392283238317 0.09605659931542795 0.1414567755974512
30 0.3458417754188357 0.46233149576814503 0.04706334239534575 0.07967127624824412
30 0.2991345659321553 0.47542099467798166 0.03178851087441492 0.09381719631589946
30 0.4873740301146057 0.412561443043709 0.018828254448624192 0.03880163636664093
30 0.5292823223579459 0.4046726125580202 0.01948217045623544 0.03330267369659149
20 0.5879748786885963 0.27701511013322105 0.06137253460041112 0.2956281686520954
20 0.1775301506659815 0.4724439292613818 0.03492543973360744 0.19665156697918335
17 0.20189876308013655 0.7258902182348398 0.4037975261602731 0.547993191988296
15 0.6919739705896506 0.22431743341061222 0.10355205882069889 0.44863486682122444
24 0.5949590604949477 0.49974903151898725 0.46730154102620175 0.3791099500109352
29 0.5578994122818338 0.3471363060097502 0.053550764334455894 0.12451187089123153