0 0.34070314629374254 0.45069444444444445 0.019424834186749607 0.044444444444444446
4 0.0826280948865612 0.2798611111111111 0.04842208944842143 0.04722222222222222
30 0.14309901066451802 0.25833333333333336 0.09126901308359248 0.1388888888888889
30 0.3451473580760344 0.3388888888888889 0.05411835260260105 0.05416666666666667
30 0.060506318542908374 0.22777777777777777 0.017270799985882566 0.02638888888888889
20 0.9297351897025352 0.42777777777777776 0.09350488922254244 0.46944444444444444
20 0.647138280431081 0.3138888888888889 0.12654490237672214 0.47638888888888886
20 0.2028415198371502 0.1875 0.06315869461127122 0.23472222222222222
9 0.448018969992442 0.4777777777777778 0.01717979472421085 0.02361111111111111
9 0.48475313054402047 0.525 0.016299834186749608 0.044444444444444446
17 0.5925019582595611 0.6819444444444445 0.7692777049228534 0.6361111111111111
13 0.17698412835913208 0.38472222222222224 0.35396825671826415 0.24861111111111112