26 0.5732887881510946 0.4228927050244688 0.0064818250810779075 0.023934411424872338
30 0.5746038492305839 0.40824875288230517 0.026299447240056395 0.05411139157204319
20 0.08701125608907996 0.3633677010060169 0.04115860835926086 0.29503576997734343
20 0.18026835531801616 0.36895506923587434 0.03275972727182856 0.2349094223629196
20 0.7133973652607674 0.24018438758463018 0.060364350241586 0.48036877516926035
20 0.6565882577122855 0.2894827217396851 0.03818361282348768 0.3101518975982406
20 0.3093129500827255 0.3879612384393821 0.021757997564368026 0.14827294824194645
20 0.25788681777747724 0.3767395771390238 0.02597789326229698 0.18041945538249168
20 0.6187814303990941 0.32267252362225285 0.02552392572970099 0.21371237617660482
17 0.49841854018133713 0.6919086426801114 0.9945990284069192 0.6150511635416128
29 0.9202007443196049 0.321656616816604 0.15599840421934558 0.38010266737015364
29 0.6955913693196047 0.3332752218424004 0.06055744480442442 0.2030309404415121
29 0.11267175223376107 0.4140972142754748 0.04270174310014117 0.13408630902311292
25 0.2267058887997177 0.7520278086277716 0.4534117775994354 0.49594438274445674