24 0.6862481862954064 0.7041337554975555 0.45086278417751763 0.5823431581155414
4 0.4844092384861197 0.45062252069501635 0.01833246285298138 0.02240806956340546
18 0.5175399872324784 0.4697275917338217 0.057735943652651577 0.04364541885583293
31 0.8863030444377568 0.42141267440125557 0.22739391112448643 0.29684429924146355
30 0.5244162929530063 0.43631749536826053 0.022579693652651577 0.043281804492648256
30 0.5142486769263506 0.43572809507318055 0.044568353919208194 0.0504524978741854
30 0.5126448929134352 0.4093513266630645 0.04777592194503928 0.10325451660950888
20 0.8849487960871094 0.388764906069976 0.11052259217421892 0.777529812139952
20 0.09447690878180626 0.3060192478981189 0.05560044530200421 0.2949696651912668
16 0.4044519596856249 0.48270479357075025 0.027630906505632956 0.06555250862996173
29 0.7613844382091217 0.26246940385687617 0.16808137641824353 0.5249388077137523
29 0.412167519793897 0.38121894085167873 0.048912524610606314 0.17269896105395333
13 0.15110983092470115 0.5436682707977862 0.28821671700961654 0.23766345840442746
13 0.9539356510621031 0.7005990788606795 0.09212869787579372 0.2691059970492003