24 0.6408419521738719 0.7441336421799226 0.5288757613022572 0.5117327156401549
30 0.5873055305367536 0.5284216557182145 0.03364895459715278 0.06592593377590752
20 0.08238746703996536 0.18136024843458912 0.08552319196371543 0.33143300003769693
20 0.7588977018895313 0.4280535313326897 0.13697920203170177 0.5649956218550418
20 0.1879114216371182 0.25174828053444215 0.06666343597979178 0.26226191990115494
20 0.6867051386770836 0.45895959860667224 0.08167149335048621 0.33535716136067084
9 0.7816481369193926 0.7347731125379701 0.017623911094166545 0.034400356845581355
29 0.9273820772223264 0.6400641542753185 0.14523584555534724 0.44681220519779935
29 0.7223435858654168 0.5277845628322039 0.09526056145475721 0.24044534833336967
29 0.1303171271842015 0.2648258681144569 0.0573962323325695 0.15066579810265843
25 0.21002705684727463 0.6590410535123207 0.41067127516996554 0.6014154403579748