25 0.22679703711554655 0.7125 0.4313250444567007 0.575
30 0.5569746307887137 0.49594531936050384 0.026382717535011223 0.05510701241257957
30 0.3607535252262784 0.47281427408266585 0.0290346825888232 0.03734261118637426
30 0.32359812758364326 0.45272654404613394 0.05959547787409347 0.07344191064853475
20 0.9624305143704674 0.4291162425207664 0.06016067390237083 0.630465049499792
20 0.07748295285270289 0.33973872857903836 0.049047583746115044 0.29552446153055717
20 0.6839587579603268 0.360220740235378 0.06933015860088983 0.4747580109550861
20 0.1681175881917851 0.363423587616804 0.038780017782680296 0.23083489823595518
20 0.6339876639775733 0.40128642142560134 0.0428703583532208 0.29771993064963453
24 0.7139983416039979 0.7554728740129014 0.5720033167920043 0.48905425197419716
14 0.7889170665826072 0.5736679511500833 0.11363016046291677 0.11311375646971082
29 0.6700086509501494 0.45244218000628933 0.05974533519385705 0.19815075631918452
29 0.8840625926374551 0.4869331906089446 0.15515418858467916 0.35944479823045644