18 0.43122010823126705 0.5351387888016237 0.07145584733826169 0.122323649604547
31 0.8020764362921569 0.46760783563763497 0.33423703163466173 0.2870371155368528
30 0.24453053313612685 0.616271990812056 0.07998593034206732 0.12007938358289307
30 0.11489408921963151 0.746020699741016 0.2066770588206989 0.5079586005179679
30 0.661031636387297 0.4068208319630196 0.04712700939154004 0.08197972865350193
30 0.602286012623026 0.42089932931944596 0.05060217787060921 0.09745151070623387
30 0.4683062727560035 0.5147551819466183 0.02989308844101295 0.04485009509888142
30 0.6530831793720745 0.41844120429588544 0.026209672927693363 0.05432981197741103
30 0.7735402594101306 0.38314576086363417 0.030992673421985018 0.05878748505650893
30 0.6315192206268316 0.416302761463973 0.02624150642579064 0.05571870086629992
30 0.42270860056974746 0.4709919650869373 0.09319819615939799 0.2540432308098275
30 0.4264052742388783 0.5298742396584993 0.1245954347906915 0.1602954434322511
20 0.9678327929847775 0.2084721103599847 0.06433441403044497 0.4169442207199694
29 0.49869213317440175 0.3897772198585638 0.07290294220506546 0.2194973707580306
29 0.27485272655833065 0.48851625094622364 0.13178319368794006 0.23563495091342096