30 0.688671875 0.41805555555555557 0.04921875 0.05
30 0.541796875 0.4111111111111111 0.04921875 0.10555555555555556
30 0.6125 0.4166666666666667 0.0578125 0.09444444444444444
30 0.654296875 0.40069444444444446 0.03515625 0.07083333333333333
30 0.64921875 0.41180555555555554 0.0203125 0.04583333333333333
20 0.3140625 0.3423611111111111 0.0359375 0.3597222222222222
20 0.93984375 0.2013888888888889 0.0578125 0.4027777777777778
20 0.4390625 0.3659722222222222 0.0078125 0.19305555555555556
20 0.403515625 0.36944444444444446 0.01171875 0.2388888888888889
20 0.0109375 0.39166666666666666 0.021875 0.44722222222222224
20 0.813671875 0.28541666666666665 0.03203125 0.2902777777777778
29 0.387890625 0.31180555555555556 0.06796875 0.35138888888888886