4 0.46675127048722465 0.44644016047814666 0.04104854882550111 0.07443533156517125
18 0.4181312567304246 0.6494608425631563 0.03567908722616089 0.03267169778626232
31 0.22786475564138553 0.37720113653725507 0.45572951128277106 0.4233755047032676
30 0.42980402569964526 0.38958508907988365 0.03742344365265158 0.04381513126812075
30 0.4483308852602391 0.4266891400382273 0.08396347453146405 0.11975248001979695
20 0.10904524482083286 0.47330404858901026 0.18972201035833428 0.9466080971780205
20 0.5857645206850803 0.30976657030202337 0.05937997783016939 0.6195331406040467
20 0.4690555680590844 0.3533684437372174 0.02499530298213628 0.2865313019308281
24 0.35984556370459364 0.7034264674659031 0.42586278417751766 0.5863916895819753
29 0.7487442423135503 0.4190862753731397 0.050696333465237234 0.09129593245632274
29 0.8338663942335834 0.41940803950073663 0.09244356426490725 0.11298580861446368
29 0.4391180154726597 0.36926034655919693 0.022579693652651577 0.04350806874601984