18 0.4690692825946721 0.5006184805354253 0.040662103919208194 0.05041209627827609
31 0.8351004537150348 0.5197454775057893 0.3172964632486931 0.2962876832283085
18 0.934541169899975 0.4097076598302762 0.04877012061225585 0.06854845502565025
19 0.13601626445012766 0.6380682734867303 0.01899169239901033 0.06268584734118324
30 0.4283874524613937 0.5045108793551054 0.12578726167848248 0.09711810408325271
30 0.6944659192731545 0.4024701357564827 0.048261655251991796 0.08520704137313512
30 0.6688366077133855 0.4173160794632273 0.020304139812585477 0.04742423020176937
30 0.6517855000332535 0.40916051315189533 0.020440532132453625 0.05575756353510254
30 0.7368538276592493 0.36592672756914096 0.03264501543940614 0.03783129308645717
30 0.8121463385130555 0.3950040477196094 0.04796613855894449 0.06715148581757957
20 0.5123323750332535 0.41060285012586134 0.023526079704313398 0.14882927972902202
15 0.3285980526196782 0.3972279875154169 0.06502090940862688 0.29784440679922725
14 0.5721290922739792 0.45580995872259883 0.0345712282923877 0.0600696759470433
16 0.019547900171752494 0.7115106239054168 0.03909580034350499 0.13932522612471038
29 0.508603801366037 0.37592506965913947 0.07096102084968248 0.23125046300519742
13 0.20912715551635447 0.6095390260250375 0.07502874373179384 0.09798177222531908