4 0.44609375 0.5694444444444444 0.034375 0.06388888888888888
18 0.559375 0.7618055555555555 0.034375 0.043055555555555555
12 0.543359375 0.5451388888888888 0.15390625 0.06805555555555555
30 0.38515625 0.5340277777777778 0.1015625 0.19305555555555556
30 0.062109375 0.4340277777777778 0.10859375 0.06527777777777778
30 0.05859375 0.46319444444444446 0.1171875 0.12361111111111112
20 0.96875 0.49930555555555556 0.0609375 0.9986111111111111
20 0.76328125 0.36875 0.0296875 0.7375
24 0.40390625 0.7791666666666667 0.384375 0.44166666666666665
13 0.168359375 0.5416666666666666 0.33671875 0.21388888888888888
25 0.90078125 0.7423611111111111 0.1046875 0.10138888888888889