4 0.8831819606852281 0.6175287741140912 0.10761618182494175 0.13536122443559861
12 0.10470808669240199 0.3147955875965376 0.20756710228117753 0.1744929653393211
30 0.6573290679093218 0.4328347864495094 0.09517984882113631 0.13723351604527842
30 0.5818256963693628 0.40918592611969 0.09401659684397004 0.12051025649310564
30 0.7221423137078432 0.4634976507336615 0.06463284437251211 0.09758298639604561
30 0.5051909063503347 0.40087143645315454 0.037338173916276675 0.06371438384439299
30 0.4662384942970562 0.364868784725078 0.023162927376317734 0.09180578568644317
30 0.48026916079895904 0.3652390016748566 0.051733596349678376 0.11328757400910819
30 0.6461282769017105 0.42809982773379274 0.2269856057412186 0.20501786125813465
20 0.8346469488408207 0.37007309076787803 0.07902029102620176 0.3509832859143908
20 0.525946416730458 0.3120132072010075 0.051299856235510075 0.19645112868592302
20 0.8801517791260226 0.39242855496746104 0.08023528114037007 0.26787632412308193
30 0.41435500072284687 0.3145504342728279 0.1569569486308559 0.28036687134712673
29 0.08407789895455145 0.14862644092948205 0.1443442020908971 0.2972528818589641
29 0.15738939425878137 0.17717416158912086 0.13380595011373075 0.2911690847819429
17 0.6499198038220114 0.5519243437625462 0.2339996096955513 0.23880393767551705
20 0.27701614475307296 0.17631817872456254 0.10690521049385407 0.3526363574491251
20 0.18412697849831594 0.1762132331899548 0.10674604300336812 0.3524264663799096