18 0.3734375 0.7368055555555556 0.0453125 0.0625
18 0.411328125 0.7097222222222223 0.03984375 0.04722222222222222
18 0.4265625 0.65625 0.021875 0.034722222222222224
31 0.275390625 0.46805555555555556 0.55078125 0.3416666666666667
20 0.563671875 0.2673611111111111 0.01953125 0.5347222222222222
20 0.530859375 0.3798611111111111 0.04140625 0.28194444444444444
20 0.59140625 0.26944444444444443 0.01875 0.5388888888888889
17 0.329296875 0.7458333333333333 0.65859375 0.5027777777777778
29 0.8984375 0.3729166666666667 0.134375 0.7375
29 0.787109375 0.4736111111111111 0.07578125 0.3611111111111111
13 0.14609375 0.48680555555555555 0.290625 0.1597222222222222
25 0.921875 0.70625 0.153125 0.12361111111111112