4 0.9713725502864566 0.6038006103903086 0.045957937340862995 0.09907976962366041
12 0.46885262696929686 0.39720686070706723 0.05345226400381797 0.050549461704367915
19 0.6737259382956836 0.48605395898445447 0.016824420671545326 0.06405857559170854
30 0.5677850209659561 0.4399306601709682 0.1125096380092268 0.12198881897634253
30 0.9483259489576839 0.5443207977435429 0.09714826734563572 0.16210499037048262
30 0.6348316156309789 0.4607635304991042 0.04663009933959046 0.08242118327617555
30 0.631770250298388 0.4510736295536094 0.03083237667090888 0.05587068800364897
30 0.4140651296347969 0.41305026082757684 0.07058576734563574 0.16183025951829866
30 0.7770282062977516 0.45790402351911264 0.047165901336727246 0.044929263595357344
20 0.1259028793165235 0.21968639101470344 0.08256924136695298 0.4393727820294069
20 0.8888247743077737 0.3255066181952853 0.06317435136854357 0.461733295688116
17 0.6342944452777071 0.7218625211314424 0.5191794507081345 0.5483885662155978
30 0.34960318763925124 0.35538759398633973 0.21370960602322614 0.3063564331649568