12 0.434765625 0.40902777777777777 0.07265625 0.04583333333333333
30 0.551171875 0.4375 0.10234375 0.09722222222222222
30 0.240625 0.5152777777777777 0.1390625 0.23333333333333334
30 0.1546875 0.4756944444444444 0.309375 0.9513888888888888
30 0.6140625 0.4486111111111111 0.0359375 0.06666666666666667
30 0.916015625 0.47291666666666665 0.08828125 0.12916666666666668
30 0.611328125 0.4388888888888889 0.02421875 0.04722222222222222
20 0.844140625 0.27708333333333335 0.03203125 0.42916666666666664
20 0.48203125 0.3506944444444444 0.025 0.19305555555555556
20 0.903515625 0.3034722222222222 0.04765625 0.35694444444444445
20 0.718359375 0.3861111111111111 0.01328125 0.09166666666666666
17 0.673828125 0.6944444444444444 0.54609375 0.4444444444444444