30 0.5011917554847046 0.5688971617428952 0.130310037293461 0.2435794196703714
19 0.862660023540872 0.7456719151230649 0.1326612548941412 0.5086561697538703
19 0.40763272844286264 0.5689121560534536 0.03735864546082901 0.19514509000167948
30 0.16957718429431154 0.6798611111111111 0.3250223696849314 0.6402777777777777
30 0.578892642191527 0.49585785868484433 0.08696677586071573 0.14068094956494184
30 0.945434040288686 0.491267193729257 0.10913191942262798 0.1382802430806772
30 0.6131585147868653 0.49386162003023215 0.019015384028083736 0.09483521400602733
30 0.7032837623822037 0.4976492713396531 0.048611114790790035 0.053545618632873646
20 0.2819295901960187 0.38125231298532525 0.019920663516996395 0.3790720748326663
20 0.9526116232283105 0.3107047890396665 0.056220262065717466 0.3218438548862208
13 0.8172011574841376 0.7518423175996227 0.36559768503172485 0.49631536480075467