30 0.706914491006216 0.4889824823144781 0.11992085587202155 0.227150610388222
30 0.5529290621391918 0.4126181969628401 0.06971749462331651 0.1284495562762479
30 0.6124485343270155 0.4387904747398856 0.04062715405277597 0.06093437950890398
30 0.663911507755439 0.4292672896743276 0.02605523180303493 0.041053558441254266
30 0.6013569268001095 0.42941117134897017 0.03583049214211727 0.056622253967835455
20 0.8854708114153208 0.37359173519834604 0.05490163151258472 0.39721519264015054
20 0.44969705428130896 0.3538140598789774 0.028041570925833526 0.20625860678183103
20 0.27029424844981403 0.26276086182924047 0.047470121173502466 0.38171922655077006
17 0.4958518473949661 0.6583333333333333 0.9917036947899323 0.6833333333333333
29 0.10546976912797848 0.22706575937815418 0.10644270678164433 0.3086101919179936
29 0.2467229886274605 0.19252851514845287 0.07742514081820957 0.24387279292842756
29 0.18829938575336697 0.25882644263831983 0.12012637117350247 0.3839738391039982
13 0.9289831590174291 0.6675407723550102 0.10280182237357564 0.11004756709834977