8 0.244921875 0.7395833333333334 0.48828125 0.5125
26 0.53671875 0.5006944444444444 0.0078125 0.0375
30 0.536328125 0.46458333333333335 0.05234375 0.11805555555555555
30 0.430078125 0.4638888888888889 0.01796875 0.03333333333333333
30 0.54140625 0.37916666666666665 0.0640625 0.28888888888888886
30 0.391796875 0.4527777777777778 0.02890625 0.06111111111111111
30 0.63203125 0.47708333333333336 0.0515625 0.06527777777777778
20 0.830078125 0.30486111111111114 0.02265625 0.6097222222222223
7 0.5 0.7395833333333334 0.99375 0.5152777777777777
15 0.05 0.3909722222222222 0.0359375 0.27361111111111114
29 0.870703125 0.29097222222222224 0.17421875 0.5375
29 0.798828125 0.36875 0.10546875 0.31805555555555554