4 0.611032093509422 0.6785973581523413 0.7779358129811559 0.6082616035224038
8 0.28326615925988224 0.4568814647573619 0.39154344810012065 0.2485581167139445
18 0.8869190244796016 0.507619227100574 0.22616195104079678 0.35861889348203246
18 0.6508376402073475 0.4793526617092782 0.23545057835784533 0.29382436503804854
19 0.9761115388960093 0.6229844641199332 0.047776922207981444 0.1466476842196897
31 0.28372816570503157 0.37957172153525476 0.404640991632257 0.4020474684278685
30 0.48329659712746675 0.36165491076587997 0.03638123530067894 0.07090185130014011
30 0.5366025212002412 0.3899596674982424 0.03547715456798421 0.06667049609382394
30 0.5369145810713789 0.36069596802210113 0.04015801051544958 0.11970702803020035
30 0.5295507994114589 0.3898474199106447 0.021128049525030158 0.05578388015790792
20 0.7944094985296619 0.25775752918249434 0.08196480947465297 0.5155150583649887
20 0.64807340909054 0.24218109705248445 0.07834848654387443 0.4843621941049689
24 0.29545463901992286 0.6445260566147842 0.5711744736535755 0.7109478867704314
29 0.6839904373017577 0.22251663542527408 0.05910940637700648 0.1545281977754756
29 0.46015566824922294 0.2939570568919762 0.04406426051544958 0.12003047072844855