30 0.540625 0.3878744194513304 0.05625 0.11437979707699715
20 0.814453125 0.17636197996828262 0.11796875 0.35272395993656525
20 0.845703125 0.16678021138480834 0.05859375 0.32846275158483496
20 0.465234375 0.39689464130529944 0.025 0.12984781104656662
20 0.714453125 0.23875899715706078 0.05 0.2263622887597999
20 0.3078125 0.41895715982248194 0.059375 0.24797188456892896
24 0.686328125 0.618865562362226 0.49140625 0.6893002025507418
30 0.08046875 0.8037537470827526 0.1484375 0.39145748920010043
23 0.40078125 0.4911203347152846 0.053125 0.12523215402950963
29 0.462109375 0.3638200621305648 0.06875 0.21263703593361372
13 0.265625 0.578700340963563 0.05 0.07497339987091102