4 0.6042903549432628 0.4199038748143907 0.04758562944567011 0.05789795438149446
18 0.3379653799646533 0.6905471661362464 0.08510490012383451 0.0892130856496152
31 0.1933839729116948 0.35012637032323446 0.3867679458233896 0.42196948157575326
30 0.39415337562142716 0.3937118393097419 0.12050089867609248 0.1885029665464229
30 0.5677631768001096 0.3984493088974206 0.022112594499482087 0.03932524089397968
30 0.4778380938803094 0.3885103702525307 0.06065070967712849 0.10952926105098931
20 0.8448094241117678 0.33352118597499447 0.08327284222317033 0.6670423719499889
20 0.7068738534955207 0.3238241785840846 0.07967480727698231 0.6476483571681692
20 0.498028623449814 0.24916477979349763 0.05550525310037191 0.49832955958699526
20 0.6098565353604728 0.2412989045194377 0.03315721815418389 0.4825978090388754
20 0.5427567725401913 0.3247013142372587 0.01761349317557439 0.22524241778060597
24 0.43531233788445345 0.7003325735200859 0.3978040690638066 0.5801412030553491
29 0.7503680653442621 0.3578862777424731 0.034449928659881834 0.06317876978569659
29 0.9414211546742031 0.32270102910397014 0.021731604838564067 0.05458685748638364
29 0.6449431839341214 0.4030993515454215 0.07782109305173997 0.1390353126105042
13 0.8073467726448896 0.8057696489851405 0.3467787624059966 0.3611482987481174