8 0.38779941221993236 0.7091509327745843 0.28018511284359615 0.5816981344508314
18 0.6440371252823487 0.5414582211966391 0.08799979991529554 0.16004641898294855
26 0.6267435739810482 0.5682021696371241 0.02455965521931951 0.0823969576349089
30 0.6233147370928755 0.4819617690430232 0.15445852879802083 0.2821726471461801
30 0.5443136291933091 0.471293630949812 0.024893584186749605 0.04492928000565636
30 0.2995583541650741 0.41341699918662284 0.026092063140062204 0.03385049126529256
20 0.7553946133377062 0.351965233962739 0.0755585260260105 0.5428625943843226
20 0.7331976067959101 0.4209975681801533 0.050938686648176204 0.3633080592686865
24 0.6182226595890965 0.7105963858122812 0.7300941075819243 0.5788072283754376
29 0.936823864759005 0.553074221267343 0.0974125972703419 0.18522419202205956
25 0.2600736790380172 0.6694444444444444 0.5201473580760344 0.6611111111111111