26 0.5421364787268712 0.47891205638705875 0.012482753954332714 0.03442516206839659
30 0.26936349429705625 0.37335642595221635 0.07185509536109524 0.10786707271693151
30 0.38033415709177215 0.39558654756683465 0.04596375741437377 0.06664894919324083
30 0.24065686830847302 0.38434654254087064 0.03655692391627667 0.0643865973163012
30 0.33671149108416093 0.3941071526221823 0.03405400642579064 0.05722378712484407
20 0.7389816217685141 0.30881354892518 0.1424354866913083 0.6022878938634747
20 0.6251751190499104 0.34228456003079244 0.07616720505664656 0.33001650635681606
24 0.5598167507042564 0.6428825925949981 0.8373487386684746 0.6836636102282297
14 0.5450691484416693 0.4529992461956016 0.05157442885919252 0.10736345846504397
29 0.7832694853998076 0.4003159616094286 0.17511138243296429 0.429320068344451
25 0.24915310646406547 0.6264528936138003 0.49830621292813093 0.7220942127723995