18 0.408203125 0.4930555555555556 0.10703125 0.09722222222222222
24 0.59609375 0.7638888888888888 0.1859375 0.4583333333333333
18 0.633203125 0.5458333333333333 0.06484375 0.041666666666666664
30 0.3421875 0.5055555555555555 0.0421875 0.058333333333333334
30 0.6390625 0.4826388888888889 0.0390625 0.10138888888888889
30 0.449609375 0.4965277777777778 0.02578125 0.07361111111111111
30 0.63828125 0.5097222222222222 0.0375 0.04722222222222222
30 0.49375 0.5152777777777777 0.0359375 0.03333333333333333
30 0.435546875 0.4888888888888889 0.05390625 0.09166666666666666
20 0.190234375 0.3145833333333333 0.03828125 0.3013888888888889
20 0.865234375 0.32569444444444445 0.05390625 0.5319444444444444
20 0.833203125 0.3888888888888889 0.01328125 0.4027777777777778
29 0.537109375 0.43125 0.03984375 0.15416666666666667
13 0.826171875 0.7020833333333333 0.33671875 0.37916666666666665