30 0.5421155450131913 0.36154749749257636 0.05460814364673041 0.1190695011066882
30 0.6062822105759544 0.37146191777165427 0.059613102176918176 0.09585454019412004
30 0.656391337980616 0.36228441754370666 0.050855661069925694 0.0868986851202193
30 0.6912338466922137 0.37570995991815326 0.054161710344286365 0.05662609399219431
20 0.32757810181802316 0.2820848378888843 0.05539437204718407 0.35767542556804643
20 0.044611834394827986 0.27345666227296367 0.06390133121034403 0.5469133245459273
20 0.9462747827158058 0.18976738398145349 0.07959576387981641 0.37953476796290697
20 0.41086678961330475 0.3114177693636424 0.026676605805115373 0.24602904523861596
20 0.4456596964644701 0.30751049706973094 0.021143368418987053 0.20263393237002364
17 0.43780504564616346 0.6513583530223723 0.8756100912923269 0.6972832939552555
13 0.8065624470126244 0.6405774702185679 0.371160759703465 0.6260327273328178