0 0.3772856542226409 0.4556594123208378 0.026244900162155815 0.049089787443924456
0 0.31571690868686775 0.444852472498044 0.03637387662320544 0.047047717177726316
0 0.2550930543847966 0.41732227312307735 0.027725579545304767 0.040869639881603345
8 0.6433549391256769 0.5501935343666318 0.11697504017804192 0.14587574705490658
12 0.4387890801558604 0.3936062783624711 0.20217220048646728 0.15621103824174093
30 0.11054905479018606 0.3098212907144143 0.06390854139585782 0.06847291261488506
30 0.13759081879177468 0.29884105838667513 0.11806025324641087 0.0973778217148077
20 0.7773303159507533 0.23970133831999216 0.03781719439738751 0.4794026766399843
20 0.9508019078744411 0.20731727212866238 0.03683534699517495 0.4120991234134795
9 0.45616463068369056 0.4527213086624969 0.0175420560063543 0.037356154592245935
17 0.49743233319875274 0.6457815906060301 0.9948646663975055 0.7084368187879397
14 0.4655444719984704 0.41179271270139867 0.03829093262956 0.08327201405984966
25 0.3134178204149801 0.7416915111461054 0.6268356408299602 0.5166169777077891