0 0.04089925495307034 0.619234713374339 0.07008578067313606 0.09192174959003963
0 0.06336969362668365 0.5305275109981716 0.03639203333863612 0.07316554847724888
0 0.22518789361872948 0.651520039378389 0.04501305533895428 0.07822204436915159
18 0.7280802606023438 0.8758177737680433 0.28402210602322614 0.24836445246391337
18 0.05127340728438862 0.6467156654032901 0.029142607336090774 0.03910417305054084
12 0.30052906729393364 0.5474398193691994 0.34040791868236286 0.24066336316940667
23 0.39155378296070636 0.5554750309112175 0.025318173337045204 0.05119970522088819
30 0.03152617065165978 0.4131197519913046 0.06305234130331956 0.04012839287149809
30 0.5270100249642062 0.5236362844838663 0.015861357336090797 0.037728982429721704
30 0.09997645231938701 0.41811460567689285 0.19995290463877402 0.10567365579823015
30 0.5293719562977517 0.5211011874038801 0.044813060669954295 0.04766648881359604
20 0.8081972113104783 0.3831921834255178 0.03829307737904344 0.6021704280120546
20 0.9441077129813873 0.3416716615589096 0.03990957403722532 0.49130199759873505
24 0.5488526602880475 0.6502877534514073 0.22713575934913557 0.23032268499836828
20 0.567013408975183 0.3839309627803929 0.04178970003181668 0.4207113449631933