9 0.318359375 0.5125 0.03359375 0.05
9 0.2515625 0.5034722222222222 0.0359375 0.05138888888888889
9 0.2140625 0.5131944444444444 0.0359375 0.05138888888888889
20 0.682421875 0.6597222222222222 0.19921875 0.22777777777777777
30 0.118171875 0.6625 0.23633593749999998 0.6694444444444444
30 0.092578125 0.3375 0.12421875 0.06111111111111111
20 0.765625 0.26319444444444445 0.01875 0.5263888888888889
20 0.9765625 0.21388888888888888 0.025 0.42777777777777776
20 0.8515625 0.22013888888888888 0.0171875 0.44027777777777777
20 0.008984375 0.19027777777777777 0.01796875 0.3111111111111111
9 0.523828125 0.4777777777777778 0.01328125 0.025
17 0.8828906249999999 0.7076388888888889 0.22171093749999998 0.5791666666666667