30 0.544140625 0.47638888888888886 0.06015625 0.09166666666666666
31 0.823046875 0.5138888888888888 0.35078125 0.14444444444444443
31 0.225390625 0.425 0.45078125 0.35
30 0.475390625 0.4583333333333333 0.04765625 0.07222222222222222
30 0.434765625 0.4076388888888889 0.03359375 0.0375
20 0.203125 0.4548611111111111 0.1109375 0.9097222222222222
20 0.5828125 0.30833333333333335 0.0234375 0.6166666666666667
20 0.472265625 0.3680555555555556 0.01015625 0.2833333333333333
17 0.300390625 0.7381944444444445 0.60078125 0.5180555555555556
29 0.749609375 0.4041666666666667 0.04765625 0.08333333333333333
29 0.83359375 0.3958333333333333 0.0796875 0.1