26 0.6046875 0.4868197503533895 0.009375 0.026679806637692455
30 0.60625 0.4736737922004123 0.0296875 0.059254572871211525
20 0.124609375 0.28303344841118155 0.05234375 0.2988465129863758
20 0.758984375 0.334663327191338 0.08359375 0.5206495721490546
20 0.2171875 0.3178507056250618 0.04140625 0.2373959978349938
20 0.696484375 0.37994609775486937 0.05078125 0.3210202489171309
20 0.294140625 0.34662754436871374 0.0328125 0.18157376767636826
17 0.498828125 0.6798611111111111 0.99765625 0.6402777777777777
29 0.93984375 0.4805533932064524 0.1203125 0.39262233333186886
29 0.734375 0.4345941125451729 0.0734375 0.21338996681007277
29 0.151953125 0.34290973628963656 0.0453125 0.13751721356366192
25 0.236328125 0.7236111111111111 0.47265625 0.5527777777777778