6 0.2218697743169442 0.4966668313554759 0.052598976348645896 0.08343611028354367
19 0.07490777460128466 0.5445339213301102 0.14981554920256931 0.583512287104665
30 0.48763991807647544 0.5374432791061821 0.048820012917777864 0.0928348898075176
30 0.5364859002668748 0.5699908793263323 0.05527003466927098 0.10863017590249263
30 0.43712233311253446 0.5130996351400658 0.04507741707809032 0.10501144710926932
30 0.6851224422027948 0.656684290224796 0.04542225598392378 0.0717428023155858
20 0.051442672302708256 0.16276449829933443 0.08617715539458348 0.32345896332988
20 0.32987385738102415 0.43122360573192253 0.031106489266423676 0.17044903152259266
20 0.6543643844993052 0.5269163824960023 0.03772081838861112 0.2584018513001401
20 0.2959985851545658 0.4200763209238294 0.030743466565000155 0.2023287874273873
24 0.5881367064032983 0.7697204310252506 0.5852705784565974 0.46055913794949893
16 0.30046689979190944 0.5268114849712018 0.033067726348645896 0.08181889679230242
29 0.0910311959540624 0.24529496902778294 0.07652743882958339 0.1228767664730332
29 0.2976614226355033 0.3826733537333038 0.08416006050482654 0.28860736402835857
29 0.8070799224933332 0.6007387916482697 0.036737587005972475 0.06408678393499498