18 0.5734375 0.7534722222222222 0.0390625 0.05138888888888889
18 0.562890625 0.7444444444444445 0.06015625 0.06944444444444445
31 0.208203125 0.40694444444444444 0.41640625 0.4777777777777778
30 0.52890625 0.4638888888888889 0.0421875 0.05
30 0.47265625 0.44375 0.040625 0.05694444444444444
30 0.4859375 0.4444444444444444 0.0140625 0.05555555555555555
30 0.621875 0.4618055555555556 0.1484375 0.1486111111111111
20 0.477734375 0.26875 0.01640625 0.4986111111111111
20 0.6703125 0.30069444444444443 0.0234375 0.6013888888888889
20 0.621484375 0.33402777777777776 0.01328125 0.5013888888888889
20 0.5671875 0.32430555555555557 0.0125 0.4041666666666667
9 0.575390625 0.5569444444444445 0.01171875 0.05
24 0.6140625 0.7222222222222222 0.4140625 0.5277777777777778
29 0.78359375 0.44305555555555554 0.2109375 0.35
29 0.927734375 0.44722222222222224 0.11796875 0.21388888888888888
19 0.246875 0.41805555555555557 0.0296875 0.11388888888888889
19 0.290625 0.4895833333333333 0.0296875 0.09583333333333334