6 0.926846773710998 0.5232515428409723 0.05278010200509087 0.06991623827214886
30 0.6764101480346802 0.41235874541404643 0.08706474267981754 0.17755733978346136
30 0.5280041916971576 0.36668858682888844 0.07193918200986324 0.13358026392187364
6 0.034835720699384856 0.42648367840394213 0.0653261026814084 0.19703264319211578
30 0.5921985063653622 0.3828503880812172 0.03394828600413611 0.05625221262242393
30 0.5811882810311804 0.3724182919324456 0.02766192333704538 0.0503086485169599
20 0.8312152793602714 0.30131814384618844 0.039736304026089894 0.3439947179661165
20 0.9509326143578853 0.2626232297948227 0.05313628003658906 0.4822707350659331
20 0.39116244402449885 0.2966798011015412 0.02650905068427196 0.2321075897551888
20 0.27169455502068085 0.25407621408416825 0.03749255136058967 0.3591269925376786
29 0.12108575401813552 0.23007933648300363 0.09403290535486267 0.287667570555592
29 0.4030672790221126 0.26467803453609384 0.07462892468968078 0.30589948828157304
18 0.8694032667289744 0.7623300401973988 0.25865902669477164 0.38396390610179637