4 0.61796875 0.7520833333333333 0.7625 0.4930555555555556
8 0.269140625 0.5222222222222223 0.37890625 0.14722222222222223
18 0.8859375 0.5090277777777777 0.2265625 0.2986111111111111
18 0.636328125 0.5069444444444444 0.21484375 0.2361111111111111
19 0.973046875 0.6152777777777778 0.05234375 0.13333333333333333
31 0.2671875 0.44513888888888886 0.378125 0.3013888888888889
30 0.465625 0.40625 0.03125 0.0625
30 0.519921875 0.42916666666666664 0.03046875 0.058333333333333334
30 0.519140625 0.4 0.03046875 0.1111111111111111
30 0.512890625 0.42986111111111114 0.01640625 0.05138888888888889
20 0.77265625 0.26180555555555557 0.0359375 0.5236111111111111
20 0.626171875 0.25416666666666665 0.03359375 0.5083333333333333
24 0.27421875 0.7131944444444445 0.546875 0.5708333333333333
29 0.66171875 0.24722222222222223 0.046875 0.14166666666666666
29 0.440625 0.3416666666666667 0.034375 0.1111111111111111