0 0.47231462409852404 0.4638181474169861 0.026254028685347208 0.03824583291954961
0 0.3148476162147394 0.45049634353732676 0.02383754350298606 0.032496211745045085
0 0.3895293997919095 0.46859179928651584 0.02778016109416672 0.035597432221071146
18 0.06613605286012124 0.6112156998443943 0.05961204255305559 0.08262941825150152
18 0.13592154939319415 0.6158427422124172 0.03648301386770836 0.044642339490550534
18 0.03452237694831567 0.6415810192081581 0.04273301386770836 0.04515984780774779
3 0.4641965922305902 0.6599597086704446 0.9283931844611804 0.6800805826591108
30 0.14543554070164913 0.3660196783396644 0.12443760875746532 0.08660967815353363
30 0.048093777688558895 0.6088603122879178 0.09618755537711779 0.11541864313854862
30 0.4051375224170831 0.34937185001726656 0.04500402868534721 0.0397983578711412
30 0.1190003272707811 0.35849686646553036 0.07020405043684033 0.05714616891770782
20 0.7678752181805206 0.2144917358730774 0.03456206363895866 0.4289834717461548
14 0.515020688878038 0.3909128661012854 0.016879028685347207 0.037469570443753736
13 0.14916596841800336 0.5783256127207155 0.29833193683600673 0.17661741935225275