31 0.808984375 0.5097222222222222 0.20703125 0.11388888888888889
18 0.48984375 0.6583333333333333 0.028125 0.044444444444444446
30 0.246484375 0.42430555555555555 0.30078125 0.4513888888888889
30 0.56484375 0.4708333333333333 0.0296875 0.05555555555555555
20 0.95234375 0.49236111111111114 0.09375 0.9847222222222223
20 0.51328125 0.29583333333333334 0.0453125 0.5916666666666667
20 0.637109375 0.2847222222222222 0.01640625 0.5611111111111111
20 0.5578125 0.3902777777777778 0.009375 0.2361111111111111
17 0.454296875 0.7416666666666667 0.90703125 0.5083333333333333
29 0.7859375 0.4222222222222222 0.034375 0.06666666666666667
29 0.875 0.41180555555555554 0.075 0.09027777777777778
29 0.67578125 0.47291666666666665 0.0671875 0.14305555555555555