0 0.6535268792590607 0.5577092806824183 0.04028012662320535 0.04691799895011002
30 0.13947624167880662 0.3519774807061609 0.07699492248329012 0.1283157147787493
30 0.3475137483751469 0.3619928630883764 0.051190353084255055 0.04481923613467163
20 0.9256427025150622 0.24688690448645267 0.041423435468933435 0.48144621689737793
20 0.6409881487408212 0.23615182384521988 0.07568934131313228 0.47230364769043975
20 0.18939155681713332 0.26063046679371155 0.03813301988550237 0.2258421602730839
20 0.10359240158184266 0.240246889376137 0.03230575973923262 0.26850970727873114
9 0.4665188928552598 0.46022475726441264 0.014253414772652384 0.02031746368173799
9 0.3463086686263236 0.4781105885168142 0.015184669236879245 0.03564374252825454
17 0.8054500691955164 0.6869949579610766 0.38909986160896715 0.5507364253956352
24 0.45009218770104703 0.45915994637458857 0.13853639448011296 0.11409174365353844
13 0.18316576339103297 0.46252861690435504 0.33812333725594257 0.1639595161818657
17 0.42949884131148464 0.8697155078176304 0.1504693786518004 0.2161596475047667