18 0.4658053318052577 0.7221808353848619 0.0482120069200823 0.0617289064637008
18 0.5234553584784128 0.6001778951226977 0.021044670456235436 0.03341585946760372
12 0.8679193294294869 0.457730620258664 0.2641613411410262 0.23896898994405782
31 0.2409592169196447 0.4403626052209243 0.4739600593149905 0.5335029882196264
24 0.32186300152005576 0.7153060742205307 0.6224267342198503 0.5693878515589385
30 0.491374381691527 0.4425566992461685 0.07359135030401127 0.1481489152511069
30 0.5627718792200691 0.42692991137939873 0.043634594866803766 0.10022164515404688
20 0.6698707841061194 0.3355473597947008 0.08974156821223893 0.5805461027796003
20 0.5250198698285289 0.34515997197945025 0.03984770307948029 0.3093213456357017
20 0.5988506534217664 0.28256562987523587 0.06020130684353262 0.48273201845355257
29 0.8425674906270505 0.33280490615652986 0.05788809585538672 0.1095736504264905
29 0.9294944876613009 0.31414330933321594 0.12180601581733086 0.14193545193026447
29 0.6899087114824372 0.42712677393911946 0.1298705252088709 0.22155486168098013