30 0.84140625 0.5356527777777779 0.3171875 0.6000000000000001
30 0.49921875 0.40347222222222223 0.0703125 0.13194444444444445
30 0.56796875 0.42777777777777776 0.0265625 0.04722222222222222
30 0.622265625 0.41180555555555554 0.03359375 0.04027777777777778
30 0.55546875 0.4097222222222222 0.0421875 0.06111111111111111
30 0.610546875 0.39791666666666664 0.03046875 0.043055555555555555
30 0.6453125 0.3875 0.0359375 0.05
30 0.54140625 0.4111111111111111 0.0171875 0.058333333333333334
30 0.634375 0.39791666666666664 0.0578125 0.07083333333333333
20 0.115234375 0.3111111111111111 0.01953125 0.475
20 0.312890625 0.34930555555555554 0.03046875 0.31805555555555554
20 0.81796875 0.21388888888888888 0.04375 0.38055555555555554
9 0.726171875 0.6173611111111111 0.06015625 0.06527777777777778
17 0.49921875 0.7252222222222222 0.996875 0.544
29 0.03671875 0.3111111111111111 0.0734375 0.48055555555555557