30 0.8168928743435677 0.6340277777777777 0.36621425131286467 0.7319444444444444
30 0.4999019183640895 0.4027777777777778 0.08066020134468133 0.1486111111111111
30 0.634672362368703 0.46319444444444446 0.026063060669954296 0.043055555555555555
30 0.5602581630330894 0.43333333333333335 0.047429530673136 0.08472222222222223
30 0.6012965147000212 0.43680555555555556 0.029978401336727245 0.044444444444444446
30 0.6296124187022484 0.46597222222222223 0.044922148671227013 0.059722222222222225
20 0.9670653233410225 0.40625 0.06586935331795515 0.4097222222222222
20 0.3840584686903171 0.30972222222222223 0.04367836935072651 0.22777777777777777
20 0.41340079702418076 0.31666666666666665 0.03482099001431749 0.1875
20 0.10787241034770387 0.18819444444444444 0.09230732069540774 0.3763888888888889
29 0.08806362133990879 0.08611111111111111 0.10737724267981759 0.17222222222222222