1 0.797265625 0.5958333333333333 0.05703125 0.044444444444444446
30 0.876953125 0.5631944444444444 0.05546875 0.1597222222222222
6 0.11875 0.5152777777777777 0.0859375 0.10555555555555556
30 0.523828125 0.5618055555555556 0.14453125 0.3458333333333333
13 0.339453125 0.4236111111111111 0.08671875 0.12222222222222222
30 0.642578125 0.5163055555555556 0.11640625 0.17018055555555553
20 0.938671875 0.38263888888888886 0.05703125 0.7652777777777777
20 0.70703125 0.26944444444444443 0.0234375 0.5388888888888889
20 0.621875 0.21666666666666667 0.0234375 0.43333333333333335
17 0.499609375 0.8036666666666666 0.99609375 0.38433333333333336
29 0.387109375 0.37430555555555556 0.03203125 0.09861111111111111