0 0.81171875 0.3757436515189461 0.3765625 0.7514873030378922
8 0.4911507237229292 0.7217141973363674 0.17766411270686183 0.5317951103874896
30 0.2834643983728391 0.5086699433656027 0.03228578866963625 0.039882857863967856
30 0.6318698073679074 0.4332620454622012 0.027725558004454243 0.05918184343401044
30 0.5639146933680665 0.4374545324743607 0.02609942333704538 0.04941113492032104
30 0.6201556027012939 0.43432013709265016 0.04964601133831792 0.06680509595899685
30 0.28175190237108916 0.4858017629904034 0.03727328067313609 0.08586165007170304
30 0.4555300287038392 0.47276877417578056 0.030705107336090796 0.0370565937947229
20 0.04392918370065753 0.4438661237378731 0.052635746021635364 0.28490913780601973
20 0.17940787869986213 0.42924327128642065 0.04064427601845368 0.24287882395334842
20 0.631260185351681 0.22073780231646753 0.06336470802831684 0.3727242987005569
20 0.23262833070097572 0.4421780707098667 0.033258490014317486 0.1884939689750791
20 0.29278003536758934 0.4396169040439323 0.02754429201145401 0.15082426695494366
24 0.7126053636815675 0.6730655046984136 0.5747892726368651 0.6276379069193789
29 0.16109877603833916 0.49718621789513895 0.055351118674408714 0.10308590909024341
25 0.2849461770567928 0.7350588322544916 0.5572607060391345 0.5296883903251477