18 0.4381557892862976 0.6525859356639246 0.05348862667090888 0.05995437625173186
12 0.8497750892942518 0.5824454408529744 0.2946499760104995 0.16182289090826885
31 0.2691585326623184 0.379261990623574 0.5383170653246367 0.5307462034693703
30 0.538865134965797 0.49277816891369963 0.04502214600572696 0.07868724676003008
30 0.5685844522995016 0.49037522230927527 0.030151124005408824 0.0732914978400201
20 0.688902044975342 0.38013367998678305 0.06801694004613416 0.609471126917938
20 0.7837011959739103 0.4067433375542156 0.06731750604708893 0.6219064383782883
20 0.65055743397916 0.3269315972741253 0.08071638737268003 0.5216819432030932
20 0.5494310123130237 0.31160998694505104 0.06197547803945262 0.5215183071403905
24 0.41216518027929794 0.7122641194738389 0.6139834207113161 0.5754717610523221
13 0.8065643419398665 0.8295417037010316 0.3664260733609076 0.3409165925979367