18 0.255859375 0.47847222222222224 0.06015625 0.0875
18 0.6078125 0.4895833333333333 0.04375 0.05138888888888889
18 0.37421875 0.46805555555555556 0.034375 0.06111111111111111
30 0.2078125 0.49722222222222223 0.0359375 0.06666666666666667
30 0.64765625 0.4861111111111111 0.04375 0.04722222222222222
30 0.62734375 0.48819444444444443 0.084375 0.05416666666666667
30 0.370703125 0.47291666666666665 0.06796875 0.07083333333333333
20 0.72734375 0.28402777777777777 0.059375 0.5652777777777778
20 0.068359375 0.39375 0.03515625 0.2902777777777778
20 0.629296875 0.35347222222222224 0.03046875 0.3013888888888889
14 0.567578125 0.4791666666666667 0.03828125 0.08333333333333333
29 0.783203125 0.36944444444444446 0.11484375 0.35833333333333334
25 0.25859375 0.7472222222222222 0.515625 0.5