24 0.669921875 0.7465277777777778 0.46640625 0.5069444444444444
30 0.57734375 0.4576388888888889 0.0265625 0.05416666666666667
20 0.0484375 0.36666666666666664 0.0390625 0.3194444444444444
20 0.730078125 0.27569444444444446 0.05703125 0.5486111111111112
20 0.15859375 0.38333333333333336 0.0296875 0.25277777777777777
20 0.664453125 0.34097222222222223 0.03359375 0.3263888888888889
9 0.78984375 0.5638888888888889 0.0140625 0.027777777777777776
29 0.936328125 0.39166666666666666 0.12578125 0.39444444444444443
29 0.707421875 0.3909722222222222 0.06484375 0.2125
29 0.105078125 0.42430555555555555 0.03828125 0.13472222222222222
25 0.205859375 0.78125 0.41015625 0.4125