11 0.4253927373970807 0.5868538750937156 0.08226223370266403 0.14400587955902786
27 0.39822614680570756 0.7532958394745142 0.22437082884638365 0.25193009517409737
6 0.34299777454409924 0.5724445765567363 0.15272784639736087 0.09724128875333342
6 0.2201452962517116 0.536014154444653 0.4144669799417403 0.18452830888930585
19 0.5300946092629776 0.6166160699072226 0.08255173871722903 0.10029224715020835
15 0.3106804018867795 0.23988599648461828 0.16823580377355896 0.46922539152687515
14 0.6662487210997445 0.7248772859035418 0.38819661427754254 0.5502454281929163
14 0.47971652454409924 0.5756267407850351 0.12488765439406198 0.21370143692972227
3 0.17303461553118377 0.5536549429136459 0.3234281059642723 0.32918488582729194
14 0.17477530878812392 0.42565722948277795 0.035511602665567035 0.0398625870059723
15 0.8915941181049731 0.5238363431773272 0.21681176379005365 0.7707528303564585