11 0.5691611480794797 0.5721187600956369 0.07314917211208342 0.12392088479802066
11 0.40144697121774353 0.5879436515575751 0.07227765634451408 0.15356292069139793
6 0.37090483282500053 0.552088719583406 0.15476154160312508 0.07476798244902269
6 0.300428678664688 0.5471033543814267 0.29600479065319457 0.10542225204506402
27 0.6956548321594104 0.7670100597790677 0.43699869224805565 0.3937071652146148
19 0.21172985457649354 0.5653198084589196 0.23721559137437528 0.33012072367353407
15 0.22093466831236128 0.2255562779758185 0.08874433662472256 0.451112555951637
15 0.9212850064588889 0.42561085530586346 0.1574299870822223 0.8091884465556454
14 0.6914374980032297 0.6529930238856905 0.15803723765090308 0.3496770542357773
14 0.4698527855222922 0.6383324449727998 0.13169424961875045 0.42542120031656905
14 0.409149062023438 0.515795866917839 0.067917464665139 0.16748902837152996