21 0.807333772663051 0.6633740225139924 0.35107961072131566 0.5326735617390975
16 0.9236710384803818 0.585737372153402 0.05270850593149916 0.029325130508958352
11 0.7047220617120863 0.48078168769222157 0.019896005931498983 0.028561411094166544
3 0.45404162939285275 0.5607647008943399 0.18720020555093822 0.18855727298576408
13 0.5815418882901013 0.5156496098043051 0.0715168557412186 0.10781380642076392
27 0.6625027282139891 0.48254486265409663 0.02840884288963732 0.04593074905006951
27 0.6181797252482395 0.4976256552071522 0.04329901384016459 0.06657055737069442
6 0.8669979327391631 0.6932056864579506 0.22462058699531937 0.4173368896270141
20 0.23006357235794597 0.6544465381846526 0.46012714471589194 0.33282164494534766
6 0.21990268722496845 0.6973425530022915 0.4398053744499369 0.22566245516583372
15 0.9017084441450507 0.255242705928333 0.19658311170989862 0.510485411856666