21 0.7718020839005133 0.748189374787955 0.3890447263671092 0.45964290634542027
16 0.8541132948909327 0.710223094117916 0.051064533016686654 0.022058538474587407
11 0.6851187126879001 0.5422246061836334 0.015536468792335612 0.02861607332097762
3 0.4268525113084191 0.5450048989193901 0.1663287641334943 0.1680109339354164
13 0.559705954885984 0.5395857342212673 0.056885165083433976 0.10336310217691817
27 0.6451078663513732 0.5319245124442358 0.022605340343633172 0.04445932813030105
27 0.5990141163513731 0.533534141662996 0.03452548620519007 0.06359127404661713
6 0.8177010820914911 0.7949354000156984 0.2745927227490643 0.35894844718226027
20 0.20317483039401035 0.5651537409295073 0.4063496607880207 0.26969251814098527
6 0.19052102216255293 0.6069146549946579 0.38104204432510586 0.16117069001068424
15 0.9555894222079815 0.32250241634258525 0.0853818950685877 0.6450048326851705