21 0.739667137727153 0.7718173037623257 0.520665724545694 0.4563653924753487
27 0.19974096048416726 0.7023010163349384 0.1796186840799307 0.20658825599585598
10 0.510003700416181 0.5872048250596626 0.056796820288472286 0.09317211124870503
27 0.7652360610735074 0.5889472233214704 0.08165265634451391 0.15520123035529282
27 0.6503189226807644 0.5469159270027427 0.079108231382639 0.11294095574818694
6 0.8994058136389587 0.7923719379609976 0.20118837272208268 0.4052826211735024
6 0.5557396533978132 0.8595505901562557 0.32569620991548637 0.28089881968748853
6 0.09639840814746588 0.7216802549623986 0.11457295269729176 0.0943022717116218
6 0.4089146323119103 0.636344338294229 0.190953614741389 0.09005572745980875
19 0.28934701472072966 0.6292145808506309 0.10094817021222235 0.17951202564056318
19 0.6935610828250005 0.5941933413946009 0.08481402393569457 0.15690927956950454
15 0.9390625 0.3234250388706203 0.121875 0.5650514193542568
14 0.1692709040634033 0.6337671861034799 0.08350609707395847 0.16777400496239886
14 0.2054077726045144 0.6104773893704676 0.04912979065319449 0.09905823821317572