21 0.72578125 0.80078125 0.5484375 0.3984375
27 0.15703125 0.6421875 0.1484375 0.178125
10 0.48671875 0.5625 0.0421875 0.084375
27 0.740625 0.59296875 0.05625 0.1453125
27 0.63359375 0.53828125 0.0609375 0.1015625
6 0.88359375 0.81484375 0.2296875 0.3640625
6 0.47890625 0.86171875 0.2796875 0.2765625
6 0.05078125 0.64921875 0.1015625 0.0734375
6 0.37734375 0.6 0.1828125 0.053125
19 0.259375 0.5796875 0.071875 0.165625
19 0.66875 0.58984375 0.059375 0.1453125
15 0.98046875 0.31640625 0.0359375 0.6328125
14 0.1390625 0.57109375 0.05625 0.1578125
14 0.17890625 0.55234375 0.0328125 0.0921875