13 0.6730220454946673 0.5654688647654342 0.08419952564056317 0.10105124491161739
10 0.48137820099518525 0.5773536318396045 0.04248290653397539 0.07548467887824373
10 0.5737840248165028 0.5774974739922598 0.02896406203449331 0.05295458163720568
6 0.9113566836267897 0.8634272506773686 0.11397272456432432 0.27314549864526294
6 0.4772706280024372 0.8685601891107799 0.22723470388616018 0.26287962177844015
6 0.9124569189444813 0.72133484169837 0.11497433664159899 0.05902087516934209
6 0.1757993278549575 0.6333867893482649 0.351598655709915 0.12754730438627018
6 0.6932596168347855 0.6017715349372507 0.12303939371369381 0.031387198100120625
19 0.3777737038906694 0.6831322410664301 0.1057149607105858 0.16140889077317447
14 0.3644796453708327 0.5986377323600028 0.066947867244561 0.23263543758467103
14 0.8079043136916324 0.5952492972617226 0.01446491439185813 0.04284259724103805
14 0.9343576517809735 0.6042259068272325 0.020171258891340214 0.06496325870642732