21 0.8636645095105127 0.7954694492752419 0.2726709809789746 0.38467855762791225
11 0.6026521966474498 0.5500923141273246 0.02696491439185813 0.042623876623205346
13 0.6798503974332382 0.5456172739492826 0.10218754631872748 0.11575345941492117
6 0.37590787592650426 0.8355288023562017 0.3037244292790543 0.28632287824476316
6 0.9544393668302764 0.7839222487887746 0.09112126633944725 0.0797886858759707
6 0.9004818827509297 0.6997069358825613 0.05814644789030439 0.10873980032431163
6 0.6951329491286493 0.5883541988682048 0.12532963978475226 0.042779609577076806
14 0.9089428920565548 0.6127699975709586 0.03296235731976367 0.07083069724005639
14 0.887703592842343 0.6100131903467881 0.028202082712657627 0.06918637662320534
14 0.941027645985496 0.5965722532530014 0.013955492142117266 0.031468188311602675
20 0.2665884181114026 0.5700322617711228 0.4908220148871962 0.24743547645775443