21 0.852242856909988 0.6770074830414308 0.24864743920385166 0.4525805246489437
11 0.5657360843697967 0.5034216553609537 0.02860018899896417 0.04514208163720568
13 0.6395203407799375 0.4753951526474204 0.10702059553293922 0.12251016508343397
6 0.40276077957401385 0.8400662415207154 0.3142980562435252 0.2892417209400421
6 0.9394560665871164 0.6116480766644241 0.06315927956950454 0.08436171189493055
6 0.8861898254784567 0.5505335142490951 0.06290672249741007 0.1124048247398008
6 0.6635913875129499 0.5107627645877795 0.12718323821317573 0.05342597241038014
14 0.8761663161728318 0.46455174864526294 0.03616013192686936 0.0735946302577247
14 0.8557082669586201 0.4687412816619497 0.03132708271265798 0.07022396879233561
14 0.9046380725829725 0.43889997343049225 0.015517992142117265 0.0319869843961678
20 0.24573191522042767 0.6362020143606368 0.49146383044085534 0.28894955110690984