21 0.8328125 0.70234375 0.328125 0.4203125
21 0.84140625 0.54609375 0.1515625 0.1234375
13 0.44296875 0.4703125 0.1078125 0.134375
6 0.88515625 0.75546875 0.2265625 0.3046875
27 0.240625 0.49375 0.053125 0.1
6 0.4421875 0.52265625 0.10625 0.0328125
6 0.53359375 0.5109375 0.0796875 0.021875
6 0.56640625 0.509375 0.1453125 0.025
15 0.803125 0.36875 0.0375 0.471875
15 0.98359375 0.30703125 0.0265625 0.6140625
14 0.60078125 0.50859375 0.0140625 0.0609375
14 0.590625 0.50859375 0.015625 0.0609375
20 0.0890625 0.5234375 0.178125 0.153125