21 0.814044184152247 0.6379086575302921 0.3458152344940871 0.46043607018940536
21 0.8287241127612038 0.48202607205502856 0.16645537727617352 0.14255886760421674
13 0.42678117953339356 0.45782715707318167 0.12293269780928676 0.1485886917107738
6 0.8688620647936327 0.684835395667294 0.22972357007089492 0.33241454646340907
27 0.2263803627612039 0.5065696990879666 0.06398359514371962 0.10717051285158127
6 0.42918711401484516 0.5092304895826956 0.11060253087881229 0.04664418973360736
6 0.5195991653476286 0.48603838730151805 0.08206835391920819 0.03143568380210837
6 0.5525253256141853 0.48079513038143584 0.1479661385589445 0.043484697642272786
15 0.7806456285963215 0.3107532499256379 0.09190062430667253 0.47662084980971964
15 0.9541800684880494 0.2670920691264601 0.09163986302390122 0.5341841382529202
14 0.5862327358807421 0.4755200399632565 0.020568564264907253 0.06326400395433271
14 0.5768350038274307 0.4766832919404228 0.02213106426490725 0.06332767095052709
20 0.08683945579335248 0.5555549802283365 0.17367891158670495 0.17639003954332697