21 0.8797459706490628 0.6035031489154141 0.24050805870187447 0.4030169574527388
11 0.8700131736306949 0.48562984768575 0.06722517401194458 0.06913179508134384
13 0.3632176597629865 0.46513762402754627 0.16235844889756965 0.19623062626704132
6 0.3725757823881602 0.5314984222321482 0.14204333605604164 0.06175563231716552
6 0.16329758025954932 0.8390074369646751 0.24495535619201414 0.32169423458010193
6 0.6031159611497573 0.4660860039088249 0.060247822188333446 0.03784543364502539
6 0.9222263710096531 0.7165525947588838 0.15554725798069385 0.17599084913967822
6 0.5113830560395143 0.48615358509452233 0.09465918977951393 0.03960792154477701
15 0.93671875 0.2974592446372469 0.1265625 0.5949184892744938
14 0.24988251158659763 0.4970512202403583 0.021403527735416716 0.04699317466803503
14 0.46458079122187534 0.4895512958669109 0.024964938829583262 0.06576135538619425
14 0.445867158813056 0.4912228801758663 0.025001306420763925 0.06732385538619426
14 0.5101835787409379 0.4681893802740621 0.016788762917777866 0.050090903590796286