21 0.87734375 0.65625 0.2421875 0.375
11 0.85703125 0.534375 0.0578125 0.0625
13 0.3578125 0.44921875 0.1375 0.1796875
6 0.35703125 0.51640625 0.1359375 0.0453125
6 0.1015625 0.81875 0.196875 0.346875
6 0.5953125 0.48125 0.05625 0.03125
6 0.903125 0.7734375 0.190625 0.153125
6 0.5015625 0.4890625 0.090625 0.028125
15 0.96328125 0.328125 0.0515625 0.653125
14 0.240625 0.46640625 0.015625 0.0453125
14 0.4546875 0.48671875 0.015625 0.0640625
14 0.4359375 0.4859375 0.015625 0.065625
14 0.503125 0.47109375 0.009375 0.0484375