11 0.13902511526848635 0.5409813303560836 0.018324102665567034 0.03936250892845372
11 0.7815679679340534 0.5131146180951982 0.04735838479802083 0.07110343262956001
11 0.201502383215175 0.5428535219140972 0.027699102665567032 0.03952615016215581
27 0.9450083423072329 0.5104959529155086 0.08434155925034262 0.10766822402541756
27 0.7126277513201483 0.49158844561190806 0.049710494985435005 0.044595479707460584
6 0.24677777929596675 0.5717830913131323 0.048102530878812375 0.04300570616851011
6 0.32399218250289447 0.8154767698855023 0.2030534214828208 0.36904646022899534
19 0.6651018819615337 0.5400026262128731 0.06939852084968248 0.1308329886359143
15 0.3038247158224824 0.3304683445595432 0.11000942979609096 0.61410913879807
14 0.494485505081072 0.5206099236978108 0.02235838479802066 0.07066705600635448
4 0.3653088189502678 0.6082445170428332 0.22635922618081655 0.2116580689919978