11 0.20966243731793838 0.5367209927639107 0.0229206744523216 0.03708392017181659
11 0.9842997583132702 0.47065458446634023 0.031400483373459666 0.08987472749876275
11 0.28868234758449507 0.5364919414298583 0.029216138558944317 0.03897396879233561
11 0.321222062944759 0.5253973111721335 0.013227425705962937 0.02565509724103805
11 0.34649484758449506 0.5334621166900575 0.029352530878812465 0.04366146879233561
13 0.7400940833987301 0.4807543600197951 0.0431255258642473 0.08806656603337366
20 0.5168564748606683 0.660678634668739 0.32759878041659396 0.3744355924913396
27 0.0538670783841652 0.5605347082768859 0.08200147241989289 0.24455558344622813
27 0.8666194794795219 0.4459555568767204 0.05127299498543501 0.0463703889641522
6 0.3716683438235714 0.5650053657855463 0.056005959092057724 0.04817855042954129
6 0.7371964039318435 0.4887306343300546 0.16744356426490725 0.0711800384437538
15 0.4590079047897733 0.35078515377704445 0.1131009890464334 0.7015703075540889
15 0.9537066393503671 0.2927276583016299 0.0587745725781776 0.30418288896415213
14 0.6441821898252209 0.4920404200602748 0.024193669437756783 0.08083392017181659
14 0.40724682798845374 0.38943879975217277 0.04427884890464338 0.07408595318850333