11 0.16250437414339863 0.49057987353571575 0.025530621018452538 0.03689250494291585
11 0.928623655854604 0.6611893701500368 0.05831229991529554 0.09122717787060922
11 0.23714805837250053 0.5131989728511437 0.03196263154179624 0.04027217292769336
11 0.2716595662650083 0.5122558967674203 0.015518584186749607 0.025573002965749582
11 0.2934512662791257 0.5280228182122391 0.03223564732681172 0.04495967292769336
13 0.6835078479056266 0.5940350677551285 0.047192789391951706 0.08765650889724856
20 0.4180887032802379 0.7006856798849567 0.3495112364928845 0.38055756920082223
27 0.027489421216096606 0.4663717579086654 0.05497884243219321 0.24524351581733086
27 0.8132408505364624 0.5985381784392629 0.0541106473268119 0.04585101087441501
6 0.30771889262983726 0.5654100716722802 0.058980157850155465 0.04916701186299797
6 0.6783653215972674 0.6016565667665453 0.1711007262518894 0.07399986859279988
15 0.4565490477079825 0.3764815173373866 0.15877690458403498 0.7188375247145794
15 0.9409247767318822 0.4768780371462311 0.07684801024099493 0.3024193458553869
14 0.5890143952606731 0.5760888809872706 0.029641268345264392 0.08070617193911023
14 0.39365493458203776 0.4075922544858053 0.04793624203690507 0.07365767589344294