11 0.190625 0.5203125 0.01875 0.034375
11 0.9765625 0.5640625 0.04375 0.084375
11 0.26875 0.53046875 0.025 0.0359375
11 0.30234375 0.52421875 0.0109375 0.0234375
11 0.3265625 0.5359375 0.025 0.040625
13 0.72265625 0.53828125 0.0328125 0.0828125
20 0.48046875 0.6859375 0.2890625 0.334375
27 0.03046875 0.52265625 0.0609375 0.2359375
27 0.8515625 0.52109375 0.046875 0.0390625
6 0.34765625 0.5703125 0.0515625 0.040625
6 0.71875 0.54609375 0.1625 0.0484375
15 0.46015625 0.359375 0.0296875 0.71875
15 0.95546875 0.38125 0.0234375 0.3
14 0.6265625 0.5359375 0.015625 0.078125
14 0.40390625 0.4015625 0.0359375 0.06875