11 0.7813695945624921 0.798874840092021 0.23343168617910823 0.3790364837646504
11 0.9135508354873056 0.7753982041333247 0.16624418617910805 0.37786372158978576
27 0.21668700936977392 0.7203125 0.43337401873954784 0.559375
27 0.5156456423743105 0.5426485649315128 0.21728853571156997 0.28970124837514694
6 0.4181706786750558 0.6440826055165918 0.05489657825883114 0.036892073863261744
6 0.4086275070320829 0.6728252142828898 0.09276019262201593 0.10004663879807012
6 0.415940558163551 0.6245104452081662 0.06449883723582168 0.07611821509696384
19 0.5791627208295335 0.6375167800284768 0.15046465007475476 0.3510284862002823
15 0.12346372931554458 0.26624438311602716 0.08529416802873566 0.428007997564368
14 0.49698147990471975 0.661866169233584 0.10024648145684392 0.3126557329538713
14 0.7691473713952675 0.6166117650109431 0.1736658007386847 0.31081258928453737
14 0.520555335290914 0.638837772317839 0.08923625858420685 0.29996481818121906
15 0.8823256449083934 0.23339193627641724 0.14159871018321332 0.43836484496658024