21 0.8089369137286967 0.7637708205721537 0.28831438602347603 0.414012056349241
11 0.7889120980340076 0.5806054934998472 0.0405298247398008 0.05934050790866543
19 0.684374004976841 0.701022764260094 0.16250880257724792 0.3340460306460784
6 0.718482332091491 0.7939623393552342 0.15428022274906433 0.3555390286689121
6 0.8916475944159629 0.6730874707624342 0.11509381275401331 0.1730793557412186
6 0.5740019917478579 0.8435060360089238 0.13094454206179834 0.26727502471457926
27 0.1959433480340075 0.6047671185556188 0.29992027136958344 0.36771005931499057
15 0.34910812811001823 0.23444930136914405 0.14240874377996357 0.4688986027382881
15 0.46383569142985837 0.2640930390118543 0.14420361714028332 0.5281860780237086
14 0.8923403132082985 0.6449943042605314 0.07981140999505101 0.18411501482874754
14 0.6934081682512525 0.6476430962753164 0.07407266508343398 0.10436384783255334