11 0.17712855235949704 0.8224237799196181 0.23538766964062105 0.33190853590354197
6 0.0820862025183575 0.6887553351061111 0.164172405036715 0.13688567021222225
6 0.8856268449731708 0.8443852325200008 0.14850350405718976 0.18619468597979177
6 0.5560695787378211 0.6053707518029519 0.05843979139585791 0.037283100873680655
27 0.416516155036715 0.6302590361878823 0.1481683133099551 0.25647081838861113
27 0.7342939902640626 0.6485973409931256 0.08405917451188501 0.16282861474138882
27 0.5045070787378212 0.6041706212939935 0.07284893912238158 0.14694904160312508
15 0.13138677313520852 0.3086509142282987 0.09035145372958295 0.6127922471502084
14 0.6714530710271834 0.6666738873459034 0.07199555113509035 0.1875376740119446
14 0.2886621160764892 0.7460814450978475 0.1307195348997408 0.4200605397032639
14 0.9644587771956935 0.6265996268966674 0.05151940990138826 0.17768989532659737