21 0.8471044560391345 0.7442669041177584 0.30579108792173104 0.4394054952503016
27 0.32507765141626893 0.5942734639310955 0.1211135733609078 0.20934842378986113
11 0.4651753927434511 0.5415911199694178 0.05583292401336308 0.10130355042954128
11 0.6621503900779511 0.5398670884230692 0.03506589067472703 0.06117651741285464
11 0.5954259667409056 0.5160035425160835 0.020657945337363516 0.030752033016686654
13 0.700432187420405 0.605089296699955 0.0559056493475449 0.10755355042954129
27 0.5529839280712695 0.49633949570458685 0.01749658267027243 0.027463258706427317
20 0.15261175807604194 0.5524998009953682 0.29500560669954395 0.2575003980092635
6 0.1439731020846325 0.6162723739261468 0.27521927068745355 0.16745525214770646
14 0.8772106740531338 0.3456722738600336 0.031849984006999676 0.05320024310259504
14 0.617719137412451 0.550794622344267 0.04696700135263541 0.14456222749876274
14 0.7767486920750875 0.5127546325210324 0.038972688017181054 0.12852779172311396
6 0.8555298621100859 0.7665956054972394 0.12403857869190808 0.19232469810012062