21 0.7984243462753163 0.6903357082338956 0.3626590978697344 0.4800729135632887
20 0.20860373712982822 0.6628124073625449 0.41720747425965643 0.3320763693114756
11 0.3786423813700191 0.5437969259737946 0.027517504942915848 0.0246746683207995
11 0.5282285458947555 0.5469668136916324 0.03622134288963732 0.04691354135632899
13 0.683048697073619 0.6130540783739408 0.09134919467652339 0.13681510339082212
6 0.8711323344123183 0.7430925270928144 0.20616506425790604 0.3137115512811263
15 0.6373621012554133 0.29680210959607517 0.17840079748917342 0.5936042191921503
14 0.5724759530051182 0.5901324627820095 0.08283104053191011 0.1956806811410811
14 0.7339811387843929 0.49215722746431795 0.06048119665368965 0.14473461124870504
14 0.6283903719784789 0.5766114642297516 0.06743153361182799 0.1622132096771285
6 0.21027043026770514 0.7146103478092509 0.23717103064607842 0.15608314185166688