21 0.7818764467453836 0.8005034475342938 0.3767970318850331 0.39899310493141227
20 0.18839913981289239 0.6451841044771273 0.37679827962578477 0.2846980630926975
11 0.365048552127022 0.5682918130926975 0.02606453301668683 0.0216226944820761
11 0.5102858090244269 0.6072392056748942 0.03033595318850324 0.04366146879233561
13 0.6513844425615121 0.710208154679526 0.0769453595655099 0.13024742198083886
6 0.8447615490748042 0.8735149016273083 0.2364509136130959 0.25297019674538357
15 0.6596118588881413 0.35889463817118256 0.09640128222371729 0.6501504862051901
14 0.5474272829051452 0.6608898281307028 0.059908345770699964 0.19168288896415203
14 0.7197393741532894 0.6017648908847161 0.0433073439616777 0.14250840456798422
14 0.6038410572154046 0.660712765715374 0.047333102668104844 0.15985967887824373
6 0.1749071517429092 0.6985547659425165 0.22645403663473135 0.12873358887329509