21 0.8395515801668678 0.7013242571212854 0.3208968396662645 0.5595270024685419
11 0.3754370070089466 0.6275139362641322 0.09881371551297517 0.15835932028847227
11 0.7518147212787264 0.5434188785121881 0.06132700361804453 0.09818423328249999
11 0.5770260832190856 0.5136008258911463 0.03707727611928178 0.052362587005972114
27 0.10279404511401605 0.5618655267854862 0.16038638059640906 0.2612310535709724
6 0.21658098541222057 0.6932629567813543 0.33219278154634874 0.2043667237831947
13 0.9194714535271876 0.7226375190891327 0.1610570929456248 0.3387754785328475
15 0.8395759136130959 0.29732708814333403 0.19477682722619177 0.560104964665139
14 0.9464068470138954 0.45977449638770906 0.09624863749381377 0.22852634992375015
14 0.9013034661903436 0.6264885644919799 0.15493531999010274 0.36566398043270854
14 0.36410003731209994 0.5749701645126392 0.09626192559888347 0.16922408510611114