21 0.8358358401960186 0.6894686124131554 0.3283283196079626 0.5622229050301245
11 0.36627488537884606 0.62867006533855 0.09920637023308557 0.15788641233702022
11 0.7424703084296713 0.5352975353034826 0.0611954495445131 0.09788412094116268
11 0.5682143528947085 0.5088326724799949 0.03623016587924912 0.05372501785690744
27 0.09480662394610066 0.5684966298696164 0.15905757458692205 0.2619932597392326
6 0.2078473156860654 0.6977358908266649 0.3304762176006804 0.2072081225627203
13 0.9146354519915839 0.709555015821722 0.17072909601683223 0.3408000982129913
15 0.8291344616102307 0.2893049711794533 0.1957689232204615 0.5530819099013884
14 0.9369345818433162 0.44734138798070056 0.0954117368379741 0.22808981818121907
14 0.8920462116950485 0.6152049979648145 0.1532837789407587 0.3649546185055307
14 0.35507200135076233 0.5761626741048479 0.09490081614940156 0.16874209172016935