0 0.12966757215417807 0.314583394270796 0.2072518109750228 0.629166788541592
0 0.26479021626058924 0.3368727790737227 0.15444869074697795 0.5744569994611224
0 0.32506450678010573 0.42389627367977306 0.10156599837714873 0.3888608146555596
0 0.35504734703352125 0.4713271259311059 0.07669687716052079 0.3156423426705212
0 0.3748796859688259 0.5099946609878439 0.05578219928991146 0.2348719386171889
0 0.9477234385802603 0.525516808190531 0.10455312283947933 0.5502280034593887
0 0.820200138541621 0.540661062482865 0.10268282940378791 0.3725627979753826
0 0.7375777533324582 0.5719018902816986 0.08196092491725343 0.26063040622113604
0 0.683931919999125 0.5751781809835987 0.07030186562705036 0.23342066037503706
0 0.6519585883134302 0.5888599190077936 0.05491208367525478 0.2028656934961897
0 0.6215265342956707 0.6016655909643122 0.05395707873233893 0.16773688787558078
0 0.6029945062982078 0.601233517703997 0.042234352445941425 0.13818522165477473
0 0.39038221446058047 0.5141304666957672 0.053849194676523264 0.20202143607610476