0 0.10500484201573618 0.3486238220578993 0.1339680173648057 0.6972476441157986
0 0.24659744437686834 0.3788775486708268 0.09750327653818787 0.5718896359163126
0 0.3114883348590621 0.4530394810431163 0.06294612210269743 0.38812187194020215
0 0.3442116199550616 0.4945886721397673 0.04496204787728241 0.31569262565165923
0 0.366226005460949 0.528779830039933 0.032156005788268514 0.23586609426774582
0 0.9559126625350546 0.4237766814248719 0.08817467492989077 0.5471988526599533
0 0.8111856701436396 0.470011330900699 0.06600142934975371 0.37041261875963855
0 0.7306155847608662 0.5173362378397087 0.05671395556695866 0.25808558343738125
0 0.6777903929835446 0.5316370884230254 0.047238961617082964 0.23158805023902482
0 0.6466085706766417 0.5516561881552522 0.03514768052176767 0.2017633984642316
0 0.616984703190199 0.5703815928540291 0.0376094315628535 0.16527787067064464
0 0.5987615967629186 0.5733747796416221 0.02864921070692456 0.13725996883784866
0 0.38186009582002867 0.5298944019536792 0.03410601385510077 0.20168157523350086