0 0.09514583333333333 0.3742544886807182 0.08820833333333335 0.7485089773614364
0 0.24005729166666667 0.4318188914910226 0.06292708333333336 0.5584153005464482
0 0.30906249999999996 0.5024668227946916 0.03947916666666664 0.3796409055425448
0 0.3439583333333333 0.5418891491022638 0.025937499999999978 0.31016393442622947
0 0.36791145833333333 0.574871194379391 0.017598958333333314 0.23170960187353626
0 0.9605729166666667 0.43845433255269317 0.07166145833333341 0.5326541764246684
0 0.8099322916666666 0.4930991412958626 0.0438229166666666 0.36089773614363774
0 0.7319427083333333 0.5444262295081967 0.041494791666666704 0.24887587822014048
0 0.679734375 0.5614051522248243 0.0334322916666667 0.22428571428571425
0 0.6496614583333333 0.5828727556596409 0.02276041666666657 0.19697111631537856
0 0.621015625 0.6031693989071037 0.02797395833333335 0.1595003903200624
0 0.6029218749999999 0.6072677595628415 0.02042187500000002 0.1325604996096799
0 0.38353645833333333 0.5750663544106167 0.021760416666666654 0.19696330991412955