9 0.07824074074074074 0.26875 0.125 0.5354166666666667
9 0.21898148148148147 0.18177083333333333 0.0712962962962963 0.3625
5 0.324537037037037 0.3645833333333333 0.04722222222222222 0.06875
5 0.013888888888888888 0.41692708333333334 0.027777777777777776 0.0546875
7 0.1675925925925926 0.32109375 0.08518518518518518 0.0484375
8 0.8601851851851852 0.32890625 0.24444444444444444 0.17760416666666667
8 0.16944444444444445 0.12890625 0.08148148148148149 0.05364583333333333
13 0.3013888888888889 0.6575520833333334 0.600925925925926 0.6807291666666667
6 0.7870370370370371 0.4674479166666667 0.4222222222222222 0.3140625
3 0.623 0.76875 0.5308888888888887 0.4625
1 0.7369444444444444 0.864703125 0.5261111111111112 0.27059374999999997