2 0.6032407407407407 0.22994791666666667 0.20277777777777778 0.08697916666666666
8 0.7125 0.23072916666666668 0.049074074074074076 0.07083333333333333
17 0.7967592592592593 0.22213541666666667 0.08796296296296297 0.06927083333333334
3 0.1875 0.44974479166666664 0.375 0.22708333333333333
11 0.26257407407407407 0.3495 0.1175925925925926 0.10572916666666667
11 0.9337962962962963 0.23203125 0.062037037037037036 0.043229166666666666
11 0.28703703703703703 0.21901041666666668 0.08888888888888889 0.07135416666666666
11 0.39444444444444443 0.2760416666666667 0.13148148148148148 0.134375
11 0.5115740740740741 0.2604166666666667 0.05092592592592592 0.03333333333333333
11 0.3795925925925926 0.10255208333333332 0.12777777777777777 0.09374999999999999
3 0.4292962962962963 0.30879687499999997 0.16609259259259254 0.07298437499999993