3 0.5000404052428894 0.5013020833333334 0.9999191895142212 0.9973958333333334
17 0.23578294251893672 0.12445696164981475 0.27526958874157714 0.24827153792466986
17 0.5389926507928836 0.06477830275539276 0.11746071236031126 0.11547687138893098
17 0.8847762061072321 0.12397690888808541 0.16426950937754378 0.16197951392056475
17 0.8244074999987795 0.10294813283454031 0.11159339057074846 0.1352473272177452
17 0.693251603654437 0.09809228756461835 0.09902300432757148 0.11802043566173355
17 0.7302482354485846 0.09691140901901324 0.07711254833935628 0.09815907624212314
17 0.9285071750827992 0.11604792290684604 0.0839495959582644 0.10963862041330892
23 0.2757886385225624 0.45892892547999736 0.5295321765246721 0.207441184293328
29 0.6274266577673875 0.06532809585276059 0.1565643949002728 0.09269049986907217
7 0.8295266789311296 0.22249756355269953 0.3409466421377408 0.09592493143192567
5 0.9486848920148182 0.16403731244614966 0.10263021597036355 0.1336787669783588