22 0.4981024695036102 0.5229166666666667 0.9962049390072204 0.9541666666666667
17 0.7865409543257154 0.21449351190017915 0.3257334112640449 0.3957899792645407
17 0.141799804552786 0.06325957296560368 0.05722483006993013 0.09956228359943425
17 0.3914129497906072 0.06245796362436746 0.06347039671508191 0.10802295092515637
17 0.2386338955371103 0.0701754178324074 0.06613908378439122 0.09560784025341557
17 0.48453319388581234 0.06380955799687957 0.06855156964654009 0.10242111825087849
17 0.019000491376593223 0.103198391964481 0.038000982753186446 0.11738822595686976
17 0.30477291070116436 0.07247406457504038 0.05401579536115464 0.09429028326990654
24 0.6520038623924086 0.2875958855758714 0.0990488190410413 0.15822367688202613
24 0.08206105676655302 0.3055819280353732 0.16412211353310605 0.16907274276278367
4 0.12979702649915242 0.04576434915066412 0.1178564526540675 0.050527013510636716