2 0.13821089471199566 0.39117060592582575 0.2656045693471755 0.2645337881483485
3 0.3343078697220159 0.37960785917333506 0.16364173274865962 0.03441254761841996
13 0.811456983025638 0.45644995508966857 0.21668886361599948 0.04795157819180981
6 0.4983802430628911 0.4092532659650901 0.15510498847159468 0.11400004464226872
3 0.6823169273168436 0.4366198790610343 0.09122557630195266 0.024328435605711126
3 0.7357408281584865 0.4449513028978194 0.37281544772142666 0.07708306303969543
3 0.6418829247471197 0.4294632620424809 0.1795333112195551 0.04185876433913857
3 0.5940145794610323 0.4210772911277951 0.08194476879552831 0.023195857142543255
15 0.35022476174644807 0.2760451645034912 0.25275947304145213 0.22535310281289705
18 0.6355240482825012 0.34591496794073145 0.10852921366432147 0.1447863944801129
18 0.7491223601857467 0.3531346317669259 0.17298913110308242 0.17301785254263738