3 0.49590139265951966 0.5395833333333333 0.9918027853190393 0.9208333333333333
17 0.28723165082272006 0.08597754856487788 0.06326740884093296 0.07502463744567348
17 0.04258845851739881 0.10877425554636383 0.08517691703479761 0.12796517775939434
17 0.4117549895916872 0.07390542545834294 0.03993094105310972 0.04617879816003763
17 0.0955786824241232 0.09739056114677959 0.07296636860220934 0.12402842667725737
17 0.13251699355196608 0.10765913284576757 0.10449264694893128 0.1337034356057111
4 0.532282581004562 0.06909314988969929 0.10096072658412739 0.07279320914466145
23 0.4731814068161329 0.3177800658801677 0.9463628136322658 0.18972679842700207
7 0.20965391694830754 0.2265051816820035 0.36579380575636883 0.05770313555056076
7 0.29655613137546033 0.22866183590244749 0.1877555149375358 0.04450838690405578
15 0.02817397745704287 0.12870360795442065 0.05634795491408574 0.09386554924217462