9 0.09462593592905248 0.2888993678411656 0.1863090418117864 0.5419929309843354
9 0.18509474048087704 0.19407895744270512 0.1532618650880439 0.3666595275357691
5 0.3312369302337635 0.3687195969914831 0.06253849569329611 0.0717729248702021
5 0.04212243690580882 0.4407187149423835 0.024407329536474003 0.05606257011523302
7 0.16568955883268746 0.3357097412466804 0.09640318021667171 0.05411963688742271
8 0.8550068330195203 0.29835508938206984 0.2849917745887789 0.19350282774681513
8 0.12404652410590887 0.14475813231290718 0.09396495975193067 0.05876167278080005
13 0.38642691271403456 0.6507033789920329 0.7275795170231685 0.6985932420159341
6 0.7835235104909379 0.4404708236566871 0.4329529790181242 0.3407591374150378
3 0.7007144181373095 0.7482410844994087 0.598571163725381 0.4916062350660399
1 0.7801341566977237 0.8394718343675049 0.4397316866045527 0.3033444921700069