17 0.9324074074074075 0.284375 0.05925925925925926 0.036458333333333336
5 0.5041666666666667 0.3341145833333333 0.05648148148148148 0.05572916666666667
5 0.14814814814814814 0.3307291666666667 0.06111111111111111 0.0375
12 0.7162037037037037 0.403125 0.30648148148148147 0.12604166666666666
13 0.49444444444444446 0.6534739583333333 0.9851851851851852 0.6888906250000001
6 0.8722222222222222 0.34296875 0.10925925925925926 0.08697916666666666
3 0.7240740740740741 0.6703125 0.5222222222222223 0.6541666666666667
16 0.13194444444444445 0.47890625 0.262037037037037 0.22239583333333332
3 0.8217592592592593 0.8317708333333333 0.3194444444444444 0.33229166666666665
11 0.42453703703703705 0.29791666666666666 0.03981481481481482 0.041666666666666664
18 0.19166666666666668 0.23489583333333333 0.1648148148148148 0.26979166666666665