5 0.5800854568687462 0.47530731286826106 0.06821814046254468 0.07696529172311403
5 0.500908016078497 0.47816193012279234 0.06101479270103659 0.04187838836114466
7 0.801435948134039 0.4437972840354458 0.15858243558006624 0.10617547640564264
8 0.927125167692234 0.42916121419541864 0.13094601881319637 0.2016561800842587
8 0.7412029280949003 0.4031508847816337 0.05899185227620078 0.12301920548763831
3 0.19876279498788219 0.7978602483795867 0.39752558997576437 0.3959461699074934
3 0.07817759084802996 0.5928422374869192 0.15635518169605991 0.10910719169282833
3 0.1386688655020642 0.7579541555482098 0.2773377310041284 0.23721668890358055
15 0.6073661301129455 0.23012096562722303 0.19694663592425257 0.3056229179855763
15 0.774731493057054 0.3032644970234965 0.13566054402715044 0.11643058344622806
15 0.9148910798265084 0.28247617688196563 0.16077970808872552 0.1676611054573526
12 0.8362979096117494 0.4583850467371356 0.23808342442887392 0.147037279134319
18 0.27176990647620625 0.37170460971693836 0.1818764856542973 0.5165080412330013