17 0.4516642372318354 0.1458222357442288 0.025197895046106197 0.03608295066836356
17 0.06245318212041736 0.15566534955177289 0.059266918113573694 0.06753900578187857
17 0.48998234892501197 0.14426864396351685 0.02621007235823156 0.03713067777954535
17 0.472013044755656 0.14542848929822888 0.025284146432305636 0.03712461733503023
17 0.11292628826879574 0.14986327510343975 0.05312788922545222 0.049279536892636186
23 0.47709818435494555 0.36348208552144096 0.06981484226294983 0.03845718533842397
22 0.5081076303027563 0.5946440266284866 0.9837847393944874 0.8107119467430268
7 0.8067111511798901 0.3838535479392301 0.3865776976402197 0.27766053514215006
23 0.6522100338758636 0.682561467510093 0.4980342260181521 0.3260014329248771
23 0.47342739453858906 0.27439534374338037 0.08441402861226568 0.03594998578399971
19 0.08521468136739818 0.4473411068852123 0.10108324823037046 0.05844278622957546