17 0.8018518518518518 0.06614583333333333 0.08333333333333333 0.13229166666666667
17 0.5305555555555556 0.0484375 0.05 0.096875
17 0.7199074074074074 0.061197916666666664 0.0824074074074074 0.12239583333333333
17 0.5810185185185185 0.03411458333333333 0.028703703703703703 0.05677083333333333
17 0.6407407407407407 0.030208333333333334 0.03148148148148148 0.05520833333333333
17 0.6759259259259259 0.03177083333333333 0.03148148148148148 0.057291666666666664
11 0.11808333333333333 0.12526041666666668 0.22875 0.2453125
12 0.17453703703703705 0.9114583333333334 0.19537037037037036 0.0875
24 0.5592592592592592 0.06770833333333333 0.03518518518518519 0.03854166666666667
24 0.7513888888888889 0.08098958333333334 0.026851851851851852 0.03177083333333333
22 0.49953703703703706 0.5238645833333333 0.9953703703703703 0.952265625
7 0.8865740740740741 0.48359375 0.22314814814814815 0.7338541666666667
5 0.9398148148148148 0.09765625 0.11666666666666667 0.1265625