2 0.4301901361200104 0.26783257361342366 0.17670849591046256 0.08945637537863374
5 0.9643445820087686 0.35691446008840705 0.0713108359824627 0.0698187969394032
8 0.9539315954748737 0.33047253308265817 0.08718459884445127 0.09647832974887767
8 0.8708996041329459 0.32309309063733344 0.08742703030178771 0.10429082974887767
8 0.5049049562257608 0.27551452557076417 0.04826807214929861 0.0647545767850976
11 0.14102261639692068 0.4301705485935361 0.2628769855671135 0.24263276385373883
11 0.6752649023535294 0.2945492390387391 0.05218656950407497 0.04195920113027398
11 0.16397132178565718 0.3050927864622261 0.11805192063401396 0.07751144196274401
15 0.5871577722436824 0.22797030955179085 0.1750897027398514 0.15654684256915927
15 0.964052612793459 0.29314876405862667 0.07189477441308209 0.15880852233229728
3 0.26358343145391905 0.29521267231803694 0.1469495695035868 0.0845134462361712