17 0.19583333333333333 0.18255208333333334 0.06574074074074074 0.1421875
17 0.03611111111111111 0.19296875 0.07222222222222222 0.1390625
17 0.11342592592592593 0.18098958333333334 0.03981481481481482 0.0671875
17 0.3226851851851852 0.13776041666666666 0.032407407407407406 0.03697916666666667
17 0.3486111111111111 0.2296875 0.14907407407407408 0.22291666666666668
3 0.5 0.634375 1 0.73125
16 0.6060185185185185 0.271875 0.20092592592592592 0.14375
4 0.6055555555555555 0.17994791666666668 0.07592592592592592 0.028645833333333332
4 0.8703703703703703 0.23463541666666668 0.25925925925925924 0.1203125
7 0.300462962962963 0.30963541666666666 0.5027777777777778 0.043229166666666666
5 0.449537037037037 0.22786458333333334 0.1398148148148148 0.12760416666666666
18 0.42453703703703705 0.18203125 0.05092592592592592 0.2390625