3 0.499679480672452 0.5309895833333333 0.999358961344904 0.9380208333333333
17 0.24349096678098234 0.09939356965141816 0.06467537328925872 0.07792507123465094
17 0.024676787232724703 0.12834115106283442 0.049353574465449405 0.13168230212566887
17 0.36497580385818923 0.08474014209208398 0.04122555989165364 0.048076011608569696
17 0.055315222079563124 0.11442545548763829 0.07629285106910119 0.1272109531885033
17 0.09411792089717859 0.12390520899278815 0.10788207013967442 0.1385556742799738
4 0.48406771636848966 0.0775705585701417 0.10262756249331241 0.07800252902142425
23 0.4757879431595707 0.32864062829727403 0.9515758863191414 0.24582292326121474
7 0.19664189800032747 0.24102482945096554 0.36459457009743995 0.07895638398866414
7 0.28369778911545557 0.24176771031169775 0.18847471651114883 0.055020197497113205
15 0.011982859572359526 0.1485455755314172 0.023965719144719053 0.09709115106283442