17 0.9161890510123147 0.5852520936069289 0.16762189797537058 0.42041587132346714
17 0.6830042299232906 0.4815648327768901 0.08443859121787038 0.1075461967208959
17 0.6199016444556216 0.48656560291123885 0.0920076688544062 0.11017460434510831
17 0.5408422662478352 0.48057887607064964 0.0692681018989729 0.10176854813913797
17 0.7918754806326415 0.4756723869006884 0.04598766740429028 0.05482688550588743
17 0.4241373848338333 0.4721256793824856 0.0778806802417184 0.0913821826694034
16 0.47297042864583055 0.4907713138800191 0.08611406127434292 0.04506437743905518
8 0.21748552000820573 0.9086001574932845 0.33279545520722364 0.1713669816532357
7 0.5951382396603737 0.770562011576537 0.8097235206792526 0.1083987021163812
7 0.16304100491392703 0.6131694828252494 0.25830984977720295 0.13467229898383218
26 0.31164910698694454 0.3228294877033599 0.10873605344949255 0.06648823685866555
15 0.3588449347397125 0.5760575117729289 0.29374198517588246 0.287882142335242
16 0.13707389445248017 0.4782160772177452 0.244853143386883 0.4845571544354904