3 0.5 0.54453125 1 0.9109375
17 0.32175925925925924 0.07942708333333333 0.05092592592592592 0.0734375
17 0.060648148148148145 0.09947916666666666 0.10092592592592593 0.125
17 0.44583333333333336 0.06848958333333334 0.032407407407407406 0.0453125
17 0.1310185185185185 0.08880208333333334 0.05277777777777778 0.12239583333333333
17 0.16805555555555557 0.09947916666666666 0.0824074074074074 0.13125
4 0.5657407407407408 0.06484375 0.08888888888888889 0.0703125
23 0.48815740740740743 0.31279166666666663 0.9763055555555554 0.16100520833333337
7 0.25 0.21901041666666668 0.3574074074074074 0.04739583333333333
7 0.337037037037037 0.22213541666666667 0.1814814814814815 0.0390625
15 0.04259259259259259 0.11927083333333334 0.08518518518518518 0.09166666666666666