2 0.5012312921030957 0.4538659978509403 0.22283619373137156 0.10320760666336758
2 0.13611607977331305 0.6241589816069201 0.2722321595466261 0.6670679632138402
8 0.29533704476100014 0.49113105005232344 0.17399561878286335 0.2607537935321363
8 0.7066156213619712 0.45078376827883204 0.12402597971877227 0.14809444859023332
3 0.8538403279152943 0.5279574596701567 0.21512435352082768 0.07700216568644128
3 0.8636272386771663 0.5274628147131109 0.16279556609344026 0.047403196894105784
11 0.7987442489972305 0.08358851688420822 0.053685970284311046 0.034834597844045474
15 0.5433863826267695 0.32588780227574415 0.2917784475672477 0.23305223692109228
15 0.16671972968417031 0.29572708465224296 0.247696742086994 0.20265726292747932
12 0.6705552261779372 0.47713122455808676 0.22269674208699405 0.2019202785313116
18 0.8085994032445605 0.42977337253016984 0.3294598170493432 0.2196153237595754
18 0.8978548605247973 0.4279666781609885 0.15196107980099466 0.2065893415496479