17 0.9175925925925926 0.5703125 0.16296296296296298 0.415625
17 0.6509259259259259 0.475 0.06851851851851852 0.10520833333333333
17 0.5884259259259259 0.48203125 0.075 0.1078125
17 0.5092592592592593 0.4786458333333333 0.053703703703703705 0.1
17 0.7597222222222222 0.46536458333333336 0.03796296296296296 0.05364583333333333
17 0.3921296296296296 0.4739583333333333 0.06388888888888888 0.08958333333333333
16 0.44166666666666665 0.49114583333333334 0.07962962962962963 0.042708333333333334
8 0.17685185185185184 0.9184895833333333 0.3537037037037037 0.15989583333333332
7 0.5787037037037037 0.7669270833333334 0.8092592592592592 0.08177083333333333
7 0.12962962962962962 0.62421875 0.2518518518518518 0.1265625
26 0.27546296296296297 0.328125 0.09907407407407408 0.06354166666666666
15 0.33055555555555555 0.5802083333333333 0.25 0.28020833333333334
16 0.0962962962962963 0.48984375 0.19074074074074074 0.4786458333333333