9 0.22070923346768634 0.3590755709384537 0.2835647795459083 0.3783106893260703
5 0.7975088364570454 0.48727349256091457 0.021608745880188365 0.015801873672817615
12 0.9119376020227588 0.516201886356416 0.17612479595448252 0.19249501569089927
12 0.14440127741230158 0.7406900780010743 0.2678576585802508 0.4688801560021486
3 0.2176282853808148 0.6127088051534382 0.24750364683970255 0.11116379811434669
3 0.41834346719471444 0.5643739375015926 0.1353905422354203 0.05908608764747261
3 0.4429498873328698 0.5238019024002512 0.13792051517080084 0.04719792624247792
3 0.306209463045435 0.5560158919474946 0.2418942206662346 0.10837762092433631
3 0.47458253089559005 0.5545056278222534 0.11097169620670663 0.04163070871298326
3 0.5076949946954824 0.5449206076289824 0.08492725492137336 0.035052159604046076
15 0.9272628903034059 0.4104979179264471 0.14547421939318814 0.23827795255083709
15 0.8242947461630666 0.39550554693152357 0.21544230879127033 0.21629139988706048
18 0.12603314536621846 0.3447834753749442 0.24566646132444034 0.3801919507498884