9 0.1685185185185185 0.38567708333333334 0.1574074074074074 0.35885416666666664
5 0.7694444444444445 0.43125 0.016666666666666666 0.013541666666666667
12 0.9138888888888889 0.44114583333333335 0.1648148148148148 0.171875
12 0.1375 0.78046875 0.275 0.4390625
3 0.2462962962962963 0.6356770833333333 0.2222222222222222 0.08072916666666667
3 0.42592592592592593 0.56015625 0.12222222222222222 0.0421875
3 0.43703703703703706 0.5166666666666667 0.12962962962962962 0.029166666666666667
3 0.3143518518518518 0.5674479166666667 0.2175925925925926 0.07864583333333333
3 0.4773148148148148 0.5424479166666667 0.10277777777777777 0.027604166666666666
3 0.5064814814814815 0.5283854166666667 0.07777777777777778 0.024479166666666666
15 0.9171296296296296 0.33229166666666665 0.16203703703703703 0.21979166666666666
15 0.7662037037037037 0.3372395833333333 0.14722222222222223 0.19739583333333333
18 0.06574074074074074 0.38567708333333334 0.12962962962962962 0.3651041666666667