10 0.18726138430912598 0.8474577883308589 0.0855199028374083 0.04310891037226909
10 0.22636167218855738 0.7957942166060953 0.11492326310685733 0.03669070669365316
9 0.23406588503787346 0.2540696364764081 0.1496132515572284 0.4987495458312713
2 0.7342157900393116 0.3481681684371553 0.08738791678641578 0.0436843351423556
2 0.5867349742625972 0.33549481588194513 0.08670442231782628 0.05146953942397907
5 0.925904356657688 0.3694297342819199 0.04279801346756968 0.037686640660279616
10 0.3730203239433405 0.871406515339509 0.07757445983581306 0.05536324890687989
12 0.6579747032188484 0.33577366953027543 0.049667385280789254 0.05037771068891565
6 0.8832067104335829 0.3647887145699304 0.052202731601230595 0.04264709784404535
3 0.18282957502791844 0.6748288340492355 0.33391679124193013 0.3267410014318045
10 0.42637783428571313 0.8022109251087708 0.0819778201052622 0.048208060832096084