17 0.5273148148148148 0.19764328708440473 0.13148148148148148 0.22115299806967728
17 0.6587962962962963 0.1879486223480608 0.09074074074074075 0.1367523038321247
17 0.712037037037037 0.17665794237853188 0.05092592592592592 0.07216753446360738
17 0.9592592592592593 0.19283725234611057 0.08148148148148149 0.13911388847510514
17 0.8949074074074074 0.21197111407739624 0.07037037037037037 0.11017695671334841
17 0.09537037037037037 0.21286598848936553 0.1648148148148148 0.2840054600216142
17 0.37824074074074077 0.13748635766575243 0.08981481481481482 0.08047804562975606
17 0.8268518518518518 0.20542075861815645 0.0962962962962963 0.12648118637966974
17 0.7907407407407407 0.17016891184386593 0.046296296296296294 0.0741295767850976
17 0.4759259259259259 0.14690628398252978 0.05740740740740741 0.06452484188018773
24 0.637962962962963 0.23380693190135476 0.062037037037037036 0.06464613289203076
24 0.9518518518518518 0.24381256796505954 0.0712962962962963 0.07009704824905032