2 0.1654878844024326 0.3504480201272878 0.3309757688048652 0.2875728518049852
3 0.35049096355018894 0.35672722725492095 0.16919918579113008 0.053324809759684774
13 0.7826040166964975 0.47621842266552883 0.22569770059515606 0.07300946856846859
6 0.4975358940019827 0.4009866109057223 0.19067138214885812 0.12878571560468852
3 0.6654141577871098 0.4447001850032297 0.09704075532480375 0.03479026151063446
3 0.7137338644624075 0.45799783361102625 0.3853412685060789 0.12036252963780049
3 0.6289698379919685 0.4342121797646411 0.18724978716155122 0.06263988227135518
3 0.5857157822164499 0.4213019443771506 0.08767372929429064 0.03246434615361492
15 0.4084280755017406 0.25560492638657634 0.3253561416571457 0.24778260573392655
18 0.6573276412233796 0.35076896650305706 0.15767838245183072 0.15236732878371625
18 0.7641472855740258 0.36825538592711293 0.22979996285507465 0.188065118830398