2 0.5430555555555555 0.4393229166666667 0.2064814814814815 0.09114583333333333
2 0.12777777777777777 0.6091145833333333 0.25555555555555554 0.6515625
8 0.337037037037037 0.47630208333333335 0.12962962962962962 0.2526041666666667
8 0.7486111111111111 0.4361979166666667 0.09907407407407408 0.1421875
3 0.8953703703703704 0.51328125 0.2037037037037037 0.06510416666666667
3 0.9046296296296297 0.5127604166666667 0.15555555555555556 0.03802083333333333
11 0.8444444444444444 0.06953125 0.04814814814814815 0.03177083333333333
15 0.586574074074074 0.31145833333333334 0.25277777777777777 0.21770833333333334
15 0.21064814814814814 0.28125 0.21388888888888888 0.18958333333333333
12 0.712037037037037 0.4625 0.18888888888888888 0.190625
18 0.850462962962963 0.41510416666666666 0.2935185185185185 0.20208333333333334
18 0.9398148148148148 0.41328125 0.11666666666666667 0.19947916666666668