10 0.12728402204666633 0.7960138388796971 0.09493807399041525 0.050361011092727635
10 0.17891188957231588 0.749693400838354 0.12789390401607267 0.047042460226798255
9 0.34973103274212275 0.23757054964701482 0.3624250284472084 0.47183190990138846
2 0.8198117654786469 0.3644574257275041 0.10425126229362823 0.05097275622256205
2 0.6769184290691153 0.3378196953438453 0.10593219483490572 0.05827351406887888
5 0.9881240090403626 0.4037392969389264 0.02375198191927489 0.040631455086373336
10 0.30270589020541977 0.8375394571149681 0.0997742876171464 0.06133487581132802
12 0.7474999495259437 0.34501649607409557 0.07031557729809114 0.05376138257550795
6 0.964062460165734 0.39527091395747976 0.06956057068273915 0.04646971590884128
3 0.2259338219434445 0.6276235319257865 0.35813896549537866 0.3500387305182395
10 0.3767629959645559 0.7755699730778614 0.10097899094155394 0.05510305817062857