10 0.17201851851851852 0.8459791666666666 0.08291666666666668 0.03987499999999997
10 0.2111111111111111 0.7926354166666666 0.11296296296296296 0.03229166666666667
9 0.21851851851851853 0.24895833333333334 0.11851851851851852 0.49583333333333335
2 0.7185185185185186 0.32473958333333336 0.08518518518518518 0.04010416666666667
2 0.5712962962962963 0.3177083333333333 0.08333333333333333 0.04791666666666667
5 0.9101851851851852 0.33828125 0.040740740740740744 0.0359375
10 0.35764814814814816 0.8626406249999999 0.07455555555555554 0.052359375000000104
12 0.6422962962962963 0.31527083333333333 0.04650000000000003 0.04861458333333329
6 0.8675925925925926 0.33541666666666664 0.05 0.040625
3 0.16205555555555556 0.6736406250000001 0.3241111111111111 0.31416145833333337
10 0.41087962962962965 0.7913072916666667 0.07917592592592591 0.04511458333333328