3 0.5 0.5 1 1
17 0.22140780283849276 0.09918449310208283 0.13061137227997158 0.14116540870357172
17 0.14918558061627055 0.10155062990555089 0.10173528259894808 0.13189168766629594
17 0.5696320185538862 0.039371335393101684 0.05778515043496226 0.06487127365399427
17 0.035303051842424674 0.12694193159826597 0.07060610368484935 0.10236613680346807
17 0.25090308027442526 0.08234352118786174 0.08822283933327832 0.10490449644516063
17 0.06213205804277585 0.12756404389432355 0.0865002769644163 0.11109382627071275
7 0.4841306890162502 0.6836645555299031 0.5763006792559126 0.6184740681193853
7 0.2743081856331334 0.18098847295586978 0.390332621448942 0.08253240330072552
4 0.7364869080321623 0.06137392296998722 0.2603595172690087 0.12274784593997444
24 0.6709339388453118 0.465188543346785 0.3632476310912826 0.33876234191455384