17 0.4129379086117346 0.16094044926824722 0.026131346800903017 0.03711330479728604
17 0.026675360510656197 0.16559575427342718 0.05335072102131239 0.06973317521352106
17 0.4514284829262835 0.15986383133321158 0.027089596921140397 0.03817922966632139
17 0.4333244410792607 0.16095329638702352 0.02616367099521447 0.03815497146395271
17 0.07424530808273865 0.16066782630251694 0.05340341317880452 0.051358459332642666
23 0.4270235663825393 0.37893417548820785 0.06974683790235611 0.041378440308611174
22 0.49710698460911945 0.5932291666666667 0.9942139692182389 0.8135416666666667
7 0.7765306224192887 0.4039891926502125 0.4319241669037242 0.29389849848245897
23 0.5857074487817797 0.7002762516526299 0.5010359966289579 0.34462768058870147
23 0.42792735209574406 0.29008357575013727 0.085406768157318 0.039186663082211005
19 0.04105872535132481 0.4582805474219839 0.08211745070264961 0.06239442817730113