17 0.8091209548365376 0.6064253199636782 0.33008828509746857 0.432956690376907
17 0.6264960595980456 0.4806933429849471 0.12173430062151296 0.1144663504270421
17 0.5627526739153723 0.4800234089483818 0.12936804634970026 0.11830624937932441
17 0.48913715718436745 0.46713244423905564 0.1046149573132867 0.10673803611774027
17 0.7353511432844837 0.48434129177211666 0.06466785615193742 0.05889270802299554
17 0.37936790897502254 0.4484288451899566 0.10872724220970513 0.0985259937962501
16 0.41769535768185556 0.4713440758214393 0.0995620349246912 0.055127019713003024
8 0.07797903971108763 0.8543749768406362 0.15595807942217527 0.21104171298539426
7 0.4106583559697356 0.7573964432738942 0.8213167119394712 0.21834350909622793
7 0.10295555615495723 0.5627924958646677 0.20591111230991446 0.16504000827066462
26 0.34333179152687404 0.29181712620720324 0.12972077069055105 0.07931652398643022
15 0.2652144473930646 0.545017054867085 0.3894474574075288 0.3169949476141142
16 0.15254553913053442 0.4273622640616328 0.30509107826106885 0.49840047187673436