17 0.8959159611533871 0.2640599578885421 0.0709563966543745 0.041509944718726884
5 0.4907359093192132 0.3414779318634261 0.0743607734578179 0.06028418977951387
5 0.13952207615416146 0.3613323531849653 0.07289449989242584 0.04257585644618066
12 0.7223417305974548 0.39627692974170176 0.34659320748579264 0.15333456680539376
13 0.5112773687455892 0.6361979166666667 0.9774452625088217 0.7276041666666667
6 0.8557422368015388 0.3262263705659263 0.13747850577378729 0.09648882092175934
3 0.7247375536549185 0.6561614761267826 0.5505248926901629 0.687677047746435
16 0.1855660692907917 0.5096914922109954 0.30696110724912956 0.2443829844219909
3 0.8768444674788861 0.814265605431644 0.24631106504222783 0.35807012145337985
11 0.4007777448125264 0.3106448527412386 0.05366568391348021 0.044925449974583385
18 0.15083732744929976 0.2634098429898959 0.25283125251730443 0.283214720870926