17 0.11481481481481481 0.171875 0.07222222222222222 0.10520833333333333
17 0.03287037037037037 0.16901041666666666 0.05462962962962963 0.10885416666666667
4 0.5853981481481482 0.18419791666666668 0.2337592592592593 0.10172916666666669
17 0.6888888888888889 0.17526041666666667 0.03518518518518519 0.06614583333333333
17 0.8893518518518518 0.41458333333333336 0.21944444444444444 0.684375
17 0.35694444444444445 0.16041666666666668 0.03425925925925926 0.03333333333333333
17 0.41898148148148145 0.16588541666666667 0.03796296296296296 0.05677083333333333
17 0.13935185185185187 0.16354166666666667 0.041666666666666664 0.08229166666666667
24 0.687037037037037 0.4205729166666667 0.2111111111111111 0.21614583333333334
22 0.5004166666666667 0.6833958333333333 0.993425925925926 0.629046875
24 0.41087962962962965 0.43175520833333336 0.2273148148148148 0.22705729166666663