17 0.4531600278062449 0.20997213866867917 0.0818709663797045 0.12458925736777454
17 0.563246192940155 0.21567422088027505 0.06346131095325307 0.09568579409691272
17 0.2461972263254966 0.19150362811193405 0.07135003835992751 0.11089604367903227
17 0.10448793976174689 0.17384310739415537 0.047586804696787985 0.06422362826600689
17 0.1390140904895772 0.1772684147091684 0.04042202589717245 0.06670655731501303
17 0.17204839506092656 0.19445034125089214 0.06350983667481161 0.09620662743024605
5 0.80427680888449 0.31376125244077546 0.39144638223102 0.24565479546028873
24 0.2914528277793243 0.23566759569350382 0.05421780055926151 0.05601153255033407
24 0.3672797336539751 0.24080895392342003 0.057044104058597556 0.056577829990290006
4 0.5515022788406266 0.2136618704360139 0.11113601353476825 0.06162346938499521
22 0.5106513958820625 0.6143229166666667 0.9786972082358749 0.7713541666666667