17 0.8341062628952405 0.5836713191366117 0.28567912486208163 0.4770320220561075
17 0.7786080588981188 0.45018888510004645 0.12528809549910735 0.12703912503414802
17 0.6685095895290075 0.4442335736164298 0.12023812327374378 0.12014700068897154
17 0.45434293071232235 0.4170853638695024 0.10908291671378781 0.10425516046291676
17 0.8395795475045239 0.4433916395115685 0.059876556293179166 0.056167250344485824
21 0.7886977170274428 0.42912509884421124 0.17716933123355316 0.08419952564056317
7 0.4200395956291722 0.8316337459344667 0.8400791912583444 0.2565241747977332
7 0.106335919400404 0.5798829630551933 0.212671838800808 0.17877574055628004
7 0.26151229727079256 0.5462049887655555 0.5230245945415851 0.3117566891355558
13 0.24360954182971625 0.40908669644406515 0.15346269306658086 0.10437788750994367
26 0.38782768720328875 0.24515259043394874 0.1421458162774964 0.0858818806172223
15 0.2825483676190516 0.5487228156887479 0.46354800445087296 0.39381431279176077