17 0.45046296296296295 0.14817708333333332 0.021296296296296296 0.0359375
17 0.06018518518518518 0.1515625 0.05185185185185185 0.06666666666666667
17 0.4888888888888889 0.14713541666666666 0.022222222222222223 0.03697916666666667
17 0.4708333333333333 0.14817708333333332 0.021296296296296296 0.03697916666666667
17 0.11157407407407408 0.14661458333333333 0.04722222222222222 0.0484375
23 0.45096296296296295 0.36594270833333337 0.06524999999999997 0.03745833333333337
22 0.5009259259259259 0.6 0.9981481481481481 0.7979166666666667
7 0.799074074074074 0.3919270833333333 0.39814814814814814 0.2713541666666667
23 0.5896851851851852 0.6873385416666667 0.46138888888888885 0.3184791666666667
23 0.45739814814814816 0.27698437499999995 0.08084259259259254 0.034463541666666674
19 0.048888888888888885 0.44356249999999997 0.09672222222222222 0.05690625