2 0.5085854252776345 0.4269451881326404 0.2403440442746924 0.11899892513400966
2 0.21428493665276946 0.64982406164789 0.4285698733055389 0.6743102100375533
8 0.3216497693613793 0.4922232892585896 0.2332079360633506 0.26622805674305994
8 0.7082628502723277 0.3945202604913483 0.15682819954262459 0.15355734723312178
3 0.8797790430488133 0.44820432519630493 0.2231386714289013 0.09268447382760693
3 0.8899965506047459 0.44647512347202173 0.16784104613715778 0.05949867973069421
11 0.6626609631515693 0.02612082253494966 0.06002422203361583 0.03794906760795052
15 0.5024826598769597 0.29688082447027886 0.33838639729351916 0.2497265261280551
15 0.13386470634416284 0.320949342108822 0.2677294126883257 0.21643464911568935
12 0.6826325640427523 0.42539818745095237 0.2645271569889269 0.21415430465365784
18 0.7996931349223475 0.359701766341674 0.37150424815520267 0.23985542874086055
18 0.8865365620859839 0.3452639683519338 0.19784971619867794 0.21254233276138013