2 0.3818170100205757 0.24884328207499504 0.16994244376855974 0.0840798959744518
5 0.9263564992699996 0.28637099370695557 0.07771544680814824 0.06783595318850336
8 0.9070313604091148 0.2617110828445738 0.07791018146971199 0.09489199080346004
8 0.8242471946993206 0.2620707163059447 0.07640314826016484 0.10317073270004021
8 0.4562462912318926 0.24925014341234675 0.04147502870617296 0.06364642017181647
11 0.11082552673736601 0.43846052709950717 0.22165105347473202 0.23662061246765234
11 0.6276715074314193 0.2522597043201571 0.04793418484724283 0.04094811925216248
11 0.11798006360637814 0.31124182251638005 0.11128584295806594 0.07454776571672699
15 0.5357485493088269 0.19410636759456862 0.15982423460460918 0.1524477559171796
15 0.9401830571892589 0.2204184450864366 0.10541011662641987 0.15604564186629447
3 0.21680707345656333 0.2919422263684622 0.14020505831320998 0.0806022663197344