3 0.5008620466057614 0.5191970686990022 0.9982759067884773 0.9616058626019957
17 0.3655175502077985 0.08292980653328982 0.09059452763633755 0.1310079376784416
17 0.2948346879428396 0.07560801229664013 0.06260123820711953 0.1257087007543121
17 0.7224939343123252 0.07134351366504568 0.03955852335888903 0.061058704787728235
17 0.16645425171629644 0.08384169893399576 0.060468447033127704 0.09653900396795224
17 0.3992595815036009 0.0703176921046412 0.057798425081070144 0.09913408027553926
17 0.20186572413549395 0.08919530438565394 0.054374886524238865 0.10589279313009978
17 0.012621241021728517 0.08121969880306794 0.02282875154732526 0.1042272690605308
7 0.45738869159804635 0.7030256529752257 0.39760872058662633 0.5923669715696953
7 0.39461188449753115 0.17060689490839334 0.3900742029718108 0.029918483604479816
4 0.885124015478457 0.09633559111191457 0.2222268672738273 0.1350840480082102
24 0.7029245037121612 0.5047995668459538 0.27102696960316924 0.30761623672773764